tick,Counter_01_slot_x,Counter_01_slot_y,Counter_01_item,CuttingBoard_02_slot_x,CuttingBoard_02_slot_y,CuttingBoard_02_item,CuttingBoard_02_cut_time_accumulated,CuttingBoard_02_cut_stage,CuttingBoard_03_slot_x,CuttingBoard_03_slot_y,CuttingBoard_03_item,CuttingBoard_03_cut_time_accumulated,CuttingBoard_03_cut_stage,Counter_22_slot_x,Counter_22_slot_y,Counter_22_item,Counter_23_slot_x,Counter_23_slot_y,Counter_23_item,Counter_24_slot_x,Counter_24_slot_y,Counter_24_item,Counter_25_slot_x,Counter_25_slot_y,Counter_25_item,Dispenser_40_slot_x,Dispenser_40_slot_y,Dispenser_40_item,Dispenser_50_slot_x,Dispenser_50_slot_y,Dispenser_50_item,Dispenser_60_slot_x,Dispenser_60_slot_y,Dispenser_60_item,Delivery_63_slot_x,Delivery_63_slot_y,Delivery_63_item,Delivery_64_slot_x,Delivery_64_slot_y,Delivery_64_item,Dispenser_71_slot_x,Dispenser_71_slot_y,Dispenser_71_item,Delivery_73_slot_x,Delivery_73_slot_y,Delivery_73_item,Delivery_74_slot_x,Delivery_74_slot_y,Delivery_74_item,55a06f6714b1ea36_score,player_0ee964f2_x,player_0ee964f2_y,player_0ee964f2_move_target,player_0ee964f2_item,player_0ee964f2_score,player_0ee964f2_cut_speed,player_0ee964f2_speed,player_2a89945c_x,player_2a89945c_y,player_2a89945c_move_target,player_2a89945c_item,player_2a89945c_score,player_2a89945c_cut_speed,player_2a89945c_speed
1,0,1,,0,2,,0.0,0,0,3,,0.0,0,2,2,,2,3,,2,4,,2,5,,4,0,tomato,5,0,tomato,6,0,plate,6,3,,6,4,,7,1,plate,7,3,,7,4,,0,24.0,40.0,,,0,1.0,30.0,88.0,40.0,,,0,1.0,30.0
2,0,1,,0,2,,0.0,0,0,3,,0.0,0,2,2,,2,3,,2,4,,2,5,,4,0,tomato,5,0,tomato,6,0,plate,6,3,,6,4,,7,1,plate,7,3,,7,4,,0,24.0,40.0,,,0,1.0,30.0,88.0,40.0,,,0,1.0,30.0
3,0,1,,0,2,,0.0,0,0,3,,0.0,0,2,2,,2,3,,2,4,,2,5,,4,0,tomato,5,0,tomato,6,0,plate,6,3,,6,4,,7,1,plate,7,3,,7,4,,0,24.0,40.0,,,0,1.0,30.0,88.0,40.0,,,0,1.0,30.0
4,0,1,,0,2,,0.0,0,0,3,,0.0,0,2,2,,2,3,,2,4,,2,5,,4,0,tomato,5,0,tomato,6,0,plate,6,3,,6,4,,7,1,plate,7,3,,7,4,,0,24.0,40.0,,,0,1.0,30.0,88.0,40.0,,,0,1.0,30.0
5,0,1,,0,2,,0.0,0,0,3,,0.0,0,2,2,,2,3,,2,4,,2,5,,4,0,tomato,5,0,tomato,6,0,plate,6,3,,6,4,,7,1,plate,7,3,,7,4,,0,24.0,40.0,,,0,1.0,30.0,88.0,40.0,,,0,1.0,30.0
6,0,1,,0,2,,0.0,0,0,3,,0.0,0,2,2,,2,3,,2,4,,2,5,,4,0,tomato,5,0,tomato,6,0,plate,6,3,,6,4,,7,1,plate,7,3,,7,4,,0,24.0,40.0,,,0,1.0,30.0,88.0,40.0,,,0,1.0,30.0
7,0,1,,0,2,,0.0,0,0,3,,0.0,0,2,2,,2,3,,2,4,,2,5,,4,0,tomato,5,0,tomato,6,0,plate,6,3,,6,4,,7,1,plate,7,3,,7,4,,0,24.0,40.0,,,0,1.0,30.0,88.0,40.0,,,0,1.0,30.0
8,0,1,,0,2,,0.0,0,0,3,,0.0,0,2,2,,2,3,,2,4,,2,5,,4,0,tomato,5,0,tomato,6,0,plate,6,3,,6,4,,7,1,plate,7,3,,7,4,,0,24.0,40.0,,,0,1.0,30.0,88.0,40.0,,,0,1.0,30.0
9,0,1,,0,2,,0.0,0,0,3,,0.0,0,2,2,,2,3,,2,4,,2,5,,4,0,tomato,5,0,tomato,6,0,plate,6,3,,6,4,,7,1,plate,7,3,,7,4,,0,24.0,40.0,,,0,1.0,30.0,88.0,40.0,,,0,1.0,30.0
10,0,1,,0,2,,0.0,0,0,3,,0.0,0,2,2,,2,3,,2,4,,2,5,,4,0,tomato,5,0,tomato,6,0,plate,6,3,,6,4,,7,1,plate,7,3,,7,4,,0,24.0,40.0,,,0,1.0,30.0,88.0,40.0,,,0,1.0,30.0
11,0,1,,0,2,,0.0,0,0,3,,0.0,0,2,2,,2,3,,2,4,,2,5,,4,0,tomato,5,0,tomato,6,0,plate,6,3,,6,4,,7,1,plate,7,3,,7,4,,0,24.0,40.0,,,0,1.0,30.0,88.0,40.0,,,0,1.0,30.0
12,0,1,,0,2,,0.0,0,0,3,,0.0,0,2,2,,2,3,,2,4,,2,5,,4,0,tomato,5,0,tomato,6,0,plate,6,3,,6,4,,7,1,plate,7,3,,7,4,,0,24.0,40.0,,,0,1.0,30.0,88.0,40.0,,,0,1.0,30.0
13,0,1,,0,2,,0.0,0,0,3,,0.0,0,2,2,,2,3,,2,4,,2,5,,4,0,tomato,5,0,tomato,6,0,plate,6,3,,6,4,,7,1,plate,7,3,,7,4,,0,24.0,40.0,,,0,1.0,30.0,88.0,40.0,,,0,1.0,30.0
14,0,1,,0,2,,0.0,0,0,3,,0.0,0,2,2,,2,3,,2,4,,2,5,,4,0,tomato,5,0,tomato,6,0,plate,6,3,,6,4,,7,1,plate,7,3,,7,4,,0,24.0,40.0,,,0,1.0,30.0,88.0,40.0,,,0,1.0,30.0
15,0,1,,0,2,,0.0,0,0,3,,0.0,0,2,2,,2,3,,2,4,,2,5,,4,0,tomato,5,0,tomato,6,0,plate,6,3,,6,4,,7,1,plate,7,3,,7,4,,0,24.0,40.0,,,0,1.0,30.0,88.0,40.0,,,0,1.0,30.0
16,0,1,,0,2,,0.0,0,0,3,,0.0,0,2,2,,2,3,,2,4,,2,5,,4,0,tomato,5,0,tomato,6,0,plate,6,3,,6,4,,7,1,plate,7,3,,7,4,,0,24.0,40.0,,,0,1.0,30.0,88.0,40.0,,,0,1.0,30.0
17,0,1,,0,2,,0.0,0,0,3,,0.0,0,2,2,,2,3,,2,4,,2,5,,4,0,tomato,5,0,tomato,6,0,plate,6,3,,6,4,,7,1,plate,7,3,,7,4,,0,24.0,40.0,,,0,1.0,30.0,88.0,40.0,,,0,1.0,30.0
18,0,1,,0,2,,0.0,0,0,3,,0.0,0,2,2,,2,3,,2,4,,2,5,,4,0,tomato,5,0,tomato,6,0,plate,6,3,,6,4,,7,1,plate,7,3,,7,4,,0,24.0,40.0,,,0,1.0,30.0,88.0,40.0,,,0,1.0,30.0
19,0,1,,0,2,,0.0,0,0,3,,0.0,0,2,2,,2,3,,2,4,,2,5,,4,0,tomato,5,0,tomato,6,0,plate,6,3,,6,4,,7,1,plate,7,3,,7,4,,0,24.0,40.0,,,0,1.0,30.0,88.0,40.0,,,0,1.0,30.0
20,0,1,,0,2,,0.0,0,0,3,,0.0,0,2,2,,2,3,,2,4,,2,5,,4,0,tomato,5,0,tomato,6,0,plate,6,3,,6,4,,7,1,plate,7,3,,7,4,,0,24.0,40.0,,,0,1.0,30.0,88.0,40.0,,,0,1.0,30.0
21,0,1,,0,2,,0.0,0,0,3,,0.0,0,2,2,,2,3,,2,4,,2,5,,4,0,tomato,5,0,tomato,6,0,plate,6,3,,6,4,,7,1,plate,7,3,,7,4,,0,24.0,40.0,,,0,1.0,30.0,88.0,40.0,,,0,1.0,30.0
22,0,1,,0,2,,0.0,0,0,3,,0.0,0,2,2,,2,3,,2,4,,2,5,,4,0,tomato,5,0,tomato,6,0,plate,6,3,,6,4,,7,1,plate,7,3,,7,4,,0,24.0,40.0,,,0,1.0,30.0,88.0,40.0,,,0,1.0,30.0
23,0,1,,0,2,,0.0,0,0,3,,0.0,0,2,2,,2,3,,2,4,,2,5,,4,0,tomato,5,0,tomato,6,0,plate,6,3,,6,4,,7,1,plate,7,3,,7,4,,0,24.0,40.0,,,0,1.0,30.0,88.0,40.0,,,0,1.0,30.0
24,0,1,,0,2,,0.0,0,0,3,,0.0,0,2,2,,2,3,,2,4,,2,5,,4,0,tomato,5,0,tomato,6,0,plate,6,3,,6,4,,7,1,plate,7,3,,7,4,,0,24.0,40.0,,,0,1.0,30.0,88.0,40.0,,,0,1.0,30.0
25,0,1,,0,2,,0.0,0,0,3,,0.0,0,2,2,,2,3,,2,4,,2,5,,4,0,tomato,5,0,tomato,6,0,plate,6,3,,6,4,,7,1,plate,7,3,,7,4,,0,24.0,40.0,,,0,1.0,30.0,88.0,40.0,,,0,1.0,30.0
26,0,1,,0,2,,0.0,0,0,3,,0.0,0,2,2,,2,3,,2,4,,2,5,,4,0,tomato,5,0,tomato,6,0,plate,6,3,,6,4,,7,1,plate,7,3,,7,4,,0,24.0,40.0,,,0,1.0,30.0,88.0,40.0,,,0,1.0,30.0
27,0,1,,0,2,,0.0,0,0,3,,0.0,0,2,2,,2,3,,2,4,,2,5,,4,0,tomato,5,0,tomato,6,0,plate,6,3,,6,4,,7,1,plate,7,3,,7,4,,0,24.0,40.0,,,0,1.0,30.0,88.0,40.0,,,0,1.0,30.0
28,0,1,,0,2,,0.0,0,0,3,,0.0,0,2,2,,2,3,,2,4,,2,5,,4,0,tomato,5,0,tomato,6,0,plate,6,3,,6,4,,7,1,plate,7,3,,7,4,,0,24.0,40.0,,,0,1.0,30.0,88.0,40.0,,,0,1.0,30.0
29,0,1,,0,2,,0.0,0,0,3,,0.0,0,2,2,,2,3,,2,4,,2,5,,4,0,tomato,5,0,tomato,6,0,plate,6,3,,6,4,,7,1,plate,7,3,,7,4,,0,24.0,40.0,,,0,1.0,30.0,88.0,40.0,,,0,1.0,30.0
30,0,1,,0,2,,0.0,0,0,3,,0.0,0,2,2,,2,3,,2,4,,2,5,,4,0,tomato,5,0,tomato,6,0,plate,6,3,,6,4,,7,1,plate,7,3,,7,4,,0,24.0,40.0,,,0,1.0,30.0,88.0,40.0,,,0,1.0,30.0
31,0,1,,0,2,,0.0,0,0,3,,0.0,0,2,2,,2,3,,2,4,,2,5,,4,0,tomato,5,0,tomato,6,0,plate,6,3,,6,4,,7,1,plate,7,3,,7,4,,0,24.0,40.0,,,0,1.0,30.0,88.0,40.0,,,0,1.0,30.0
32,0,1,,0,2,,0.0,0,0,3,,0.0,0,2,2,,2,3,,2,4,,2,5,,4,0,tomato,5,0,tomato,6,0,plate,6,3,,6,4,,7,1,plate,7,3,,7,4,,0,24.0,40.0,,,0,1.0,30.0,88.0,40.0,,,0,1.0,30.0
33,0,1,,0,2,,0.0,0,0,3,,0.0,0,2,2,,2,3,,2,4,,2,5,,4,0,tomato,5,0,tomato,6,0,plate,6,3,,6,4,,7,1,plate,7,3,,7,4,,0,24.0,40.0,,,0,1.0,30.0,88.0,40.0,,,0,1.0,30.0
34,0,1,,0,2,,0.0,0,0,3,,0.0,0,2,2,,2,3,,2,4,,2,5,,4,0,tomato,5,0,tomato,6,0,plate,6,3,,6,4,,7,1,plate,7,3,,7,4,,0,24.0,40.0,,,0,1.0,30.0,88.0,40.0,,,0,1.0,30.0
35,0,1,,0,2,,0.0,0,0,3,,0.0,0,2,2,,2,3,,2,4,,2,5,,4,0,tomato,5,0,tomato,6,0,plate,6,3,,6,4,,7,1,plate,7,3,,7,4,,0,24.0,40.0,,,0,1.0,30.0,88.0,40.0,,,0,1.0,30.0
36,0,1,,0,2,,0.0,0,0,3,,0.0,0,2,2,,2,3,,2,4,,2,5,,4,0,tomato,5,0,tomato,6,0,plate,6,3,,6,4,,7,1,plate,7,3,,7,4,,0,24.0,40.0,,,0,1.0,30.0,88.0,40.0,,,0,1.0,30.0
37,0,1,,0,2,,0.0,0,0,3,,0.0,0,2,2,,2,3,,2,4,,2,5,,4,0,tomato,5,0,tomato,6,0,plate,6,3,,6,4,,7,1,plate,7,3,,7,4,,0,24.0,40.0,,,0,1.0,30.0,88.0,40.0,,,0,1.0,30.0
38,0,1,,0,2,,0.0,0,0,3,,0.0,0,2,2,,2,3,,2,4,,2,5,,4,0,tomato,5,0,tomato,6,0,plate,6,3,,6,4,,7,1,plate,7,3,,7,4,,0,24.0,40.0,,,0,1.0,30.0,88.0,40.0,,,0,1.0,30.0
39,0,1,,0,2,,0.0,0,0,3,,0.0,0,2,2,,2,3,,2,4,,2,5,,4,0,tomato,5,0,tomato,6,0,plate,6,3,,6,4,,7,1,plate,7,3,,7,4,,0,24.0,40.0,,,0,1.0,30.0,88.0,40.0,,,0,1.0,30.0
40,0,1,,0,2,,0.0,0,0,3,,0.0,0,2,2,,2,3,,2,4,,2,5,,4,0,tomato,5,0,tomato,6,0,plate,6,3,,6,4,,7,1,plate,7,3,,7,4,,0,24.0,40.0,,,0,1.0,30.0,88.0,40.0,,,0,1.0,30.0
41,0,1,,0,2,,0.0,0,0,3,,0.0,0,2,2,,2,3,,2,4,,2,5,,4,0,tomato,5,0,tomato,6,0,plate,6,3,,6,4,,7,1,plate,7,3,,7,4,,0,24.0,40.0,,,0,1.0,30.0,88.0,40.0,,,0,1.0,30.0
42,0,1,,0,2,,0.0,0,0,3,,0.0,0,2,2,,2,3,,2,4,,2,5,,4,0,tomato,5,0,tomato,6,0,plate,6,3,,6,4,,7,1,plate,7,3,,7,4,,0,24.0,40.0,,,0,1.0,30.0,88.0,40.0,,,0,1.0,30.0
43,0,1,,0,2,,0.0,0,0,3,,0.0,0,2,2,,2,3,,2,4,,2,5,,4,0,tomato,5,0,tomato,6,0,plate,6,3,,6,4,,7,1,plate,7,3,,7,4,,0,24.0,40.0,,,0,1.0,30.0,88.0,40.0,,,0,1.0,30.0
44,0,1,,0,2,,0.0,0,0,3,,0.0,0,2,2,,2,3,,2,4,,2,5,,4,0,tomato,5,0,tomato,6,0,plate,6,3,,6,4,,7,1,plate,7,3,,7,4,,0,24.0,40.0,,,0,1.0,30.0,88.0,40.0,,,0,1.0,30.0
45,0,1,,0,2,,0.0,0,0,3,,0.0,0,2,2,,2,3,,2,4,,2,5,,4,0,tomato,5,0,tomato,6,0,plate,6,3,,6,4,,7,1,plate,7,3,,7,4,,0,24.0,40.0,,,0,1.0,30.0,88.0,40.0,,,0,1.0,30.0
46,0,1,,0,2,,0.0,0,0,3,,0.0,0,2,2,,2,3,,2,4,,2,5,,4,0,tomato,5,0,tomato,6,0,plate,6,3,,6,4,,7,1,plate,7,3,,7,4,,0,24.0,40.0,,,0,1.0,30.0,88.0,40.0,,,0,1.0,30.0
47,0,1,,0,2,,0.0,0,0,3,,0.0,0,2,2,,2,3,,2,4,,2,5,,4,0,tomato,5,0,tomato,6,0,plate,6,3,,6,4,,7,1,plate,7,3,,7,4,,0,24.0,40.0,,,0,1.0,30.0,88.0,40.0,,,0,1.0,30.0
48,0,1,,0,2,,0.0,0,0,3,,0.0,0,2,2,,2,3,,2,4,,2,5,,4,0,tomato,5,0,tomato,6,0,plate,6,3,,6,4,,7,1,plate,7,3,,7,4,,0,24.0,40.0,,,0,1.0,30.0,88.0,40.0,,,0,1.0,30.0
49,0,1,,0,2,,0.0,0,0,3,,0.0,0,2,2,,2,3,,2,4,,2,5,,4,0,tomato,5,0,tomato,6,0,plate,6,3,,6,4,,7,1,plate,7,3,,7,4,,0,24.0,40.0,,,0,1.0,30.0,88.0,40.0,,,0,1.0,30.0
50,0,1,,0,2,,0.0,0,0,3,,0.0,0,2,2,,2,3,,2,4,,2,5,,4,0,tomato,5,0,tomato,6,0,plate,6,3,,6,4,,7,1,plate,7,3,,7,4,,0,24.0,40.0,,,0,1.0,30.0,88.0,40.0,,,0,1.0,30.0
51,0,1,,0,2,,0.0,0,0,3,,0.0,0,2,2,,2,3,,2,4,,2,5,,4,0,tomato,5,0,tomato,6,0,plate,6,3,,6,4,,7,1,plate,7,3,,7,4,,0,24.0,40.0,,,0,1.0,30.0,88.0,40.0,,,0,1.0,30.0
52,0,1,,0,2,,0.0,0,0,3,,0.0,0,2,2,,2,3,,2,4,,2,5,,4,0,tomato,5,0,tomato,6,0,plate,6,3,,6,4,,7,1,plate,7,3,,7,4,,0,24.0,40.0,,,0,1.0,30.0,88.0,40.0,,,0,1.0,30.0
53,0,1,,0,2,,0.0,0,0,3,,0.0,0,2,2,,2,3,,2,4,,2,5,,4,0,tomato,5,0,tomato,6,0,plate,6,3,,6,4,,7,1,plate,7,3,,7,4,,0,24.0,40.0,,,0,1.0,30.0,88.0,40.0,,,0,1.0,30.0
54,0,1,,0,2,,0.0,0,0,3,,0.0,0,2,2,,2,3,,2,4,,2,5,,4,0,tomato,5,0,tomato,6,0,plate,6,3,,6,4,,7,1,plate,7,3,,7,4,,0,24.0,40.0,,,0,1.0,30.0,88.0,40.0,,,0,1.0,30.0
55,0,1,,0,2,,0.0,0,0,3,,0.0,0,2,2,,2,3,,2,4,,2,5,,4,0,tomato,5,0,tomato,6,0,plate,6,3,,6,4,,7,1,plate,7,3,,7,4,,0,24.0,40.0,,,0,1.0,30.0,88.0,40.0,,,0,1.0,30.0
56,0,1,,0,2,,0.0,0,0,3,,0.0,0,2,2,,2,3,,2,4,,2,5,,4,0,tomato,5,0,tomato,6,0,plate,6,3,,6,4,,7,1,plate,7,3,,7,4,,0,24.0,40.0,,,0,1.0,30.0,88.0,40.0,,,0,1.0,30.0
57,0,1,,0,2,,0.0,0,0,3,,0.0,0,2,2,,2,3,,2,4,,2,5,,4,0,tomato,5,0,tomato,6,0,plate,6,3,,6,4,,7,1,plate,7,3,,7,4,,0,24.0,40.0,,,0,1.0,30.0,88.0,40.0,,,0,1.0,30.0
58,0,1,,0,2,,0.0,0,0,3,,0.0,0,2,2,,2,3,,2,4,,2,5,,4,0,tomato,5,0,tomato,6,0,plate,6,3,,6,4,,7,1,plate,7,3,,7,4,,0,24.0,40.0,,,0,1.0,30.0,88.0,40.0,,,0,1.0,30.0
59,0,1,,0,2,,0.0,0,0,3,,0.0,0,2,2,,2,3,,2,4,,2,5,,4,0,tomato,5,0,tomato,6,0,plate,6,3,,6,4,,7,1,plate,7,3,,7,4,,0,24.0,40.0,,,0,1.0,30.0,88.0,40.0,,,0,1.0,30.0
60,0,1,,0,2,,0.0,0,0,3,,0.0,0,2,2,,2,3,,2,4,,2,5,,4,0,tomato,5,0,tomato,6,0,plate,6,3,,6,4,,7,1,plate,7,3,,7,4,,0,24.0,40.0,,,0,1.0,30.0,88.0,40.0,,,0,1.0,30.0
61,0,1,,0,2,,0.0,0,0,3,,0.0,0,2,2,,2,3,,2,4,,2,5,,4,0,tomato,5,0,tomato,6,0,plate,6,3,,6,4,,7,1,plate,7,3,,7,4,,0,24.0,40.0,,,0,1.0,30.0,88.0,40.0,,,0,1.0,30.0
62,0,1,,0,2,,0.0,0,0,3,,0.0,0,2,2,,2,3,,2,4,,2,5,,4,0,tomato,5,0,tomato,6,0,plate,6,3,,6,4,,7,1,plate,7,3,,7,4,,0,24.0,40.0,,,0,1.0,30.0,88.0,40.0,,,0,1.0,30.0
63,0,1,,0,2,,0.0,0,0,3,,0.0,0,2,2,,2,3,,2,4,,2,5,,4,0,tomato,5,0,tomato,6,0,plate,6,3,,6,4,,7,1,plate,7,3,,7,4,,0,24.0,40.0,,,0,1.0,30.0,88.0,40.0,,,0,1.0,30.0
64,0,1,,0,2,,0.0,0,0,3,,0.0,0,2,2,,2,3,,2,4,,2,5,,4,0,tomato,5,0,tomato,6,0,plate,6,3,,6,4,,7,1,plate,7,3,,7,4,,0,24.0,40.0,,,0,1.0,30.0,88.0,40.0,,,0,1.0,30.0
65,0,1,,0,2,,0.0,0,0,3,,0.0,0,2,2,,2,3,,2,4,,2,5,,4,0,tomato,5,0,tomato,6,0,plate,6,3,,6,4,,7,1,plate,7,3,,7,4,,0,24.0,40.0,,,0,1.0,30.0,88.0,40.0,,,0,1.0,30.0
66,0,1,,0,2,,0.0,0,0,3,,0.0,0,2,2,,2,3,,2,4,,2,5,,4,0,tomato,5,0,tomato,6,0,plate,6,3,,6,4,,7,1,plate,7,3,,7,4,,0,24.0,40.0,,,0,1.0,30.0,88.0,40.0,,,0,1.0,30.0
67,0,1,,0,2,,0.0,0,0,3,,0.0,0,2,2,,2,3,,2,4,,2,5,,4,0,tomato,5,0,tomato,6,0,plate,6,3,,6,4,,7,1,plate,7,3,,7,4,,0,24.0,40.0,,,0,1.0,30.0,88.0,40.0,,,0,1.0,30.0
68,0,1,,0,2,,0.0,0,0,3,,0.0,0,2,2,,2,3,,2,4,,2,5,,4,0,tomato,5,0,tomato,6,0,plate,6,3,,6,4,,7,1,plate,7,3,,7,4,,0,24.0,40.0,,,0,1.0,30.0,88.0,40.0,,,0,1.0,30.0
69,0,1,,0,2,,0.0,0,0,3,,0.0,0,2,2,,2,3,,2,4,,2,5,,4,0,tomato,5,0,tomato,6,0,plate,6,3,,6,4,,7,1,plate,7,3,,7,4,,0,24.0,40.0,,,0,1.0,30.0,88.0,40.0,,,0,1.0,30.0
70,0,1,,0,2,,0.0,0,0,3,,0.0,0,2,2,,2,3,,2,4,,2,5,,4,0,tomato,5,0,tomato,6,0,plate,6,3,,6,4,,7,1,plate,7,3,,7,4,,0,24.0,40.0,,,0,1.0,30.0,88.0,40.0,,,0,1.0,30.0
71,0,1,,0,2,,0.0,0,0,3,,0.0,0,2,2,,2,3,,2,4,,2,5,,4,0,tomato,5,0,tomato,6,0,plate,6,3,,6,4,,7,1,plate,7,3,,7,4,,0,24.0,40.0,,,0,1.0,30.0,88.0,40.0,,,0,1.0,30.0
72,0,1,,0,2,,0.0,0,0,3,,0.0,0,2,2,,2,3,,2,4,,2,5,,4,0,tomato,5,0,tomato,6,0,plate,6,3,,6,4,,7,1,plate,7,3,,7,4,,0,24.0,40.0,,,0,1.0,30.0,88.0,40.0,,,0,1.0,30.0
73,0,1,,0,2,,0.0,0,0,3,,0.0,0,2,2,,2,3,,2,4,,2,5,,4,0,tomato,5,0,tomato,6,0,plate,6,3,,6,4,,7,1,plate,7,3,,7,4,,0,24.0,40.0,,,0,1.0,30.0,88.0,40.0,,,0,1.0,30.0
74,0,1,,0,2,,0.0,0,0,3,,0.0,0,2,2,,2,3,,2,4,,2,5,,4,0,tomato,5,0,tomato,6,0,plate,6,3,,6,4,,7,1,plate,7,3,,7,4,,0,24.0,40.0,,,0,1.0,30.0,88.0,40.0,,,0,1.0,30.0
75,0,1,,0,2,,0.0,0,0,3,,0.0,0,2,2,,2,3,,2,4,,2,5,,4,0,tomato,5,0,tomato,6,0,plate,6,3,,6,4,,7,1,plate,7,3,,7,4,,0,24.0,40.0,,,0,1.0,30.0,88.0,38.749999999999716,,,0,1.0,30.0
76,0,1,,0,2,,0.0,0,0,3,,0.0,0,2,2,,2,3,,2,4,,2,5,,4,0,tomato,5,0,tomato,6,0,plate,6,3,,6,4,,7,1,plate,7,3,,7,4,,0,24.0,40.0,,,0,1.0,30.0,88.0,37.49999999999943,,,0,1.0,30.0
77,0,1,,0,2,,0.0,0,0,3,,0.0,0,2,2,,2,3,,2,4,,2,5,,4,0,tomato,5,0,tomato,6,0,plate,6,3,,6,4,,7,1,plate,7,3,,7,4,,0,24.0,40.0,,,0,1.0,30.0,88.0,36.24999999999915,,,0,1.0,30.0
78,0,1,,0,2,,0.0,0,0,3,,0.0,0,2,2,,2,3,,2,4,,2,5,,4,0,tomato,5,0,tomato,6,0,plate,6,3,,6,4,,7,1,plate,7,3,,7,4,,0,24.0,40.0,,,0,1.0,30.0,88.0,34.99999999999886,,,0,1.0,30.0
79,0,1,,0,2,,0.0,0,0,3,,0.0,0,2,2,,2,3,,2,4,,2,5,,4,0,tomato,5,0,tomato,6,0,plate,6,3,,6,4,,7,1,plate,7,3,,7,4,,0,24.0,40.0,,,0,1.0,30.0,88.0,33.74999999999858,,,0,1.0,30.0
80,0,1,,0,2,,0.0,0,0,3,,0.0,0,2,2,,2,3,,2,4,,2,5,,4,0,tomato,5,0,tomato,6,0,plate,6,3,,6,4,,7,1,plate,7,3,,7,4,,0,24.0,40.0,,,0,1.0,30.0,88.0,32.499999999998295,,,0,1.0,30.0
81,0,1,,0,2,,0.0,0,0,3,,0.0,0,2,2,,2,3,,2,4,,2,5,,4,0,tomato,5,0,tomato,6,0,plate,6,3,,6,4,,7,1,plate,7,3,,7,4,,0,24.0,40.0,,,0,1.0,30.0,88.0,31.249999999998227,,,0,1.0,30.0
82,0,1,,0,2,,0.0,0,0,3,,0.0,0,2,2,,2,3,,2,4,,2,5,,4,0,tomato,5,0,tomato,6,0,plate,6,3,,6,4,,7,1,plate,7,3,,7,4,,0,24.0,40.0,,,0,1.0,30.0,88.0,29.9999999999983,,,0,1.0,30.0
83,0,1,,0,2,,0.0,0,0,3,,0.0,0,2,2,,2,3,,2,4,,2,5,,4,0,tomato,5,0,tomato,6,0,plate,6,3,,6,4,,7,1,plate,7,3,,7,4,,0,24.0,40.0,,,0,1.0,30.0,88.0,28.74999999999837,,,0,1.0,30.0
84,0,1,,0,2,,0.0,0,0,3,,0.0,0,2,2,,2,3,,2,4,,2,5,,4,0,tomato,5,0,tomato,6,0,plate,6,3,,6,4,,7,1,plate,7,3,,7,4,,0,24.0,40.0,,,0,1.0,30.0,88.0,27.49999999999844,,,0,1.0,30.0
85,0,1,,0,2,,0.0,0,0,3,,0.0,0,2,2,,2,3,,2,4,,2,5,,4,0,tomato,5,0,tomato,6,0,plate,6,3,,6,4,,7,1,plate,7,3,,7,4,,0,24.0,40.0,,,0,1.0,30.0,88.0,26.24999999999851,,,0,1.0,30.0
86,0,1,,0,2,,0.0,0,0,3,,0.0,0,2,2,,2,3,,2,4,,2,5,,4,0,tomato,5,0,tomato,6,0,plate,6,3,,6,4,,7,1,plate,7,3,,7,4,,0,24.0,40.0,,,0,1.0,30.0,88.0,24.999999999998582,,,0,1.0,30.0
87,0,1,,0,2,,0.0,0,0,3,,0.0,0,2,2,,2,3,,2,4,,2,5,,4,0,tomato,5,0,tomato,6,0,plate,6,3,,6,4,,7,1,plate,7,3,,7,4,,0,24.0,40.0,,,0,1.0,30.0,88.0,24.0,,,0,1.0,30.0
88,0,1,,0,2,,0.0,0,0,3,,0.0,0,2,2,,2,3,,2,4,,2,5,,4,0,tomato,5,0,tomato,6,0,plate,6,3,,6,4,,7,1,plate,7,3,,7,4,,0,24.0,40.0,,,0,1.0,30.0,88.0,24.0,,tomato,0,1.0,30.0
89,0,1,,0,2,,0.0,0,0,3,,0.0,0,2,2,,2,3,,2,4,,2,5,,4,0,tomato,5,0,tomato,6,0,plate,6,3,,6,4,,7,1,plate,7,3,,7,4,,0,24.0,40.0,,,0,1.0,30.0,88.0,24.0,,tomato,0,1.0,30.0
90,0,1,,0,2,,0.0,0,0,3,,0.0,0,2,2,,2,3,,2,4,,2,5,,4,0,tomato,5,0,tomato,6,0,plate,6,3,,6,4,,7,1,plate,7,3,,7,4,,0,24.0,40.0,,,0,1.0,30.0,88.0,24.0,,tomato,0,1.0,30.0
91,0,1,,0,2,,0.0,0,0,3,,0.0,0,2,2,,2,3,,2,4,,2,5,,4,0,tomato,5,0,tomato,6,0,plate,6,3,,6,4,,7,1,plate,7,3,,7,4,,0,24.0,40.0,,,0,1.0,30.0,88.0,24.0,,tomato,0,1.0,30.0
92,0,1,,0,2,,0.0,0,0,3,,0.0,0,2,2,,2,3,,2,4,,2,5,,4,0,tomato,5,0,tomato,6,0,plate,6,3,,6,4,,7,1,plate,7,3,,7,4,,0,24.0,40.0,,,0,1.0,30.0,88.0,24.0,,tomato,0,1.0,30.0
93,0,1,,0,2,,0.0,0,0,3,,0.0,0,2,2,,2,3,,2,4,,2,5,,4,0,tomato,5,0,tomato,6,0,plate,6,3,,6,4,,7,1,plate,7,3,,7,4,,0,24.0,40.0,,,0,1.0,30.0,88.0,24.0,,tomato,0,1.0,30.0
94,0,1,,0,2,,0.0,0,0,3,,0.0,0,2,2,,2,3,,2,4,,2,5,,4,0,tomato,5,0,tomato,6,0,plate,6,3,,6,4,,7,1,plate,7,3,,7,4,,0,24.0,40.0,,,0,1.0,30.0,88.0,24.0,,tomato,0,1.0,30.0
95,0,1,,0,2,,0.0,0,0,3,,0.0,0,2,2,,2,3,,2,4,,2,5,,4,0,tomato,5,0,tomato,6,0,plate,6,3,,6,4,,7,1,plate,7,3,,7,4,,0,24.0,40.0,,,0,1.0,30.0,88.0,24.0,,tomato,0,1.0,30.0
96,0,1,,0,2,,0.0,0,0,3,,0.0,0,2,2,,2,3,,2,4,,2,5,,4,0,tomato,5,0,tomato,6,0,plate,6,3,,6,4,,7,1,plate,7,3,,7,4,,0,24.0,40.0,,,0,1.0,30.0,88.0,24.0,,tomato,0,1.0,30.0
97,0,1,,0,2,,0.0,0,0,3,,0.0,0,2,2,,2,3,,2,4,,2,5,,4,0,tomato,5,0,tomato,6,0,plate,6,3,,6,4,,7,1,plate,7,3,,7,4,,0,24.0,40.0,,,0,1.0,30.0,88.0,24.0,,tomato,0,1.0,30.0
98,0,1,,0,2,,0.0,0,0,3,,0.0,0,2,2,,2,3,,2,4,,2,5,,4,0,tomato,5,0,tomato,6,0,plate,6,3,,6,4,,7,1,plate,7,3,,7,4,,0,24.0,40.0,,,0,1.0,30.0,88.0,24.0,,tomato,0,1.0,30.0
99,0,1,,0,2,,0.0,0,0,3,,0.0,0,2,2,,2,3,,2,4,,2,5,,4,0,tomato,5,0,tomato,6,0,plate,6,3,,6,4,,7,1,plate,7,3,,7,4,,0,24.0,40.0,,,0,1.0,30.0,88.0,24.0,,tomato,0,1.0,30.0
100,0,1,,0,2,,0.0,0,0,3,,0.0,0,2,2,,2,3,,2,4,,2,5,,4,0,tomato,5,0,tomato,6,0,plate,6,3,,6,4,,7,1,plate,7,3,,7,4,,0,24.0,40.0,,,0,1.0,30.0,88.0,24.0,,tomato,0,1.0,30.0
101,0,1,,0,2,,0.0,0,0,3,,0.0,0,2,2,,2,3,,2,4,,2,5,,4,0,tomato,5,0,tomato,6,0,plate,6,3,,6,4,,7,1,plate,7,3,,7,4,,0,24.0,40.0,,,0,1.0,30.0,88.0,24.0,,tomato,0,1.0,30.0
102,0,1,,0,2,,0.0,0,0,3,,0.0,0,2,2,,2,3,,2,4,,2,5,,4,0,tomato,5,0,tomato,6,0,plate,6,3,,6,4,,7,1,plate,7,3,,7,4,,0,24.0,40.0,,,0,1.0,30.0,88.0,24.0,,tomato,0,1.0,30.0
103,0,1,,0,2,,0.0,0,0,3,,0.0,0,2,2,,2,3,,2,4,,2,5,,4,0,tomato,5,0,tomato,6,0,plate,6,3,,6,4,,7,1,plate,7,3,,7,4,,0,24.0,40.0,,,0,1.0,30.0,88.0,24.0,,tomato,0,1.0,30.0
104,0,1,,0,2,,0.0,0,0,3,,0.0,0,2,2,,2,3,,2,4,,2,5,,4,0,tomato,5,0,tomato,6,0,plate,6,3,,6,4,,7,1,plate,7,3,,7,4,,0,24.0,40.0,,,0,1.0,30.0,88.0,24.0,,tomato,0,1.0,30.0
105,0,1,,0,2,,0.0,0,0,3,,0.0,0,2,2,,2,3,,2,4,,2,5,,4,0,tomato,5,0,tomato,6,0,plate,6,3,,6,4,,7,1,plate,7,3,,7,4,,0,24.0,40.0,,,0,1.0,30.0,88.0,24.0,,tomato,0,1.0,30.0
106,0,1,,0,2,,0.0,0,0,3,,0.0,0,2,2,,2,3,,2,4,,2,5,,4,0,tomato,5,0,tomato,6,0,plate,6,3,,6,4,,7,1,plate,7,3,,7,4,,0,24.0,40.0,,,0,1.0,30.0,88.0,24.0,,tomato,0,1.0,30.0
107,0,1,,0,2,,0.0,0,0,3,,0.0,0,2,2,,2,3,,2,4,,2,5,,4,0,tomato,5,0,tomato,6,0,plate,6,3,,6,4,,7,1,plate,7,3,,7,4,,0,24.0,40.0,,,0,1.0,30.0,88.0,24.0,,tomato,0,1.0,30.0
108,0,1,,0,2,,0.0,0,0,3,,0.0,0,2,2,,2,3,,2,4,,2,5,,4,0,tomato,5,0,tomato,6,0,plate,6,3,,6,4,,7,1,plate,7,3,,7,4,,0,24.0,40.0,,,0,1.0,30.0,88.0,24.0,,tomato,0,1.0,30.0
109,0,1,,0,2,,0.0,0,0,3,,0.0,0,2,2,,2,3,,2,4,,2,5,,4,0,tomato,5,0,tomato,6,0,plate,6,3,,6,4,,7,1,plate,7,3,,7,4,,0,24.0,40.0,,,0,1.0,30.0,88.0,24.0,,tomato,0,1.0,30.0
110,0,1,,0,2,,0.0,0,0,3,,0.0,0,2,2,,2,3,,2,4,,2,5,,4,0,tomato,5,0,tomato,6,0,plate,6,3,,6,4,,7,1,plate,7,3,,7,4,,0,24.0,40.0,,,0,1.0,30.0,88.0,24.0,,tomato,0,1.0,30.0
111,0,1,,0,2,,0.0,0,0,3,,0.0,0,2,2,,2,3,,2,4,,2,5,,4,0,tomato,5,0,tomato,6,0,plate,6,3,,6,4,,7,1,plate,7,3,,7,4,,0,24.0,40.0,,,0,1.0,30.0,88.0,24.0,,tomato,0,1.0,30.0
112,0,1,,0,2,,0.0,0,0,3,,0.0,0,2,2,,2,3,,2,4,,2,5,,4,0,tomato,5,0,tomato,6,0,plate,6,3,,6,4,,7,1,plate,7,3,,7,4,,0,24.0,40.0,,,0,1.0,30.0,88.0,24.0,,tomato,0,1.0,30.0
113,0,1,,0,2,,0.0,0,0,3,,0.0,0,2,2,,2,3,,2,4,,2,5,,4,0,tomato,5,0,tomato,6,0,plate,6,3,,6,4,,7,1,plate,7,3,,7,4,,0,24.0,40.0,,,0,1.0,30.0,88.0,24.0,,tomato,0,1.0,30.0
114,0,1,,0,2,,0.0,0,0,3,,0.0,0,2,2,,2,3,,2,4,,2,5,,4,0,tomato,5,0,tomato,6,0,plate,6,3,,6,4,,7,1,plate,7,3,,7,4,,0,24.0,40.0,,,0,1.0,30.0,88.0,24.0,,tomato,0,1.0,30.0
115,0,1,,0,2,,0.0,0,0,3,,0.0,0,2,2,,2,3,,2,4,,2,5,,4,0,tomato,5,0,tomato,6,0,plate,6,3,,6,4,,7,1,plate,7,3,,7,4,,0,24.0,40.0,,,0,1.0,30.0,88.0,24.0,,tomato,0,1.0,30.0
116,0,1,,0,2,,0.0,0,0,3,,0.0,0,2,2,,2,3,,2,4,,2,5,,4,0,tomato,5,0,tomato,6,0,plate,6,3,,6,4,,7,1,plate,7,3,,7,4,,0,24.0,40.0,,,0,1.0,30.0,88.0,24.0,,tomato,0,1.0,30.0
117,0,1,,0,2,,0.0,0,0,3,,0.0,0,2,2,,2,3,,2,4,,2,5,,4,0,tomato,5,0,tomato,6,0,plate,6,3,,6,4,,7,1,plate,7,3,,7,4,,0,24.0,40.0,,,0,1.0,30.0,88.0,24.0,,tomato,0,1.0,30.0
118,0,1,,0,2,,0.0,0,0,3,,0.0,0,2,2,,2,3,,2,4,,2,5,,4,0,tomato,5,0,tomato,6,0,plate,6,3,,6,4,,7,1,plate,7,3,,7,4,,0,24.0,40.0,,,0,1.0,30.0,88.0,24.0,,tomato,0,1.0,30.0
119,0,1,,0,2,,0.0,0,0,3,,0.0,0,2,2,,2,3,,2,4,,2,5,,4,0,tomato,5,0,tomato,6,0,plate,6,3,,6,4,,7,1,plate,7,3,,7,4,,0,24.0,40.0,,,0,1.0,30.0,88.0,24.0,,tomato,0,1.0,30.0
120,0,1,,0,2,,0.0,0,0,3,,0.0,0,2,2,,2,3,,2,4,,2,5,,4,0,tomato,5,0,tomato,6,0,plate,6,3,,6,4,,7,1,plate,7,3,,7,4,,0,24.0,40.0,,,0,1.0,30.0,88.0,24.0,,tomato,0,1.0,30.0
121,0,1,,0,2,,0.0,0,0,3,,0.0,0,2,2,,2,3,,2,4,,2,5,,4,0,tomato,5,0,tomato,6,0,plate,6,3,,6,4,,7,1,plate,7,3,,7,4,,0,24.0,40.0,,,0,1.0,30.0,88.0,24.0,,tomato,0,1.0,30.0
122,0,1,,0,2,,0.0,0,0,3,,0.0,0,2,2,,2,3,,2,4,,2,5,,4,0,tomato,5,0,tomato,6,0,plate,6,3,,6,4,,7,1,plate,7,3,,7,4,,0,24.0,40.0,,,0,1.0,30.0,88.0,24.0,,tomato,0,1.0,30.0
123,0,1,,0,2,,0.0,0,0,3,,0.0,0,2,2,,2,3,,2,4,,2,5,,4,0,tomato,5,0,tomato,6,0,plate,6,3,,6,4,,7,1,plate,7,3,,7,4,,0,24.0,40.0,,,0,1.0,30.0,88.0,24.0,,tomato,0,1.0,30.0
124,0,1,,0,2,,0.0,0,0,3,,0.0,0,2,2,,2,3,,2,4,,2,5,,4,0,tomato,5,0,tomato,6,0,plate,6,3,,6,4,,7,1,plate,7,3,,7,4,,0,24.0,40.0,,,0,1.0,30.0,86.74999999999972,24.0,,tomato,0,1.0,30.0
125,0,1,,0,2,,0.0,0,0,3,,0.0,0,2,2,,2,3,,2,4,,2,5,,4,0,tomato,5,0,tomato,6,0,plate,6,3,,6,4,,7,1,plate,7,3,,7,4,,0,24.0,40.0,,,0,1.0,30.0,85.49999999999943,24.0,,tomato,0,1.0,30.0
126,0,1,,0,2,,0.0,0,0,3,,0.0,0,2,2,,2,3,,2,4,,2,5,,4,0,tomato,5,0,tomato,6,0,plate,6,3,,6,4,,7,1,plate,7,3,,7,4,,0,24.0,40.0,,,0,1.0,30.0,84.24999999999915,24.0,,tomato,0,1.0,30.0
127,0,1,,0,2,,0.0,0,0,3,,0.0,0,2,2,,2,3,,2,4,,2,5,,4,0,tomato,5,0,tomato,6,0,plate,6,3,,6,4,,7,1,plate,7,3,,7,4,,0,24.0,40.0,,,0,1.0,30.0,82.99999999999886,24.0,,tomato,0,1.0,30.0
128,0,1,,0,2,,0.0,0,0,3,,0.0,0,2,2,,2,3,,2,4,,2,5,,4,0,tomato,5,0,tomato,6,0,plate,6,3,,6,4,,7,1,plate,7,3,,7,4,,0,24.0,40.0,,,0,1.0,30.0,81.74999999999858,24.0,,tomato,0,1.0,30.0
129,0,1,,0,2,,0.0,0,0,3,,0.0,0,2,2,,2,3,,2,4,,2,5,,4,0,tomato,5,0,tomato,6,0,plate,6,3,,6,4,,7,1,plate,7,3,,7,4,,0,24.0,40.0,,,0,1.0,30.0,80.4999999999983,24.0,,tomato,0,1.0,30.0
130,0,1,,0,2,,0.0,0,0,3,,0.0,0,2,2,,2,3,,2,4,,2,5,,4,0,tomato,5,0,tomato,6,0,plate,6,3,,6,4,,7,1,plate,7,3,,7,4,,0,24.0,40.0,,,0,1.0,30.0,79.24999999999801,24.0,,tomato,0,1.0,30.0
131,0,1,,0,2,,0.0,0,0,3,,0.0,0,2,2,,2,3,,2,4,,2,5,,4,0,tomato,5,0,tomato,6,0,plate,6,3,,6,4,,7,1,plate,7,3,,7,4,,0,24.0,40.0,,,0,1.0,30.0,77.99999999999773,24.0,,tomato,0,1.0,30.0
132,0,1,,0,2,,0.0,0,0,3,,0.0,0,2,2,,2,3,,2,4,,2,5,,4,0,tomato,5,0,tomato,6,0,plate,6,3,,6,4,,7,1,plate,7,3,,7,4,,0,24.0,40.0,,,0,1.0,30.0,76.74999999999744,24.0,,tomato,0,1.0,30.0
133,0,1,,0,2,,0.0,0,0,3,,0.0,0,2,2,,2,3,,2,4,,2,5,,4,0,tomato,5,0,tomato,6,0,plate,6,3,,6,4,,7,1,plate,7,3,,7,4,,0,24.0,40.0,,,0,1.0,30.0,75.49999999999716,24.0,,tomato,0,1.0,30.0
134,0,1,,0,2,,0.0,0,0,3,,0.0,0,2,2,,2,3,,2,4,,2,5,,4,0,tomato,5,0,tomato,6,0,plate,6,3,,6,4,,7,1,plate,7,3,,7,4,,0,24.0,40.0,,,0,1.0,30.0,74.24999999999687,24.0,,tomato,0,1.0,30.0
135,0,1,,0,2,,0.0,0,0,3,,0.0,0,2,2,,2,3,,2,4,,2,5,,4,0,tomato,5,0,tomato,6,0,plate,6,3,,6,4,,7,1,plate,7,3,,7,4,,0,24.0,40.0,,,0,1.0,30.0,72.99999999999659,24.0,,tomato,0,1.0,30.0
136,0,1,,0,2,,0.0,0,0,3,,0.0,0,2,2,,2,3,,2,4,,2,5,,4,0,tomato,5,0,tomato,6,0,plate,6,3,,6,4,,7,1,plate,7,3,,7,4,,0,24.0,40.0,,,0,1.0,30.0,71.87983173883686,24.31621556657754,,tomato,0,1.0,30.0
137,0,1,,0,2,,0.0,0,0,3,,0.0,0,2,2,,2,3,,2,4,,2,5,,4,0,tomato,5,0,tomato,6,0,plate,6,3,,6,4,,7,1,plate,7,3,,7,4,,0,24.0,40.0,,,0,1.0,30.0,70.9904754578381,25.19459214040404,,tomato,0,1.0,30.0
138,0,1,,0,2,,0.0,0,0,3,,0.0,0,2,2,,2,3,,2,4,,2,5,,4,0,tomato,5,0,tomato,6,0,plate,6,3,,6,4,,7,1,plate,7,3,,7,4,,0,24.0,40.0,,,0,1.0,30.0,70.10111917683935,26.07296871423054,,tomato,0,1.0,30.0
139,0,1,,0,2,,0.0,0,0,3,,0.0,0,2,2,,2,3,,2,4,,2,5,,4,0,tomato,5,0,tomato,6,0,plate,6,3,,6,4,,7,1,plate,7,3,,7,4,,0,24.0,40.0,,,0,1.0,30.0,69.2117628958406,26.95134528805704,,tomato,0,1.0,30.0
140,0,1,,0,2,,0.0,0,0,3,,0.0,0,2,2,,2,3,,2,4,,2,5,,4,0,tomato,5,0,tomato,6,0,plate,6,3,,6,4,,7,1,plate,7,3,,7,4,,0,24.0,40.0,,,0,1.0,30.0,68.32240661484184,27.82972186188354,,tomato,0,1.0,30.0
141,0,1,,0,2,,0.0,0,0,3,,0.0,0,2,2,,2,3,,2,4,,2,5,,4,0,tomato,5,0,tomato,6,0,plate,6,3,,6,4,,7,1,plate,7,3,,7,4,,0,24.0,40.0,,,0,1.0,30.0,67.43305033384308,28.708098435710042,,tomato,0,1.0,30.0
142,0,1,,0,2,,0.0,0,0,3,,0.0,0,2,2,,2,3,,2,4,,2,5,,4,0,tomato,5,0,tomato,6,0,plate,6,3,,6,4,,7,1,plate,7,3,,7,4,,0,24.0,40.0,,,0,1.0,30.0,66.54369405284433,29.586475009536542,,tomato,0,1.0,30.0
143,0,1,,0,2,,0.0,0,0,3,,0.0,0,2,2,,2,3,,2,4,,2,5,,4,0,tomato,5,0,tomato,6,0,plate,6,3,,6,4,,7,1,plate,7,3,,7,4,,0,24.0,40.0,,,0,1.0,30.0,65.65433777184558,30.464851583363043,,tomato,0,1.0,30.0
144,0,1,,0,2,,0.0,0,0,3,,0.0,0,2,2,,2,3,,2,4,,2,5,,4,0,tomato,5,0,tomato,6,0,plate,6,3,,6,4,,7,1,plate,7,3,,7,4,,0,24.0,40.0,,,0,1.0,30.0,64.76498149084682,31.343228157189543,,tomato,0,1.0,30.0
145,0,1,,0,2,,0.0,0,0,3,,0.0,0,2,2,,2,3,,2,4,,2,5,,4,0,tomato,5,0,tomato,6,0,plate,6,3,,6,4,,7,1,plate,7,3,,7,4,,0,24.0,40.0,,,0,1.0,30.0,63.87562520984797,32.22160473101604,,tomato,0,1.0,30.0
146,0,1,,0,2,,0.0,0,0,3,,0.0,0,2,2,,2,3,,2,4,,2,5,,4,0,tomato,5,0,tomato,6,0,plate,6,3,,6,4,,7,1,plate,7,3,,7,4,,0,24.0,40.0,,,0,1.0,30.0,62.9862689288485,33.099981304842544,,tomato,0,1.0,30.0
147,0,1,,0,2,,0.0,0,0,3,,0.0,0,2,2,,2,3,,2,4,,2,5,,4,0,tomato,5,0,tomato,6,0,plate,6,3,,6,4,,7,1,plate,7,3,,7,4,,0,24.0,40.0,,,0,1.0,30.0,62.09691264784904,33.978357878669044,,tomato,0,1.0,30.0
148,0,1,,0,2,,0.0,0,0,3,,0.0,0,2,2,,2,3,,2,4,,2,5,,4,0,tomato,5,0,tomato,6,0,plate,6,3,,6,4,,7,1,plate,7,3,,7,4,,0,24.0,40.0,,,0,1.0,30.0,61.20755636684957,34.856734452495544,,tomato,0,1.0,30.0
149,0,1,,0,2,,0.0,0,0,3,,0.0,0,2,2,,2,3,,2,4,,2,5,,4,0,tomato,5,0,tomato,6,0,plate,6,3,,6,4,,7,1,plate,7,3,,7,4,,0,24.0,40.0,,,0,1.0,30.0,60.31820008585011,35.735111026322045,,tomato,0,1.0,30.0
150,0,1,,0,2,,0.0,0,0,3,,0.0,0,2,2,,2,3,,2,4,,2,5,,4,0,tomato,5,0,tomato,6,0,plate,6,3,,6,4,,7,1,plate,7,3,,7,4,,0,24.0,40.0,,,0,1.0,30.0,59.42884380485064,36.613487600148545,,tomato,0,1.0,30.0
151,0,1,,0,2,,0.0,0,0,3,,0.0,0,2,2,,2,3,,2,4,,2,5,,4,0,tomato,5,0,tomato,6,0,plate,6,3,,6,4,,7,1,plate,7,3,,7,4,,0,24.0,40.0,,,0,1.0,30.0,58.53948752385118,37.491864173975046,,tomato,0,1.0,30.0
152,0,1,,0,2,,0.0,0,0,3,,0.0,0,2,2,,2,3,,2,4,,2,5,,4,0,tomato,5,0,tomato,6,0,plate,6,3,,6,4,,7,1,plate,7,3,,7,4,,0,24.0,40.0,,,0,1.0,30.0,57.650131242851714,38.370240747801546,,tomato,0,1.0,30.0
153,0,1,,0,2,,0.0,0,0,3,,0.0,0,2,2,,2,3,,2,4,,2,5,,4,0,tomato,5,0,tomato,6,0,plate,6,3,,6,4,,7,1,plate,7,3,,7,4,,0,24.0,40.0,,,0,1.0,30.0,56.76077496185225,39.24861732162794,,tomato,0,1.0,30.0
154,0,1,,0,2,,0.0,0,0,3,,0.0,0,2,2,,2,3,,2,4,,2,5,,4,0,tomato,5,0,tomato,6,0,plate,6,3,,6,4,,7,1,plate,7,3,,7,4,,0,24.0,40.0,,,0,1.0,30.0,56.0,40.0,,tomato,0,1.0,30.0
155,0,1,,0,2,,0.0,0,0,3,,0.0,0,2,2,tomato,2,3,,2,4,,2,5,,4,0,tomato,5,0,tomato,6,0,plate,6,3,,6,4,,7,1,plate,7,3,,7,4,,0,24.0,40.0,,,0,1.0,30.0,56.0,40.0,,,0,1.0,30.0
156,0,1,,0,2,,0.0,0,0,3,,0.0,0,2,2,tomato,2,3,,2,4,,2,5,,4,0,tomato,5,0,tomato,6,0,plate,6,3,,6,4,,7,1,plate,7,3,,7,4,,0,24.0,40.0,,,0,1.0,30.0,56.0,40.0,,,0,1.0,30.0
157,0,1,,0,2,,0.0,0,0,3,,0.0,0,2,2,tomato,2,3,,2,4,,2,5,,4,0,tomato,5,0,tomato,6,0,plate,6,3,,6,4,,7,1,plate,7,3,,7,4,,0,24.0,40.0,,,0,1.0,30.0,56.0,40.0,,,0,1.0,30.0
158,0,1,,0,2,,0.0,0,0,3,,0.0,0,2,2,tomato,2,3,,2,4,,2,5,,4,0,tomato,5,0,tomato,6,0,plate,6,3,,6,4,,7,1,plate,7,3,,7,4,,0,24.0,40.0,,,0,1.0,30.0,56.0,40.0,,,0,1.0,30.0
159,0,1,,0,2,,0.0,0,0,3,,0.0,0,2,2,tomato,2,3,,2,4,,2,5,,4,0,tomato,5,0,tomato,6,0,plate,6,3,,6,4,,7,1,plate,7,3,,7,4,,0,24.0,40.0,,,0,1.0,30.0,56.0,40.0,,,0,1.0,30.0
160,0,1,,0,2,,0.0,0,0,3,,0.0,0,2,2,tomato,2,3,,2,4,,2,5,,4,0,tomato,5,0,tomato,6,0,plate,6,3,,6,4,,7,1,plate,7,3,,7,4,,0,24.0,40.0,,,0,1.0,30.0,56.0,40.0,,,0,1.0,30.0
161,0,1,,0,2,,0.0,0,0,3,,0.0,0,2,2,tomato,2,3,,2,4,,2,5,,4,0,tomato,5,0,tomato,6,0,plate,6,3,,6,4,,7,1,plate,7,3,,7,4,,0,24.0,40.0,,,0,1.0,30.0,56.0,40.0,,,0,1.0,30.0
162,0,1,,0,2,,0.0,0,0,3,,0.0,0,2,2,tomato,2,3,,2,4,,2,5,,4,0,tomato,5,0,tomato,6,0,plate,6,3,,6,4,,7,1,plate,7,3,,7,4,,0,24.0,40.0,,,0,1.0,30.0,56.0,40.0,,,0,1.0,30.0
163,0,1,,0,2,,0.0,0,0,3,,0.0,0,2,2,tomato,2,3,,2,4,,2,5,,4,0,tomato,5,0,tomato,6,0,plate,6,3,,6,4,,7,1,plate,7,3,,7,4,,0,24.0,40.0,,,0,1.0,30.0,56.0,40.0,,,0,1.0,30.0
164,0,1,,0,2,,0.0,0,0,3,,0.0,0,2,2,tomato,2,3,,2,4,,2,5,,4,0,tomato,5,0,tomato,6,0,plate,6,3,,6,4,,7,1,plate,7,3,,7,4,,0,24.0,40.0,,,0,1.0,30.0,56.0,40.0,,,0,1.0,30.0
165,0,1,,0,2,,0.0,0,0,3,,0.0,0,2,2,tomato,2,3,,2,4,,2,5,,4,0,tomato,5,0,tomato,6,0,plate,6,3,,6,4,,7,1,plate,7,3,,7,4,,0,24.0,40.0,,,0,1.0,30.0,56.0,40.0,,,0,1.0,30.0
166,0,1,,0,2,,0.0,0,0,3,,0.0,0,2,2,tomato,2,3,,2,4,,2,5,,4,0,tomato,5,0,tomato,6,0,plate,6,3,,6,4,,7,1,plate,7,3,,7,4,,0,24.0,40.0,,,0,1.0,30.0,56.0,40.0,,,0,1.0,30.0
167,0,1,,0,2,,0.0,0,0,3,,0.0,0,2,2,tomato,2,3,,2,4,,2,5,,4,0,tomato,5,0,tomato,6,0,plate,6,3,,6,4,,7,1,plate,7,3,,7,4,,0,24.0,40.0,,,0,1.0,30.0,56.88388347648305,39.11611652351695,,,0,1.0,30.0
168,0,1,,0,2,,0.0,0,0,3,,0.0,0,2,2,tomato,2,3,,2,4,,2,5,,4,0,tomato,5,0,tomato,6,0,plate,6,3,,6,4,,7,1,plate,7,3,,7,4,,0,24.0,40.0,,,0,1.0,30.0,57.7677669529661,38.2322330470339,,,0,1.0,30.0
169,0,1,,0,2,,0.0,0,0,3,,0.0,0,2,2,tomato,2,3,,2,4,,2,5,,4,0,tomato,5,0,tomato,6,0,plate,6,3,,6,4,,7,1,plate,7,3,,7,4,,0,24.0,40.0,,,0,1.0,30.0,58.65165042944915,37.34834957055085,,,0,1.0,30.0
170,0,1,,0,2,,0.0,0,0,3,,0.0,0,2,2,tomato,2,3,,2,4,,2,5,,4,0,tomato,5,0,tomato,6,0,plate,6,3,,6,4,,7,1,plate,7,3,,7,4,,0,24.0,40.0,,,0,1.0,30.0,59.5355339059322,36.4644660940678,,,0,1.0,30.0
171,0,1,,0,2,,0.0,0,0,3,,0.0,0,2,2,tomato,2,3,,2,4,,2,5,,4,0,tomato,5,0,tomato,6,0,plate,6,3,,6,4,,7,1,plate,7,3,,7,4,,0,24.0,40.0,,,0,1.0,30.0,60.41941738241525,35.58058261758475,,,0,1.0,30.0
172,0,1,,0,2,,0.0,0,0,3,,0.0,0,2,2,tomato,2,3,,2,4,,2,5,,4,0,tomato,5,0,tomato,6,0,plate,6,3,,6,4,,7,1,plate,7,3,,7,4,,0,24.0,40.0,,,0,1.0,30.0,61.3033008588983,34.6966991411017,,,0,1.0,30.0
173,0,1,,0,2,,0.0,0,0,3,,0.0,0,2,2,tomato,2,3,,2,4,,2,5,,4,0,tomato,5,0,tomato,6,0,plate,6,3,,6,4,,7,1,plate,7,3,,7,4,,0,24.0,40.0,,,0,1.0,30.0,62.187184335381346,33.812815664618654,,,0,1.0,30.0
174,0,1,,0,2,,0.0,0,0,3,,0.0,0,2,2,tomato,2,3,,2,4,,2,5,,4,0,tomato,5,0,tomato,6,0,plate,6,3,,6,4,,7,1,plate,7,3,,7,4,,0,24.0,40.0,,,0,1.0,30.0,63.071067811864395,32.928932188135605,,,0,1.0,30.0
175,0,1,,0,2,,0.0,0,0,3,,0.0,0,2,2,tomato,2,3,,2,4,,2,5,,4,0,tomato,5,0,tomato,6,0,plate,6,3,,6,4,,7,1,plate,7,3,,7,4,,0,24.0,40.0,,,0,1.0,30.0,63.954951288347445,32.045048711652555,,,0,1.0,30.0
176,0,1,,0,2,,0.0,0,0,3,,0.0,0,2,2,tomato,2,3,,2,4,,2,5,,4,0,tomato,5,0,tomato,6,0,plate,6,3,,6,4,,7,1,plate,7,3,,7,4,,0,24.0,40.0,,,0,1.0,30.0,64.8388347648305,31.161165235169506,,,0,1.0,30.0
177,0,1,,0,2,,0.0,0,0,3,,0.0,0,2,2,tomato,2,3,,2,4,,2,5,,4,0,tomato,5,0,tomato,6,0,plate,6,3,,6,4,,7,1,plate,7,3,,7,4,,0,24.0,40.0,,,0,1.0,30.0,65.72271824131354,30.277281758686456,,,0,1.0,30.0
178,0,1,,0,2,,0.0,0,0,3,,0.0,0,2,2,tomato,2,3,,2,4,,2,5,,4,0,tomato,5,0,tomato,6,0,plate,6,3,,6,4,,7,1,plate,7,3,,7,4,,0,24.0,40.0,,,0,1.0,30.0,66.6066017177966,29.393398282203407,,,0,1.0,30.0
179,0,1,,0,2,,0.0,0,0,3,,0.0,0,2,2,tomato,2,3,,2,4,,2,5,,4,0,tomato,5,0,tomato,6,0,plate,6,3,,6,4,,7,1,plate,7,3,,7,4,,0,24.0,40.0,,,0,1.0,30.0,67.49048519427964,28.509514805720357,,,0,1.0,30.0
180,0,1,,0,2,,0.0,0,0,3,,0.0,0,2,2,tomato,2,3,,2,4,,2,5,,4,0,tomato,5,0,tomato,6,0,plate,6,3,,6,4,,7,1,plate,7,3,,7,4,,0,24.0,40.0,,,0,1.0,30.0,68.37436867076269,27.625631329237308,,,0,1.0,30.0
181,0,1,,0,2,,0.0,0,0,3,,0.0,0,2,2,tomato,2,3,,2,4,,2,5,,4,0,tomato,5,0,tomato,6,0,plate,6,3,,6,4,,7,1,plate,7,3,,7,4,,0,24.0,40.0,,,0,1.0,30.0,69.25825214724574,26.74174785275426,,,0,1.0,30.0
182,0,1,,0,2,,0.0,0,0,3,,0.0,0,2,2,tomato,2,3,,2,4,,2,5,,4,0,tomato,5,0,tomato,6,0,plate,6,3,,6,4,,7,1,plate,7,3,,7,4,,0,24.0,40.0,,,0,1.0,30.0,70.14213562372879,25.85786437627121,,,0,1.0,30.0
183,0,1,,0,2,,0.0,0,0,3,,0.0,0,2,2,tomato,2,3,,2,4,,2,5,,4,0,tomato,5,0,tomato,6,0,plate,6,3,,6,4,,7,1,plate,7,3,,7,4,,0,24.0,40.0,,,0,1.0,30.0,71.02601910021184,24.97398089978816,,,0,1.0,30.0
184,0,1,,0,2,,0.0,0,0,3,,0.0,0,2,2,tomato,2,3,,2,4,,2,5,,4,0,tomato,5,0,tomato,6,0,plate,6,3,,6,4,,7,1,plate,7,3,,7,4,,0,24.0,40.0,,,0,1.0,30.0,72.0,24.0,,,0,1.0,30.0
185,0,1,,0,2,,0.0,0,0,3,,0.0,0,2,2,tomato,2,3,,2,4,,2,5,,4,0,tomato,5,0,tomato,6,0,plate,6,3,,6,4,,7,1,plate,7,3,,7,4,,0,24.0,40.0,,,0,1.0,30.0,72.0,24.0,,tomato,0,1.0,30.0
186,0,1,,0,2,,0.0,0,0,3,,0.0,0,2,2,tomato,2,3,,2,4,,2,5,,4,0,tomato,5,0,tomato,6,0,plate,6,3,,6,4,,7,1,plate,7,3,,7,4,,0,24.0,40.0,,,0,1.0,30.0,72.0,24.0,,tomato,0,1.0,30.0
187,0,1,,0,2,,0.0,0,0,3,,0.0,0,2,2,tomato,2,3,,2,4,,2,5,,4,0,tomato,5,0,tomato,6,0,plate,6,3,,6,4,,7,1,plate,7,3,,7,4,,0,24.0,40.0,,,0,1.0,30.0,72.0,24.0,,tomato,0,1.0,30.0
188,0,1,,0,2,,0.0,0,0,3,,0.0,0,2,2,tomato,2,3,,2,4,,2,5,,4,0,tomato,5,0,tomato,6,0,plate,6,3,,6,4,,7,1,plate,7,3,,7,4,,0,24.0,40.0,,,0,1.0,30.0,72.0,24.0,,tomato,0,1.0,30.0
189,0,1,,0,2,,0.0,0,0,3,,0.0,0,2,2,tomato,2,3,,2,4,,2,5,,4,0,tomato,5,0,tomato,6,0,plate,6,3,,6,4,,7,1,plate,7,3,,7,4,,0,24.0,40.0,,,0,1.0,30.0,72.0,24.0,,tomato,0,1.0,30.0
190,0,1,,0,2,,0.0,0,0,3,,0.0,0,2,2,tomato,2,3,,2,4,,2,5,,4,0,tomato,5,0,tomato,6,0,plate,6,3,,6,4,,7,1,plate,7,3,,7,4,,0,24.0,40.0,,,0,1.0,30.0,72.0,24.0,,tomato,0,1.0,30.0
191,0,1,,0,2,,0.0,0,0,3,,0.0,0,2,2,tomato,2,3,,2,4,,2,5,,4,0,tomato,5,0,tomato,6,0,plate,6,3,,6,4,,7,1,plate,7,3,,7,4,,0,24.0,40.0,,,0,1.0,30.0,72.0,24.0,,tomato,0,1.0,30.0
192,0,1,,0,2,,0.0,0,0,3,,0.0,0,2,2,tomato,2,3,,2,4,,2,5,,4,0,tomato,5,0,tomato,6,0,plate,6,3,,6,4,,7,1,plate,7,3,,7,4,,0,24.0,40.0,,,0,1.0,30.0,72.0,24.0,,tomato,0,1.0,30.0
193,0,1,,0,2,,0.0,0,0,3,,0.0,0,2,2,tomato,2,3,,2,4,,2,5,,4,0,tomato,5,0,tomato,6,0,plate,6,3,,6,4,,7,1,plate,7,3,,7,4,,0,24.0,40.0,,,0,1.0,30.0,72.0,24.0,,tomato,0,1.0,30.0
194,0,1,,0,2,,0.0,0,0,3,,0.0,0,2,2,tomato,2,3,,2,4,,2,5,,4,0,tomato,5,0,tomato,6,0,plate,6,3,,6,4,,7,1,plate,7,3,,7,4,,0,24.0,40.0,,,0,1.0,30.0,72.0,24.0,,tomato,0,1.0,30.0
195,0,1,,0,2,,0.0,0,0,3,,0.0,0,2,2,tomato,2,3,,2,4,,2,5,,4,0,tomato,5,0,tomato,6,0,plate,6,3,,6,4,,7,1,plate,7,3,,7,4,,0,24.0,40.0,,,0,1.0,30.0,72.0,24.0,,tomato,0,1.0,30.0
196,0,1,,0,2,,0.0,0,0,3,,0.0,0,2,2,tomato,2,3,,2,4,,2,5,,4,0,tomato,5,0,tomato,6,0,plate,6,3,,6,4,,7,1,plate,7,3,,7,4,,0,24.0,40.0,,,0,1.0,30.0,72.0,24.0,,tomato,0,1.0,30.0
197,0,1,,0,2,,0.0,0,0,3,,0.0,0,2,2,tomato,2,3,,2,4,,2,5,,4,0,tomato,5,0,tomato,6,0,plate,6,3,,6,4,,7,1,plate,7,3,,7,4,,0,24.0,40.0,,,0,1.0,30.0,72.0,24.0,,tomato,0,1.0,30.0
198,0,1,,0,2,,0.0,0,0,3,,0.0,0,2,2,tomato,2,3,,2,4,,2,5,,4,0,tomato,5,0,tomato,6,0,plate,6,3,,6,4,,7,1,plate,7,3,,7,4,,0,24.0,40.0,,,0,1.0,30.0,72.0,25.24999999999993,,tomato,0,1.0,30.0
199,0,1,,0,2,,0.0,0,0,3,,0.0,0,2,2,tomato,2,3,,2,4,,2,5,,4,0,tomato,5,0,tomato,6,0,plate,6,3,,6,4,,7,1,plate,7,3,,7,4,,0,24.0,40.0,,,0,1.0,30.0,72.0,26.499999999999858,,tomato,0,1.0,30.0
200,0,1,,0,2,,0.0,0,0,3,,0.0,0,2,2,tomato,2,3,,2,4,,2,5,,4,0,tomato,5,0,tomato,6,0,plate,6,3,,6,4,,7,1,plate,7,3,,7,4,,0,24.0,40.0,,,0,1.0,30.0,72.0,27.749999999999787,,tomato,0,1.0,30.0
201,0,1,,0,2,,0.0,0,0,3,,0.0,0,2,2,tomato,2,3,,2,4,,2,5,,4,0,tomato,5,0,tomato,6,0,plate,6,3,,6,4,,7,1,plate,7,3,,7,4,,0,24.0,40.0,,,0,1.0,30.0,72.0,28.999999999999716,,tomato,0,1.0,30.0
202,0,1,,0,2,,0.0,0,0,3,,0.0,0,2,2,tomato,2,3,,2,4,,2,5,,4,0,tomato,5,0,tomato,6,0,plate,6,3,,6,4,,7,1,plate,7,3,,7,4,,0,24.0,40.0,,,0,1.0,30.0,72.0,30.249999999999645,,tomato,0,1.0,30.0
203,0,1,,0,2,,0.0,0,0,3,,0.0,0,2,2,tomato,2,3,,2,4,,2,5,,4,0,tomato,5,0,tomato,6,0,plate,6,3,,6,4,,7,1,plate,7,3,,7,4,,0,24.0,40.0,,,0,1.0,30.0,72.0,31.499999999999574,,tomato,0,1.0,30.0
204,0,1,,0,2,,0.0,0,0,3,,0.0,0,2,2,tomato,2,3,,2,4,,2,5,,4,0,tomato,5,0,tomato,6,0,plate,6,3,,6,4,,7,1,plate,7,3,,7,4,,0,24.0,41.250000000000284,,,0,1.0,30.0,72.0,32.749999999999716,,tomato,0,1.0,30.0
205,0,1,,0,2,,0.0,0,0,3,,0.0,0,2,2,tomato,2,3,,2,4,,2,5,,4,0,tomato,5,0,tomato,6,0,plate,6,3,,6,4,,7,1,plate,7,3,,7,4,,0,24.0,42.50000000000057,,,0,1.0,30.0,72.0,34.0,,tomato,0,1.0,30.0
206,0,1,,0,2,,0.0,0,0,3,,0.0,0,2,2,tomato,2,3,,2,4,,2,5,,4,0,tomato,5,0,tomato,6,0,plate,6,3,,6,4,,7,1,plate,7,3,,7,4,,0,24.0,43.75000000000085,,,0,1.0,30.0,72.0,35.250000000000284,,tomato,0,1.0,30.0
207,0,1,,0,2,,0.0,0,0,3,,0.0,0,2,2,tomato,2,3,,2,4,,2,5,,4,0,tomato,5,0,tomato,6,0,plate,6,3,,6,4,,7,1,plate,7,3,,7,4,,0,24.0,45.00000000000114,,,0,1.0,30.0,72.0,36.50000000000057,,tomato,0,1.0,30.0
208,0,1,,0,2,,0.0,0,0,3,,0.0,0,2,2,tomato,2,3,,2,4,,2,5,,4,0,tomato,5,0,tomato,6,0,plate,6,3,,6,4,,7,1,plate,7,3,,7,4,,0,24.0,46.25000000000142,,,0,1.0,30.0,72.0,37.75000000000085,,tomato,0,1.0,30.0
209,0,1,,0,2,,0.0,0,0,3,,0.0,0,2,2,tomato,2,3,,2,4,,2,5,,4,0,tomato,5,0,tomato,6,0,plate,6,3,,6,4,,7,1,plate,7,3,,7,4,,0,24.0,47.500000000001705,,,0,1.0,30.0,72.0,39.00000000000114,,tomato,0,1.0,30.0
210,0,1,,0,2,,0.0,0,0,3,,0.0,0,2,2,tomato,2,3,,2,4,,2,5,,4,0,tomato,5,0,tomato,6,0,plate,6,3,,6,4,,7,1,plate,7,3,,7,4,,0,24.0,48.75000000000199,,,0,1.0,30.0,71.68378443342253,40.120168261161126,,tomato,0,1.0,30.0
211,0,1,,0,2,,0.0,0,0,3,,0.0,0,2,2,tomato,2,3,,2,4,,2,5,,4,0,tomato,5,0,tomato,6,0,plate,6,3,,6,4,,7,1,plate,7,3,,7,4,,0,24.0,50.000000000002274,,,0,1.0,30.0,70.80540785959582,41.00952454216059,,tomato,0,1.0,30.0
212,0,1,,0,2,,0.0,0,0,3,,0.0,0,2,2,tomato,2,3,,2,4,,2,5,,4,0,tomato,5,0,tomato,6,0,plate,6,3,,6,4,,7,1,plate,7,3,,7,4,,0,24.0,51.25000000000256,,,0,1.0,30.0,69.92703128576912,41.898880823160056,,tomato,0,1.0,30.0
213,0,1,,0,2,,0.0,0,0,3,,0.0,0,2,2,tomato,2,3,,2,4,,2,5,,4,0,tomato,5,0,tomato,6,0,plate,6,3,,6,4,,7,1,plate,7,3,,7,4,,0,24.0,52.50000000000284,,,0,1.0,30.0,69.0486547119424,42.78823710415952,,tomato,0,1.0,30.0
214,0,1,,0,2,,0.0,0,0,3,,0.0,0,2,2,tomato,2,3,,2,4,,2,5,,4,0,tomato,5,0,tomato,6,0,plate,6,3,,6,4,,7,1,plate,7,3,,7,4,,0,24.0,53.750000000003126,,,0,1.0,30.0,68.17027813811569,43.677593385158985,,tomato,0,1.0,30.0
215,0,1,,0,2,,0.0,0,0,3,,0.0,0,2,2,tomato,2,3,,2,4,,2,5,,4,0,tomato,5,0,tomato,6,0,plate,6,3,,6,4,,7,1,plate,7,3,,7,4,,0,24.0,55.00000000000341,,,0,1.0,30.0,67.29190156428898,44.56694966615845,,tomato,0,1.0,30.0
216,0,1,,0,2,,0.0,0,0,3,,0.0,0,2,2,tomato,2,3,,2,4,,2,5,,4,0,tomato,5,0,tomato,6,0,plate,6,3,,6,4,,7,1,plate,7,3,,7,4,,0,24.0,56.250000000003695,,,0,1.0,30.0,66.41352499046226,45.456305947157915,,tomato,0,1.0,30.0
217,0,1,,0,2,,0.0,0,0,3,,0.0,0,2,2,tomato,2,3,,2,4,,2,5,,4,0,tomato,5,0,tomato,6,0,plate,6,3,,6,4,,7,1,plate,7,3,,7,4,,0,24.0,57.50000000000398,,,0,1.0,30.0,65.53514841663555,46.34566222815738,,tomato,0,1.0,30.0
218,0,1,,0,2,,0.0,0,0,3,,0.0,0,2,2,tomato,2,3,,2,4,,2,5,,4,0,tomato,5,0,tomato,6,0,plate,6,3,,6,4,,7,1,plate,7,3,,7,4,,0,24.0,58.75000000000426,,,0,1.0,30.0,64.65677184280884,47.235018509156845,,tomato,0,1.0,30.0
219,0,1,,0,2,,0.0,0,0,3,,0.0,0,2,2,tomato,2,3,,2,4,,2,5,,4,0,tomato,5,0,tomato,6,0,plate,6,3,,6,4,,7,1,plate,7,3,,7,4,,0,24.0,60.00000000000455,,,0,1.0,30.0,63.77839526898218,48.12437479015631,,tomato,0,1.0,30.0
220,0,1,,0,2,,0.0,0,0,3,,0.0,0,2,2,tomato,2,3,,2,4,,2,5,,4,0,tomato,5,0,tomato,6,0,plate,6,3,,6,4,,7,1,plate,7,3,,7,4,,0,24.0,61.25000000000483,,,0,1.0,30.0,62.90001869515568,49.013731071155775,,tomato,0,1.0,30.0
221,0,1,,0,2,,0.0,0,0,3,,0.0,0,2,2,tomato,2,3,,2,4,,2,5,,4,0,tomato,5,0,tomato,6,0,plate,6,3,,6,4,,7,1,plate,7,3,,7,4,,0,24.0,62.500000000005116,,,0,1.0,30.0,62.02164212132918,49.90308735215524,,tomato,0,1.0,30.0
222,0,1,,0,2,,0.0,0,0,3,,0.0,0,2,2,tomato,2,3,,2,4,,2,5,,4,0,tomato,5,0,tomato,6,0,plate,6,3,,6,4,,7,1,plate,7,3,,7,4,,0,24.0,63.7500000000054,,,0,1.0,30.0,61.14326554750268,50.792443633154704,,tomato,0,1.0,30.0
223,0,1,,0,2,,0.0,0,0,3,,0.0,0,2,2,tomato,2,3,,2,4,,2,5,,4,0,tomato,5,0,tomato,6,0,plate,6,3,,6,4,,7,1,plate,7,3,,7,4,,0,24.0,65.00000000000568,,,0,1.0,30.0,60.26488897367618,51.68179991415417,,tomato,0,1.0,30.0
224,0,1,,0,2,,0.0,0,0,3,,0.0,0,2,2,tomato,2,3,,2,4,,2,5,,4,0,tomato,5,0,tomato,6,0,plate,6,3,,6,4,,7,1,plate,7,3,,7,4,,0,24.0,66.25000000000597,,,0,1.0,30.0,59.38651239984968,52.57115619515362,,tomato,0,1.0,30.0
225,0,1,,0,2,,0.0,0,0,3,,0.0,0,2,2,tomato,2,3,,2,4,,2,5,,4,0,tomato,5,0,tomato,6,0,plate,6,3,,6,4,,7,1,plate,7,3,,7,4,,0,24.0,67.50000000000625,,,0,1.0,30.0,58.50813582602318,53.46051247615258,,tomato,0,1.0,30.0
226,0,1,,0,2,,0.0,0,0,3,,0.0,0,2,2,tomato,2,3,,2,4,,2,5,,4,0,tomato,5,0,tomato,6,0,plate,6,3,,6,4,,7,1,plate,7,3,,7,4,,0,24.0,68.75000000000654,,,0,1.0,30.0,57.62975925219668,54.34986875715155,,tomato,0,1.0,30.0
227,0,1,,0,2,,0.0,0,0,3,,0.0,0,2,2,tomato,2,3,,2,4,,2,5,,4,0,tomato,5,0,tomato,6,0,plate,6,3,,6,4,,7,1,plate,7,3,,7,4,,0,24.0,70.00000000000682,,,0,1.0,30.0,56.75138267837018,55.23922503815051,,tomato,0,1.0,30.0
228,0,1,,0,2,,0.0,0,0,3,,0.0,0,2,2,tomato,2,3,,2,4,,2,5,,4,0,tomato,5,0,tomato,6,0,plate,6,3,,6,4,,7,1,plate,7,3,,7,4,,0,24.0,71.2500000000071,,,0,1.0,30.0,56.0,56.0,,tomato,0,1.0,30.0
229,0,1,,0,2,,0.0,0,0,3,,0.0,0,2,2,tomato,2,3,tomato,2,4,,2,5,,4,0,tomato,5,0,tomato,6,0,plate,6,3,,6,4,,7,1,plate,7,3,,7,4,,0,24.0,72.50000000000739,,,0,1.0,30.0,56.0,56.0,,,0,1.0,30.0
230,0,1,,0,2,,0.0,0,0,3,,0.0,0,2,2,tomato,2,3,tomato,2,4,,2,5,,4,0,tomato,5,0,tomato,6,0,plate,6,3,,6,4,,7,1,plate,7,3,,7,4,,0,24.0,73.75000000000767,,,0,1.0,30.0,56.0,56.0,,,0,1.0,30.0
231,0,1,,0,2,,0.0,0,0,3,,0.0,0,2,2,tomato,2,3,tomato,2,4,,2,5,,4,0,tomato,5,0,tomato,6,0,plate,6,3,,6,4,,7,1,plate,7,3,,7,4,,0,24.0,75.00000000000796,,,0,1.0,30.0,56.0,56.0,,,0,1.0,30.0
232,0,1,,0,2,,0.0,0,0,3,,0.0,0,2,2,tomato,2,3,tomato,2,4,,2,5,,4,0,tomato,5,0,tomato,6,0,plate,6,3,,6,4,,7,1,plate,7,3,,7,4,,0,24.0,76.25000000000824,,,0,1.0,30.0,56.0,56.0,,,0,1.0,30.0
233,0,1,,0,2,,0.0,0,0,3,,0.0,0,2,2,tomato,2,3,tomato,2,4,,2,5,,4,0,tomato,5,0,tomato,6,0,plate,6,3,,6,4,,7,1,plate,7,3,,7,4,,0,24.0,77.50000000000853,,,0,1.0,30.0,56.0,56.0,,,0,1.0,30.0
234,0,1,,0,2,,0.0,0,0,3,,0.0,0,2,2,tomato,2,3,tomato,2,4,,2,5,,4,0,tomato,5,0,tomato,6,0,plate,6,3,,6,4,,7,1,plate,7,3,,7,4,,0,24.0,78.75000000000881,,,0,1.0,30.0,56.0,56.0,,,0,1.0,30.0
235,0,1,,0,2,,0.0,0,0,3,,0.0,0,2,2,tomato,2,3,tomato,2,4,,2,5,,4,0,tomato,5,0,tomato,6,0,plate,6,3,,6,4,,7,1,plate,7,3,,7,4,,0,24.0,80.0000000000091,,,0,1.0,30.0,56.0,56.0,,,0,1.0,30.0
236,0,1,,0,2,,0.0,0,0,3,,0.0,0,2,2,tomato,2,3,tomato,2,4,,2,5,,4,0,tomato,5,0,tomato,6,0,plate,6,3,,6,4,,7,1,plate,7,3,,7,4,,0,24.0,81.25000000000938,,,0,1.0,30.0,56.0,56.0,,,0,1.0,30.0
237,0,1,,0,2,,0.0,0,0,3,,0.0,0,2,2,tomato,2,3,tomato,2,4,,2,5,,4,0,tomato,5,0,tomato,6,0,plate,6,3,,6,4,,7,1,plate,7,3,,7,4,,0,24.0,82.50000000000966,,,0,1.0,30.0,56.0,56.0,,,0,1.0,30.0
238,0,1,,0,2,,0.0,0,0,3,,0.0,0,2,2,tomato,2,3,tomato,2,4,,2,5,,4,0,tomato,5,0,tomato,6,0,plate,6,3,,6,4,,7,1,plate,7,3,,7,4,,0,24.0,83.75000000000995,,,0,1.0,30.0,56.0,56.0,,,0,1.0,30.0
239,0,1,,0,2,,0.0,0,0,3,,0.0,0,2,2,tomato,2,3,tomato,2,4,,2,5,,4,0,tomato,5,0,tomato,6,0,plate,6,3,,6,4,,7,1,plate,7,3,,7,4,,0,24.0,85.00000000001023,,,0,1.0,30.0,56.0,56.0,,,0,1.0,30.0
240,0,1,,0,2,,0.0,0,0,3,,0.0,0,2,2,tomato,2,3,tomato,2,4,,2,5,,4,0,tomato,5,0,tomato,6,0,plate,6,3,,6,4,,7,1,plate,7,3,,7,4,,0,24.0,86.25000000001052,,,0,1.0,30.0,56.0,56.0,,,0,1.0,30.0
241,0,1,,0,2,,0.0,0,0,3,,0.0,0,2,2,tomato,2,3,tomato,2,4,,2,5,,4,0,tomato,5,0,tomato,6,0,plate,6,3,,6,4,,7,1,plate,7,3,,7,4,,0,24.0,87.5000000000108,,,0,1.0,30.0,56.0,56.0,,,0,1.0,30.0
242,0,1,,0,2,,0.0,0,0,3,,0.0,0,2,2,tomato,2,3,tomato,2,4,,2,5,,4,0,tomato,5,0,tomato,6,0,plate,6,3,,6,4,,7,1,plate,7,3,,7,4,,0,24.66756619610841,88.47591077356992,,,0,1.0,30.0,56.88388347648305,55.11611652351695,,,0,1.0,30.0
243,0,1,,0,2,,0.0,0,0,3,,0.0,0,2,2,tomato,2,3,tomato,2,4,,2,5,,4,0,tomato,5,0,tomato,6,0,plate,6,3,,6,4,,7,1,plate,7,3,,7,4,,0,25.545942769935266,89.36526705456868,,,0,1.0,30.0,57.7677669529661,54.2322330470339,,,0,1.0,30.0
244,0,1,,0,2,,0.0,0,0,3,,0.0,0,2,2,tomato,2,3,tomato,2,4,,2,5,,4,0,tomato,5,0,tomato,6,0,plate,6,3,,6,4,,7,1,plate,7,3,,7,4,,0,26.42431934376212,90.25462333556743,,,0,1.0,30.0,58.65165042944915,53.34834957055085,,,0,1.0,30.0
245,0,1,,0,2,,0.0,0,0,3,,0.0,0,2,2,tomato,2,3,tomato,2,4,,2,5,,4,0,tomato,5,0,tomato,6,0,plate,6,3,,6,4,,7,1,plate,7,3,,7,4,,0,27.302695917588977,91.14397961656618,,,0,1.0,30.0,59.5355339059322,52.4644660940678,,,0,1.0,30.0
246,0,1,,0,2,,0.0,0,0,3,,0.0,0,2,2,tomato,2,3,tomato,2,4,,2,5,,4,0,tomato,5,0,tomato,6,0,plate,6,3,,6,4,,7,1,plate,7,3,,7,4,,0,28.181072491415833,92.03333589756494,,,0,1.0,30.0,60.41941738241525,51.58058261758475,,,0,1.0,30.0
247,0,1,,0,2,,0.0,0,0,3,,0.0,0,2,2,tomato,2,3,tomato,2,4,,2,5,,4,0,tomato,5,0,tomato,6,0,plate,6,3,,6,4,,7,1,plate,7,3,,7,4,,0,29.05944906524269,92.9226921785637,,,0,1.0,30.0,61.3033008588983,50.6966991411017,,,0,1.0,30.0
248,0,1,,0,2,,0.0,0,0,3,,0.0,0,2,2,tomato,2,3,tomato,2,4,,2,5,,4,0,tomato,5,0,tomato,6,0,plate,6,3,,6,4,,7,1,plate,7,3,,7,4,,0,29.937825639069217,93.81204845956245,,,0,1.0,30.0,62.187184335381346,49.812815664618654,,,0,1.0,30.0
249,0,1,,0,2,,0.0,0,0,3,,0.0,0,2,2,tomato,2,3,tomato,2,4,,2,5,,4,0,tomato,5,0,tomato,6,0,plate,6,3,,6,4,,7,1,plate,7,3,,7,4,,0,30.816202212895718,94.7014047405612,,,0,1.0,30.0,63.071067811864395,48.928932188135605,,,0,1.0,30.0
250,0,1,,0,2,,0.0,0,0,3,,0.0,0,2,2,tomato,2,3,tomato,2,4,,2,5,,4,0,tomato,5,0,tomato,6,0,plate,6,3,,6,4,,7,1,plate,7,3,,7,4,,0,31.694578786722218,95.59076102155996,,,0,1.0,30.0,63.954951288347445,48.045048711652555,,,0,1.0,30.0
251,0,1,,0,2,,0.0,0,0,3,,0.0,0,2,2,tomato,2,3,tomato,2,4,,2,5,,4,0,tomato,5,0,tomato,6,0,plate,6,3,,6,4,,7,1,plate,7,3,,7,4,,0,32.57295536054872,96.48011730255871,,,0,1.0,30.0,64.8388347648305,47.161165235169506,,,0,1.0,30.0
252,0,1,,0,2,,0.0,0,0,3,,0.0,0,2,2,tomato,2,3,tomato,2,4,,2,5,,4,0,tomato,5,0,tomato,6,0,plate,6,3,,6,4,,7,1,plate,7,3,,7,4,,0,33.45133193437522,97.36947358355746,,,0,1.0,30.0,65.72271824131354,46.277281758686456,,,0,1.0,30.0
253,0,1,,0,2,,0.0,0,0,3,,0.0,0,2,2,tomato,2,3,tomato,2,4,,2,5,,4,0,tomato,5,0,tomato,6,0,plate,6,3,,6,4,,7,1,plate,7,3,,7,4,,0,34.32970850820172,98.25882986455622,,,0,1.0,30.0,66.6066017177966,45.39339828220341,,,0,1.0,30.0
254,0,1,,0,2,,0.0,0,0,3,,0.0,0,2,2,tomato,2,3,tomato,2,4,,2,5,,4,0,tomato,5,0,tomato,6,0,plate,6,3,,6,4,,7,1,plate,7,3,,7,4,,0,35.20808508202822,99.14818614555497,,,0,1.0,30.0,67.49048519427964,44.50951480572036,,,0,1.0,30.0
255,0,1,,0,2,,0.0,0,0,3,,0.0,0,2,2,tomato,2,3,tomato,2,4,,2,5,,4,0,tomato,5,0,tomato,6,0,plate,6,3,,6,4,,7,1,plate,7,3,,7,4,,0,36.08646165585472,100.03754242655373,,,0,1.0,30.0,68.37436867076269,43.62563132923731,,,0,1.0,30.0
256,0,1,,0,2,,0.0,0,0,3,,0.0,0,2,2,tomato,2,3,tomato,2,4,,2,5,,4,0,tomato,5,0,tomato,6,0,plate,6,3,,6,4,,7,1,plate,7,3,,7,4,,0,36.96483822968122,100.92689870755248,,,0,1.0,30.0,69.25825214724574,42.74174785275426,,,0,1.0,30.0
257,0,1,,0,2,,0.0,0,0,3,,0.0,0,2,2,tomato,2,3,tomato,2,4,,2,5,,4,0,tomato,5,0,tomato,6,0,plate,6,3,,6,4,,7,1,plate,7,3,,7,4,,0,37.84321480350772,101.81625498855124,,,0,1.0,30.0,70.14213562372879,41.85786437627121,,,0,1.0,30.0
258,0,1,,0,2,,0.0,0,0,3,,0.0,0,2,2,tomato,2,3,tomato,2,4,,2,5,,4,0,tomato,5,0,tomato,6,0,plate,6,3,,6,4,,7,1,plate,7,3,,7,4,,0,38.72159137733422,102.70561126955039,,,0,1.0,30.0,71.02601910021184,40.97398089978816,,,0,1.0,30.0
259,0,1,,0,2,,0.0,0,0,3,,0.0,0,2,2,tomato,2,3,tomato,2,4,,2,5,,4,0,tomato,5,0,tomato,6,0,plate,6,3,,6,4,,7,1,plate,7,3,,7,4,,0,39.59996795116072,103.59496755055007,,,0,1.0,30.0,71.95382555869026,40.19434681531624,,,0,1.0,30.0
260,0,1,,0,2,,0.0,0,0,3,,0.0,0,2,2,tomato,2,3,tomato,2,4,,2,5,,4,0,tomato,5,0,tomato,6,0,plate,6,3,,6,4,,7,1,plate,7,3,,7,4,,0,40.49047625129634,103.144703231137,,,0,1.0,30.0,73.20373388513468,40.179208272259245,,,0,1.0,30.0
261,0,1,,0,2,,0.0,0,0,3,,0.0,0,2,2,tomato,2,3,tomato,2,4,,2,5,,4,0,tomato,5,0,tomato,6,0,plate,6,3,,6,4,,7,1,plate,7,3,,7,4,,0,41.384815622898,102.27140082738306,,,0,1.0,30.0,74.45364221157911,40.164069729202254,,,0,1.0,30.0
262,0,1,,0,2,,0.0,0,0,3,,0.0,0,2,2,tomato,2,3,tomato,2,4,,2,5,,4,0,tomato,5,0,tomato,6,0,plate,6,3,,6,4,,7,1,plate,7,3,,7,4,,0,42.27915499449966,101.39809842362912,,,0,1.0,30.0,75.70355053802353,40.14893118614526,,,0,1.0,30.0
263,0,1,,0,2,,0.0,0,0,3,,0.0,0,2,2,tomato,2,3,tomato,2,4,,2,5,,4,0,tomato,5,0,tomato,6,0,plate,6,3,,6,4,,7,1,plate,7,3,,7,4,,0,43.17349436610132,100.52479601987518,,,0,1.0,30.0,76.95345886446796,40.13379264308827,,,0,1.0,30.0
264,0,1,,0,2,,0.0,0,0,3,,0.0,0,2,2,tomato,2,3,tomato,2,4,,2,5,,4,0,tomato,5,0,tomato,6,0,plate,6,3,,6,4,,7,1,plate,7,3,,7,4,,0,44.06783373770298,99.65149361612124,,,0,1.0,30.0,78.20336719091239,40.11865410003128,,,0,1.0,30.0
265,0,1,,0,2,,0.0,0,0,3,,0.0,0,2,2,tomato,2,3,tomato,2,4,,2,5,,4,0,tomato,5,0,tomato,6,0,plate,6,3,,6,4,,7,1,plate,7,3,,7,4,,0,44.96217310930464,98.7781912123673,,,0,1.0,30.0,79.45327551735681,40.10351555697429,,,0,1.0,30.0
266,0,1,,0,2,,0.0,0,0,3,,0.0,0,2,2,tomato,2,3,tomato,2,4,,2,5,,4,0,tomato,5,0,tomato,6,0,plate,6,3,,6,4,,7,1,plate,7,3,,7,4,,0,45.856512480906304,97.90488880861336,,,0,1.0,30.0,80.70318384380124,40.088377013917295,,,0,1.0,30.0
267,0,1,,0,2,,0.0,0,0,3,,0.0,0,2,2,tomato,2,3,tomato,2,4,,2,5,,4,0,tomato,5,0,tomato,6,0,plate,6,3,,6,4,,7,1,plate,7,3,,7,4,,0,46.750851852507964,97.03158640485942,,,0,1.0,30.0,81.95309217024567,40.0732384708603,,,0,1.0,30.0
268,0,1,,0,2,,0.0,0,0,3,,0.0,0,2,2,tomato,2,3,tomato,2,4,,2,5,,4,0,tomato,5,0,tomato,6,0,plate,6,3,,6,4,,7,1,plate,7,3,,7,4,,0,47.645191224109624,96.15828400110549,,,0,1.0,30.0,83.2030004966901,40.05809992780313,,,0,1.0,30.0
269,0,1,,0,2,,0.0,0,0,3,,0.0,0,2,2,tomato,2,3,tomato,2,4,,2,5,,4,0,tomato,5,0,tomato,6,0,plate,6,3,,6,4,,7,1,plate,7,3,,7,4,,0,48.539530595711284,95.28498159735155,,,0,1.0,30.0,84.45290882313452,40.04296138474578,,,0,1.0,30.0
270,0,1,,0,2,,0.0,0,0,3,,0.0,0,2,2,tomato,2,3,tomato,2,4,,2,5,,4,0,tomato,5,0,tomato,6,0,plate,6,3,,6,4,,7,1,plate,7,3,,7,4,,0,49.433869967312944,94.41167919359702,,,0,1.0,30.0,85.70281714957895,40.027822841688426,,,0,1.0,30.0
271,0,1,,0,2,,0.0,0,0,3,,0.0,0,2,2,tomato,2,3,tomato,2,4,,2,5,,4,0,tomato,5,0,tomato,6,0,plate,6,3,,6,4,,7,1,plate,7,3,,7,4,,0,50.328209338914604,93.5383767898421,,,0,1.0,30.0,86.95272547602337,40.01268429863107,,,0,1.0,30.0
272,0,1,,0,2,,0.0,0,0,3,,0.0,0,2,2,tomato,2,3,tomato,2,4,,2,5,,4,0,tomato,5,0,tomato,6,0,plate,6,3,,6,4,,7,1,plate,7,3,,7,4,,0,51.222548710516264,92.66507438608718,,,0,1.0,30.0,88.08721304983902,39.72126494341936,,,0,1.0,30.0
273,0,1,,0,2,,0.0,0,0,3,,0.0,0,2,2,tomato,2,3,tomato,2,4,,2,5,,4,0,tomato,5,0,tomato,6,0,plate,6,3,,6,4,,7,1,plate,7,3,,7,4,,0,52.116888082117924,91.79177198233225,,,0,1.0,30.0,88.97643152431851,38.84274886237961,,,0,1.0,30.0
274,0,1,,0,2,,0.0,0,0,3,,0.0,0,2,2,tomato,2,3,tomato,2,4,,2,5,,4,0,tomato,5,0,tomato,6,0,plate,6,3,,6,4,,7,1,plate,7,3,,7,4,,0,53.011227453719584,90.91846957857733,,,0,1.0,30.0,89.865649998798,37.96423278133986,,,0,1.0,30.0
275,0,1,,0,2,,0.0,0,0,3,,0.0,0,2,2,tomato,2,3,tomato,2,4,,2,5,,4,0,tomato,5,0,tomato,6,0,plate,6,3,,6,4,,7,1,plate,7,3,,7,4,,0,53.905566825321245,90.04516717482241,,,0,1.0,30.0,90.7548684732775,37.08571670030011,,,0,1.0,30.0
276,0,1,,0,2,,0.0,0,0,3,,0.0,0,2,2,tomato,2,3,tomato,2,4,,2,5,,4,0,tomato,5,0,tomato,6,0,plate,6,3,,6,4,,7,1,plate,7,3,,7,4,,0,54.799906196922905,89.17186477106749,,,0,1.0,30.0,91.64408694775699,36.20720061926036,,,0,1.0,30.0
277,0,1,,0,2,,0.0,0,0,3,,0.0,0,2,2,tomato,2,3,tomato,2,4,,2,5,,4,0,tomato,5,0,tomato,6,0,plate,6,3,,6,4,,7,1,plate,7,3,,7,4,,0,55.694245568524565,88.29856236731256,,,0,1.0,30.0,92.53330542223648,35.328684538220614,,,0,1.0,30.0
278,0,1,,0,2,,0.0,0,0,3,,0.0,0,2,2,tomato,2,3,tomato,2,4,,2,5,,4,0,tomato,5,0,tomato,6,0,plate,6,3,,6,4,,7,1,plate,7,3,,7,4,,0,56.57949582572894,87.41606070901427,,,0,1.0,30.0,93.42252389671597,34.450168457180865,,,0,1.0,30.0
279,0,1,,0,2,,0.0,0,0,3,,0.0,0,2,2,tomato,2,3,tomato,2,4,,2,5,,4,0,tomato,5,0,tomato,6,0,plate,6,3,,6,4,,7,1,plate,7,3,,7,4,,0,57.46350665824278,86.53230460691462,,,0,1.0,30.0,94.31174237119546,33.57165237614112,,,0,1.0,30.0
280,0,1,,0,2,,0.0,0,0,3,,0.0,0,2,2,tomato,2,3,tomato,2,4,,2,5,,4,0,tomato,5,0,tomato,6,0,plate,6,3,,6,4,,7,1,plate,7,3,,7,4,,0,58.347517490756616,85.64854850481497,,,0,1.0,30.0,95.20096084567496,32.69313629510137,,,0,1.0,30.0
281,0,1,,0,2,,0.0,0,0,3,,0.0,0,2,2,tomato,2,3,tomato,2,4,,2,5,,4,0,tomato,5,0,tomato,6,0,plate,6,3,,6,4,,7,1,plate,7,3,,7,4,,0,59.23152832327045,84.76479240271532,,,0,1.0,30.0,96.09017932015445,31.814620214061698,,,0,1.0,30.0
282,0,1,,0,2,,0.0,0,0,3,,0.0,0,2,2,tomato,2,3,tomato,2,4,,2,5,,4,0,tomato,5,0,tomato,6,0,plate,6,3,,6,4,,7,1,plate,7,3,,7,4,,0,60.11553915578429,83.88103630061566,,,0,1.0,30.0,96.97939779463394,30.936104133022305,,,0,1.0,30.0
283,0,1,,0,2,,0.0,0,0,3,,0.0,0,2,2,tomato,2,3,tomato,2,4,,2,5,,4,0,tomato,5,0,tomato,6,0,plate,6,3,,6,4,,7,1,plate,7,3,,7,4,,0,60.99954998829813,82.99728019851601,,,0,1.0,30.0,97.86861626911343,30.05758805198291,,,0,1.0,30.0
284,0,1,,0,2,,0.0,0,0,3,,0.0,0,2,2,tomato,2,3,tomato,2,4,,2,5,,4,0,tomato,5,0,tomato,6,0,plate,6,3,,6,4,,7,1,plate,7,3,,7,4,,0,61.883560820811965,82.11352409641636,,,0,1.0,30.0,98.75783474359292,29.179071970943518,,,0,1.0,30.0
285,0,1,,0,2,,0.0,0,0,3,,0.0,0,2,2,tomato,2,3,tomato,2,4,,2,5,,4,0,tomato,5,0,tomato,6,0,plate,6,3,,6,4,,7,1,plate,7,3,,7,4,,0,62.7675716533258,81.2297679943167,,,0,1.0,30.0,99.64705321807241,28.300555889904125,,,0,1.0,30.0
286,0,1,,0,2,,0.0,0,0,3,,0.0,0,2,2,tomato,2,3,tomato,2,4,,2,5,,4,0,tomato,5,0,tomato,6,0,plate,6,3,,6,4,,7,1,plate,7,3,,7,4,,0,63.65158248583964,80.34601189221705,,,0,1.0,30.0,100.5362716925519,27.4220398088646,,,0,1.0,30.0
287,0,1,,0,2,,0.0,0,0,3,,0.0,0,2,2,tomato,2,3,tomato,2,4,,2,5,,4,0,tomato,5,0,tomato,6,0,plate,6,3,,6,4,,7,1,plate,7,3,,7,4,,0,64.5355933183539,79.4622557901174,,,0,1.0,30.0,101.4254901670314,26.54352372782485,,,0,1.0,30.0
288,0,1,,0,2,,0.0,0,0,3,,0.0,0,2,2,tomato,2,3,tomato,2,4,,2,5,,4,0,tomato,5,0,tomato,6,0,plate,6,3,,6,4,,7,1,plate,7,3,,7,4,,0,65.41960415086845,78.57849968801774,,,0,1.0,30.0,102.31470864151089,25.665007646785103,,,0,1.0,30.0
289,0,1,,0,2,,0.0,0,0,3,,0.0,0,2,2,tomato,2,3,tomato,2,4,,2,5,,4,0,tomato,5,0,tomato,6,0,plate,6,3,,6,4,,7,1,plate,7,3,,7,4,,0,66.303614983383,77.69474358591809,,,0,1.0,30.0,103.20392711599006,24.786491565745354,,,0,1.0,30.0
290,0,1,,0,2,,0.0,0,0,3,,0.0,0,2,2,tomato,2,3,tomato,2,4,,2,5,,4,0,tomato,5,0,tomato,6,0,plate,6,3,,6,4,,7,1,plate,7,3,,7,4,,0,67.18762581589755,76.81098748381844,,,0,1.0,30.0,104.0,24.0,,,0,1.0,30.0
291,0,1,,0,2,,0.0,0,0,3,,0.0,0,2,2,tomato,2,3,tomato,2,4,,2,5,,4,0,tomato,5,0,tomato,6,0,plate,6,3,,6,4,,7,1,plate,7,3,,7,4,,0,68.0716366484121,75.92723138171878,,,0,1.0,30.0,104.0,24.0,,plate,0,1.0,30.0
292,0,1,,0,2,,0.0,0,0,3,,0.0,0,2,2,tomato,2,3,tomato,2,4,,2,5,,4,0,tomato,5,0,tomato,6,0,plate,6,3,,6,4,,7,1,plate,7,3,,7,4,,0,68.95564748092664,75.04347527961913,,,0,1.0,30.0,104.0,24.0,,plate,0,1.0,30.0
293,0,1,,0,2,,0.0,0,0,3,,0.0,0,2,2,tomato,2,3,tomato,2,4,,2,5,,4,0,tomato,5,0,tomato,6,0,plate,6,3,,6,4,,7,1,plate,7,3,,7,4,,0,69.83965831344119,74.15971917751948,,,0,1.0,30.0,104.0,24.0,,plate,0,1.0,30.0
294,0,1,,0,2,,0.0,0,0,3,,0.0,0,2,2,tomato,2,3,tomato,2,4,,2,5,,4,0,tomato,5,0,tomato,6,0,plate,6,3,,6,4,,7,1,plate,7,3,,7,4,,0,70.72366914595574,73.27596307541982,,,0,1.0,30.0,104.0,24.0,,plate,0,1.0,30.0
295,0,1,,0,2,,0.0,0,0,3,,0.0,0,2,2,tomato,2,3,tomato,2,4,,2,5,,4,0,tomato,5,0,tomato,6,0,plate,6,3,,6,4,,7,1,plate,7,3,,7,4,,0,71.60767997847029,72.39220697332017,,,0,1.0,30.0,104.0,24.0,,plate,0,1.0,30.0
296,0,1,,0,2,,0.0,0,0,3,,0.0,0,2,2,tomato,2,3,tomato,2,4,,2,5,,4,0,tomato,5,0,tomato,6,0,plate,6,3,,6,4,,7,1,plate,7,3,,7,4,,0,71.81406999982093,71.22285334733816,,,0,1.0,30.0,104.0,24.0,,plate,0,1.0,30.0
297,0,1,,0,2,,0.0,0,0,3,,0.0,0,2,2,tomato,2,3,tomato,2,4,,2,5,,4,0,tomato,5,0,tomato,6,0,plate,6,3,,6,4,,7,1,plate,7,3,,7,4,,0,71.82933620263873,69.97294657359446,,,0,1.0,30.0,104.0,24.0,,plate,0,1.0,30.0
298,0,1,,0,2,,0.0,0,0,3,,0.0,0,2,2,tomato,2,3,tomato,2,4,,2,5,,4,0,tomato,5,0,tomato,6,0,plate,6,3,,6,4,,7,1,plate,7,3,,7,4,,0,71.84460240545651,68.72303979985075,,,0,1.0,30.0,104.0,24.0,,plate,0,1.0,30.0
299,0,1,,0,2,,0.0,0,0,3,,0.0,0,2,2,tomato,2,3,tomato,2,4,,2,5,,4,0,tomato,5,0,tomato,6,0,plate,6,3,,6,4,,7,1,plate,7,3,,7,4,,0,71.85986860827431,67.47313302610705,,,0,1.0,30.0,104.0,24.0,,plate,0,1.0,30.0
300,0,1,,0,2,,0.0,0,0,3,,0.0,0,2,2,tomato,2,3,tomato,2,4,,2,5,,4,0,tomato,5,0,tomato,6,0,plate,6,3,,6,4,,7,1,plate,7,3,,7,4,,0,71.87513481109211,66.22322625236335,,,0,1.0,30.0,103.11611652351695,24.88388347648305,,plate,0,1.0,30.0
301,0,1,,0,2,,0.0,0,0,3,,0.0,0,2,2,tomato,2,3,tomato,2,4,,2,5,,4,0,tomato,5,0,tomato,6,0,plate,6,3,,6,4,,7,1,plate,7,3,,7,4,,0,71.8904010139099,64.97331947861964,,,0,1.0,30.0,102.2322330470339,25.7677669529661,,plate,0,1.0,30.0
302,0,1,,0,2,,0.0,0,0,3,,0.0,0,2,2,tomato,2,3,tomato,2,4,,2,5,,4,0,tomato,5,0,tomato,6,0,plate,6,3,,6,4,,7,1,plate,7,3,,7,4,,0,71.9056672167277,63.72341270487578,,,0,1.0,30.0,101.34834957055085,26.65165042944915,,plate,0,1.0,30.0
303,0,1,,0,2,,0.0,0,0,3,,0.0,0,2,2,tomato,2,3,tomato,2,4,,2,5,,4,0,tomato,5,0,tomato,6,0,plate,6,3,,6,4,,7,1,plate,7,3,,7,4,,0,71.92093341954549,62.47350593113136,,,0,1.0,30.0,100.4644660940678,27.535533905932198,,plate,0,1.0,30.0
304,0,1,,0,2,,0.0,0,0,3,,0.0,0,2,2,tomato,2,3,tomato,2,4,,2,5,,4,0,tomato,5,0,tomato,6,0,plate,6,3,,6,4,,7,1,plate,7,3,,7,4,,0,71.93619962236329,61.22359915738695,,,0,1.0,30.0,99.58058261758475,28.419417382415247,,plate,0,1.0,30.0
305,0,1,,0,2,,0.0,0,0,3,,0.0,0,2,2,tomato,2,3,tomato,2,4,,2,5,,4,0,tomato,5,0,tomato,6,0,plate,6,3,,6,4,,7,1,plate,7,3,,7,4,,0,71.9514658251811,59.973692383642536,,,0,1.0,30.0,98.6966991411017,29.303300858898297,,plate,0,1.0,30.0
306,0,1,,0,2,,0.0,0,0,3,,0.0,0,2,2,tomato,2,3,tomato,2,4,,2,5,,4,0,tomato,5,0,tomato,6,0,plate,6,3,,6,4,,7,1,plate,7,3,,7,4,,0,71.9667320279989,58.72378560989812,,,0,1.0,30.0,97.81281566461865,30.187184335381346,,plate,0,1.0,30.0
307,0,1,,0,2,,0.0,0,0,3,,0.0,0,2,2,tomato,2,3,tomato,2,4,,2,5,,4,0,tomato,5,0,tomato,6,0,plate,6,3,,6,4,,7,1,plate,7,3,,7,4,,0,71.9819982308167,57.47387883615371,,,0,1.0,30.0,96.9289321881356,31.071067811864395,,plate,0,1.0,30.0
308,0,1,,0,2,,0.0,0,0,3,,0.0,0,2,2,tomato,2,3,tomato,2,4,,2,5,,4,0,tomato,5,0,tomato,6,0,plate,6,3,,6,4,,7,1,plate,7,3,,7,4,,0,71.9972644336345,56.223972062409295,,,0,1.0,30.0,96.04504871165256,31.954951288347445,,plate,0,1.0,30.0
309,0,1,,0,2,,0.0,0,0,3,,0.0,0,2,2,tomato,2,3,tomato,2,4,,2,5,,4,0,tomato,5,0,tomato,6,0,plate,6,3,,6,4,,7,1,plate,7,3,,7,4,,0,71.99775353765216,54.97397394072011,,,0,1.0,30.0,95.1611652351695,32.838834764830494,,plate,0,1.0,30.0
310,0,1,,0,2,,0.0,0,0,3,,0.0,0,2,2,tomato,2,3,tomato,2,4,,2,5,,4,0,tomato,5,0,tomato,6,0,plate,6,3,,6,4,,7,1,plate,7,3,,7,4,,0,71.99794106822492,53.72397395478715,,,0,1.0,30.0,94.27728175868646,33.722718241313544,,plate,0,1.0,30.0
311,0,1,,0,2,,0.0,0,0,3,,0.0,0,2,2,tomato,2,3,tomato,2,4,,2,5,,4,0,tomato,5,0,tomato,6,0,plate,6,3,,6,4,,7,1,plate,7,3,,7,4,,0,71.99812859879768,52.47397396885419,,,0,1.0,30.0,93.3933982822034,34.60660171779659,,plate,0,1.0,30.0
312,0,1,,0,2,,0.0,0,0,3,,0.0,0,2,2,tomato,2,3,tomato,2,4,,2,5,,4,0,tomato,5,0,tomato,6,0,plate,6,3,,6,4,,7,1,plate,7,3,,7,4,,0,71.99831612937044,51.22397398292123,,,0,1.0,30.0,92.50951480572036,35.49048519427964,,plate,0,1.0,30.0
313,0,1,,0,2,,0.0,0,0,3,,0.0,0,2,2,tomato,2,3,tomato,2,4,,2,5,,4,0,tomato,5,0,tomato,6,0,plate,6,3,,6,4,,7,1,plate,7,3,,7,4,,0,71.9985036599432,49.97397399698827,,,0,1.0,30.0,91.62563132923731,36.37436867076269,,plate,0,1.0,30.0
314,0,1,,0,2,,0.0,0,0,3,,0.0,0,2,2,tomato,2,3,tomato,2,4,,2,5,,4,0,tomato,5,0,tomato,6,0,plate,6,3,,6,4,,7,1,plate,7,3,,7,4,,0,71.9986911905158,48.72397401105531,,,0,1.0,30.0,90.74174785275426,37.25825214724574,,plate,0,1.0,30.0
315,0,1,,0,2,,0.0,0,0,3,,0.0,0,2,2,tomato,2,3,tomato,2,4,,2,5,,4,0,tomato,5,0,tomato,6,0,plate,6,3,,6,4,,7,1,plate,7,3,,7,4,,0,71.99887872108785,47.47397402512235,,,0,1.0,30.0,89.85786437627121,38.14213562372879,,plate,0,1.0,30.0
316,0,1,,0,2,,0.0,0,0,3,,0.0,0,2,2,tomato,2,3,tomato,2,4,,2,5,,4,0,tomato,5,0,tomato,6,0,plate,6,3,,6,4,,7,1,plate,7,3,,7,4,,0,71.9990662516599,46.22397403918939,,,0,1.0,30.0,88.97398089978816,39.02601910021184,,plate,0,1.0,30.0
317,0,1,,0,2,,0.0,0,0,3,,0.0,0,2,2,tomato,2,3,tomato,2,4,,2,5,,4,0,tomato,5,0,tomato,6,0,plate,6,3,,6,4,,7,1,plate,7,3,,7,4,,0,71.99925378223195,44.973974053256434,,,0,1.0,30.0,88.09009742330511,39.90990257669489,,plate,0,1.0,30.0
318,0,1,,0,2,,0.0,0,0,3,,0.0,0,2,2,tomato,2,3,tomato,2,4,,2,5,,4,0,tomato,5,0,tomato,6,0,plate,6,3,,6,4,,7,1,plate,7,3,,7,4,,0,71.999441312804,43.723974067323475,,,0,1.0,30.0,87.20621394682206,40.79378605317794,,plate,0,1.0,30.0
319,0,1,,0,2,,0.0,0,0,3,,0.0,0,2,2,tomato,2,3,tomato,2,4,,2,5,,4,0,tomato,5,0,tomato,6,0,plate,6,3,,6,4,,7,1,plate,7,3,,7,4,,0,71.99962884337604,42.473974081390516,,,0,1.0,30.0,86.32233047033901,41.67766952966099,,plate,0,1.0,30.0
320,0,1,,0,2,,0.0,0,0,3,,0.0,0,2,2,tomato,2,3,tomato,2,4,,2,5,,4,0,tomato,5,0,tomato,6,0,plate,6,3,,6,4,,7,1,plate,7,3,,7,4,,0,71.9998163739481,41.22397409545756,,,0,1.0,30.0,85.43844699385596,42.56155300614404,,plate,0,1.0,30.0
321,0,1,,0,2,,0.0,0,0,3,,0.0,0,2,2,tomato,2,3,tomato,2,4,,2,5,,4,0,tomato,5,0,tomato,6,0,plate,6,3,,6,4,,7,1,plate,7,3,,7,4,,0,72.15808315011728,40.038895129974684,,,0,1.0,30.0,84.55456351737291,43.44543648262709,,plate,0,1.0,30.0
322,0,1,,0,2,,0.0,0,0,3,,0.0,0,2,2,tomato,2,3,tomato,2,4,,2,5,,4,0,tomato,5,0,tomato,6,0,plate,6,3,,6,4,,7,1,plate,7,3,,7,4,,0,73.03648871178453,39.149567479875536,,,0,1.0,30.0,83.67068004088986,44.32931995911014,,plate,0,1.0,30.0
323,0,1,,0,2,,0.0,0,0,3,,0.0,0,2,2,tomato,2,3,tomato,2,4,,2,5,,4,0,tomato,5,0,tomato,6,0,plate,6,3,,6,4,,7,1,plate,7,3,,7,4,,0,73.91489427345178,38.26023982977639,,,0,1.0,30.0,82.78679656440681,45.213203435593186,,plate,0,1.0,30.0
324,0,1,,0,2,,0.0,0,0,3,,0.0,0,2,2,tomato,2,3,tomato,2,4,,2,5,,4,0,tomato,5,0,tomato,6,0,plate,6,3,,6,4,,7,1,plate,7,3,,7,4,,0,74.79329983511903,37.37091217967724,,,0,1.0,30.0,81.90291308792376,46.097086912076236,,plate,0,1.0,30.0
325,0,1,,0,2,,0.0,0,0,3,,0.0,0,2,2,tomato,2,3,tomato,2,4,,2,5,,4,0,tomato,5,0,tomato,6,0,plate,6,3,,6,4,,7,1,plate,7,3,,7,4,,0,75.67170539678628,36.48158452957809,,,0,1.0,30.0,81.01902961144071,46.980970388559285,,plate,0,1.0,30.0
326,0,1,,0,2,,0.0,0,0,3,,0.0,0,2,2,tomato,2,3,tomato,2,4,,2,5,,4,0,tomato,5,0,tomato,6,0,plate,6,3,,6,4,,7,1,plate,7,3,,7,4,,0,76.55011095845353,35.592256879478946,,,0,1.0,30.0,80.13514613495767,47.864853865042335,,plate,0,1.0,30.0
327,0,1,,0,2,,0.0,0,0,3,,0.0,0,2,2,tomato,2,3,tomato,2,4,,2,5,,4,0,tomato,5,0,tomato,6,0,plate,6,3,,6,4,,7,1,plate,7,3,,7,4,,0,77.42851652012078,34.7029292293798,,,0,1.0,30.0,79.25126265847462,48.748737341525384,,plate,0,1.0,30.0
328,0,1,,0,2,,0.0,0,0,3,,0.0,0,2,2,tomato,2,3,tomato,2,4,,2,5,,4,0,tomato,5,0,tomato,6,0,plate,6,3,,6,4,,7,1,plate,7,3,,7,4,,0,78.30692208178803,33.81360157928065,,,0,1.0,30.0,78.36737918199157,49.632620818008434,,plate,0,1.0,30.0
329,0,1,,0,2,,0.0,0,0,3,,0.0,0,2,2,tomato,2,3,tomato,2,4,,2,5,,4,0,tomato,5,0,tomato,6,0,plate,6,3,,6,4,,7,1,plate,7,3,,7,4,,0,79.18532764345528,32.9242739291815,,,0,1.0,30.0,77.48349570550852,50.51650429449148,,plate,0,1.0,30.0
330,0,1,,0,2,,0.0,0,0,3,,0.0,0,2,2,tomato,2,3,tomato,2,4,,2,5,,4,0,tomato,5,0,tomato,6,0,plate,6,3,,6,4,,7,1,plate,7,3,,7,4,,0,80.06373320512253,32.034946279082355,,,0,1.0,30.0,76.59961222902547,51.40038777097453,,plate,0,1.0,30.0
331,0,1,,0,2,,0.0,0,0,3,,0.0,0,2,2,tomato,2,3,tomato,2,4,,2,5,,4,0,tomato,5,0,tomato,6,0,plate,6,3,,6,4,,7,1,plate,7,3,,7,4,,0,80.94213876678978,31.145618628983208,,,0,1.0,30.0,75.71572875254242,52.28427124745758,,plate,0,1.0,30.0
332,0,1,,0,2,,0.0,0,0,3,,0.0,0,2,2,tomato,2,3,tomato,2,4,,2,5,,4,0,tomato,5,0,tomato,6,0,plate,6,3,,6,4,,7,1,plate,7,3,,7,4,,0,81.82054432845707,30.25629097888406,,,0,1.0,30.0,74.83184527605937,53.16815472394063,,plate,0,1.0,30.0
333,0,1,,0,2,,0.0,0,0,3,,0.0,0,2,2,tomato,2,3,tomato,2,4,,2,5,,4,0,tomato,5,0,tomato,6,0,plate,6,3,,6,4,,7,1,plate,7,3,,7,4,,0,82.69894989012508,29.366963328784912,,,0,1.0,30.0,73.94796179957632,54.05203820042368,,plate,0,1.0,30.0
334,0,1,,0,2,,0.0,0,0,3,,0.0,0,2,2,tomato,2,3,tomato,2,4,,2,5,,4,0,tomato,5,0,tomato,6,0,plate,6,3,,6,4,,7,1,plate,7,3,,7,4,,0,83.57735545179308,28.477635678685765,,,0,1.0,30.0,73.06407832309327,54.93592167690673,,plate,0,1.0,30.0
335,0,1,,0,2,,0.0,0,0,3,,0.0,0,2,2,tomato,2,3,tomato,2,4,,2,5,,4,0,tomato,5,0,tomato,6,0,plate,6,3,,6,4,,7,1,plate,7,3,,7,4,,0,84.45576101346109,27.588308028586617,,,0,1.0,30.0,72.18019484661022,55.81980515338978,,plate,0,1.0,30.0
336,0,1,,0,2,,0.0,0,0,3,,0.0,0,2,2,tomato,2,3,tomato,2,4,,2,5,,4,0,tomato,5,0,tomato,6,0,plate,6,3,,6,4,,7,1,plate,7,3,,7,4,,0,85.33416657512909,26.69898037848747,,,0,1.0,30.0,71.29631137012717,56.70368862987283,,plate,0,1.0,30.0
337,0,1,,0,2,,0.0,0,0,3,,0.0,0,2,2,tomato,2,3,tomato,2,4,,2,5,,4,0,tomato,5,0,tomato,6,0,plate,6,3,,6,4,,7,1,plate,7,3,,7,4,,0,86.21257213679709,25.809652728388322,,,0,1.0,30.0,70.41242789364412,57.58757210635588,,plate,0,1.0,30.0
338,0,1,,0,2,,0.0,0,0,3,,0.0,0,2,2,tomato,2,3,tomato,2,4,,2,5,,4,0,tomato,5,0,tomato,6,0,plate,6,3,,6,4,,7,1,plate,7,3,,7,4,,0,87.0909776984651,24.920325078289174,,,0,1.0,30.0,69.52854441716107,58.47145558283893,,plate,0,1.0,30.0
339,0,1,,0,2,,0.0,0,0,3,,0.0,0,2,2,tomato,2,3,tomato,2,4,,2,5,,4,0,tomato,5,0,tomato,6,0,plate,6,3,,6,4,,7,1,plate,7,3,,7,4,,0,88.0,24.0,,,0,1.0,30.0,68.64466094067802,59.35533905932198,,plate,0,1.0,30.0
340,0,1,,0,2,,0.0,0,0,3,,0.0,0,2,2,tomato,2,3,tomato,2,4,,2,5,,4,0,tomato,5,0,tomato,6,0,plate,6,3,,6,4,,7,1,plate,7,3,,7,4,,0,88.0,24.0,,tomato,0,1.0,30.0,67.76077746419497,60.23922253580503,,plate,0,1.0,30.0
341,0,1,,0,2,,0.0,0,0,3,,0.0,0,2,2,tomato,2,3,tomato,2,4,,2,5,,4,0,tomato,5,0,tomato,6,0,plate,6,3,,6,4,,7,1,plate,7,3,,7,4,,0,88.0,24.0,,tomato,0,1.0,30.0,66.87689398771192,61.123106012288076,,plate,0,1.0,30.0
342,0,1,,0,2,,0.0,0,0,3,,0.0,0,2,2,tomato,2,3,tomato,2,4,,2,5,,4,0,tomato,5,0,tomato,6,0,plate,6,3,,6,4,,7,1,plate,7,3,,7,4,,0,88.0,24.0,,tomato,0,1.0,30.0,65.99301051122887,62.006989488771126,,plate,0,1.0,30.0
343,0,1,,0,2,,0.0,0,0,3,,0.0,0,2,2,tomato,2,3,tomato,2,4,,2,5,,4,0,tomato,5,0,tomato,6,0,plate,6,3,,6,4,,7,1,plate,7,3,,7,4,,0,88.0,24.0,,tomato,0,1.0,30.0,65.10912703474582,62.890872965254175,,plate,0,1.0,30.0
344,0,1,,0,2,,0.0,0,0,3,,0.0,0,2,2,tomato,2,3,tomato,2,4,,2,5,,4,0,tomato,5,0,tomato,6,0,plate,6,3,,6,4,,7,1,plate,7,3,,7,4,,0,88.0,24.0,,tomato,0,1.0,30.0,64.22524355826278,63.774756441737225,,plate,0,1.0,30.0
345,0,1,,0,2,,0.0,0,0,3,,0.0,0,2,2,tomato,2,3,tomato,2,4,,2,5,,4,0,tomato,5,0,tomato,6,0,plate,6,3,,6,4,,7,1,plate,7,3,,7,4,,0,88.0,24.0,,tomato,0,1.0,30.0,63.341360081779726,64.65863991822027,,plate,0,1.0,30.0
346,0,1,,0,2,,0.0,0,0,3,,0.0,0,2,2,tomato,2,3,tomato,2,4,,2,5,,4,0,tomato,5,0,tomato,6,0,plate,6,3,,6,4,,7,1,plate,7,3,,7,4,,0,88.0,24.0,,tomato,0,1.0,30.0,62.45747660529668,65.54252339470332,,plate,0,1.0,30.0
347,0,1,,0,2,,0.0,0,0,3,,0.0,0,2,2,tomato,2,3,tomato,2,4,,2,5,,4,0,tomato,5,0,tomato,6,0,plate,6,3,,6,4,,7,1,plate,7,3,,7,4,,0,88.0,24.0,,tomato,0,1.0,30.0,61.57359312881363,66.42640687118637,,plate,0,1.0,30.0
348,0,1,,0,2,,0.0,0,0,3,,0.0,0,2,2,tomato,2,3,tomato,2,4,,2,5,,4,0,tomato,5,0,tomato,6,0,plate,6,3,,6,4,,7,1,plate,7,3,,7,4,,0,88.0,24.0,,tomato,0,1.0,30.0,60.68970965233058,67.31029034766942,,plate,0,1.0,30.0
349,0,1,,0,2,,0.0,0,0,3,,0.0,0,2,2,tomato,2,3,tomato,2,4,,2,5,,4,0,tomato,5,0,tomato,6,0,plate,6,3,,6,4,,7,1,plate,7,3,,7,4,,0,88.0,24.0,,tomato,0,1.0,30.0,59.80582617584753,68.19417382415247,,plate,0,1.0,30.0
350,0,1,,0,2,,0.0,0,0,3,,0.0,0,2,2,tomato,2,3,tomato,2,4,,2,5,,4,0,tomato,5,0,tomato,6,0,plate,6,3,,6,4,,7,1,plate,7,3,,7,4,,0,88.0,24.0,,tomato,0,1.0,30.0,58.92194269936448,69.07805730063552,,plate,0,1.0,30.0
351,0,1,,0,2,,0.0,0,0,3,,0.0,0,2,2,tomato,2,3,tomato,2,4,,2,5,,4,0,tomato,5,0,tomato,6,0,plate,6,3,,6,4,,7,1,plate,7,3,,7,4,,0,88.0,24.0,,tomato,0,1.0,30.0,58.03805922288143,69.96194077711857,,plate,0,1.0,30.0
352,0,1,,0,2,,0.0,0,0,3,,0.0,0,2,2,tomato,2,3,tomato,2,4,,2,5,,4,0,tomato,5,0,tomato,6,0,plate,6,3,,6,4,,7,1,plate,7,3,,7,4,,0,88.0,24.0,,tomato,0,1.0,30.0,57.15417574639838,70.84582425360162,,plate,0,1.0,30.0
353,0,1,,0,2,,0.0,0,0,3,,0.0,0,2,2,tomato,2,3,tomato,2,4,,2,5,,4,0,tomato,5,0,tomato,6,0,plate,6,3,,6,4,,7,1,plate,7,3,,7,4,,0,88.0,24.0,,tomato,0,1.0,30.0,56.27029226991533,71.72970773008467,,plate,0,1.0,30.0
354,0,1,,0,2,,0.0,0,0,3,,0.0,0,2,2,tomato,2,3,tomato,2,4,,2,5,,4,0,tomato,5,0,tomato,6,0,plate,6,3,,6,4,,7,1,plate,7,3,,7,4,,0,88.0,24.0,,tomato,0,1.0,30.0,56.0,72.0,,plate,0,1.0,30.0
355,0,1,,0,2,,0.0,0,0,3,,0.0,0,2,2,tomato,2,3,tomato,2,4,plate,2,5,,4,0,tomato,5,0,tomato,6,0,plate,6,3,,6,4,,7,1,plate,7,3,,7,4,,0,88.0,24.0,,tomato,0,1.0,30.0,56.0,72.0,,,0,1.0,30.0
356,0,1,,0,2,,0.0,0,0,3,,0.0,0,2,2,tomato,2,3,tomato,2,4,plate,2,5,,4,0,tomato,5,0,tomato,6,0,plate,6,3,,6,4,,7,1,plate,7,3,,7,4,,0,88.0,24.0,,tomato,0,1.0,30.0,56.0,72.0,,,0,1.0,30.0
357,0,1,,0,2,,0.0,0,0,3,,0.0,0,2,2,tomato,2,3,tomato,2,4,plate,2,5,,4,0,tomato,5,0,tomato,6,0,plate,6,3,,6,4,,7,1,plate,7,3,,7,4,,0,88.0,24.0,,tomato,0,1.0,30.0,56.0,72.0,,,0,1.0,30.0
358,0,1,,0,2,,0.0,0,0,3,,0.0,0,2,2,tomato,2,3,tomato,2,4,plate,2,5,,4,0,tomato,5,0,tomato,6,0,plate,6,3,,6,4,,7,1,plate,7,3,,7,4,,0,88.0,24.0,,tomato,0,1.0,30.0,56.0,72.0,,,0,1.0,30.0
359,0,1,,0,2,,0.0,0,0,3,,0.0,0,2,2,tomato,2,3,tomato,2,4,plate,2,5,,4,0,tomato,5,0,tomato,6,0,plate,6,3,,6,4,,7,1,plate,7,3,,7,4,,0,88.0,24.0,,tomato,0,1.0,30.0,56.0,72.0,,,0,1.0,30.0
360,0,1,,0,2,,0.0,0,0,3,,0.0,0,2,2,tomato,2,3,tomato,2,4,plate,2,5,,4,0,tomato,5,0,tomato,6,0,plate,6,3,,6,4,,7,1,plate,7,3,,7,4,,0,88.0,24.0,,tomato,0,1.0,30.0,56.0,72.0,,,0,1.0,30.0
361,0,1,,0,2,,0.0,0,0,3,,0.0,0,2,2,tomato,2,3,tomato,2,4,plate,2,5,,4,0,tomato,5,0,tomato,6,0,plate,6,3,,6,4,,7,1,plate,7,3,,7,4,,0,88.0,24.0,,tomato,0,1.0,30.0,56.0,72.0,,,0,1.0,30.0
362,0,1,,0,2,,0.0,0,0,3,,0.0,0,2,2,tomato,2,3,tomato,2,4,plate,2,5,,4,0,tomato,5,0,tomato,6,0,plate,6,3,,6,4,,7,1,plate,7,3,,7,4,,0,88.0,24.0,,tomato,0,1.0,30.0,56.0,72.0,,,0,1.0,30.0
363,0,1,,0,2,,0.0,0,0,3,,0.0,0,2,2,tomato,2,3,tomato,2,4,plate,2,5,,4,0,tomato,5,0,tomato,6,0,plate,6,3,,6,4,,7,1,plate,7,3,,7,4,,0,88.0,24.0,,tomato,0,1.0,30.0,56.0,72.0,,,0,1.0,30.0
364,0,1,,0,2,,0.0,0,0,3,,0.0,0,2,2,tomato,2,3,tomato,2,4,plate,2,5,,4,0,tomato,5,0,tomato,6,0,plate,6,3,,6,4,,7,1,plate,7,3,,7,4,,0,88.0,24.0,,tomato,0,1.0,30.0,56.0,72.0,,,0,1.0,30.0
365,0,1,,0,2,,0.0,0,0,3,,0.0,0,2,2,tomato,2,3,tomato,2,4,plate,2,5,,4,0,tomato,5,0,tomato,6,0,plate,6,3,,6,4,,7,1,plate,7,3,,7,4,,0,88.0,24.0,,tomato,0,1.0,30.0,56.0,72.0,,,0,1.0,30.0
366,0,1,,0,2,,0.0,0,0,3,,0.0,0,2,2,tomato,2,3,tomato,2,4,plate,2,5,,4,0,tomato,5,0,tomato,6,0,plate,6,3,,6,4,,7,1,plate,7,3,,7,4,,0,88.0,24.0,,tomato,0,1.0,30.0,56.0,72.0,,,0,1.0,30.0
367,0,1,,0,2,,0.0,0,0,3,,0.0,0,2,2,tomato,2,3,tomato,2,4,plate,2,5,,4,0,tomato,5,0,tomato,6,0,plate,6,3,,6,4,,7,1,plate,7,3,,7,4,,0,88.0,24.0,,tomato,0,1.0,30.0,56.0,72.0,,,0,1.0,30.0
368,0,1,,0,2,,0.0,0,0,3,,0.0,0,2,2,tomato,2,3,tomato,2,4,plate,2,5,,4,0,tomato,5,0,tomato,6,0,plate,6,3,,6,4,,7,1,plate,7,3,,7,4,,0,88.0,24.0,,tomato,0,1.0,30.0,56.0,72.0,,,0,1.0,30.0
369,0,1,,0,2,,0.0,0,0,3,,0.0,0,2,2,tomato,2,3,tomato,2,4,plate,2,5,,4,0,tomato,5,0,tomato,6,0,plate,6,3,,6,4,,7,1,plate,7,3,,7,4,,0,88.0,24.0,,tomato,0,1.0,30.0,56.0,72.0,,,0,1.0,30.0
370,0,1,,0,2,,0.0,0,0,3,,0.0,0,2,2,tomato,2,3,tomato,2,4,plate,2,5,,4,0,tomato,5,0,tomato,6,0,plate,6,3,,6,4,,7,1,plate,7,3,,7,4,,0,88.0,24.0,,tomato,0,1.0,30.0,56.0,72.0,,,0,1.0,30.0
371,0,1,,0,2,,0.0,0,0,3,,0.0,0,2,2,tomato,2,3,tomato,2,4,plate,2,5,,4,0,tomato,5,0,tomato,6,0,plate,6,3,,6,4,,7,1,plate,7,3,,7,4,,0,88.0,24.0,,tomato,0,1.0,30.0,56.0,72.0,,,0,1.0,30.0
372,0,1,,0,2,,0.0,0,0,3,,0.0,0,2,2,tomato,2,3,tomato,2,4,plate,2,5,,4,0,tomato,5,0,tomato,6,0,plate,6,3,,6,4,,7,1,plate,7,3,,7,4,,0,88.0,24.0,,tomato,0,1.0,30.0,56.0,72.0,,,0,1.0,30.0
373,0,1,,0,2,,0.0,0,0,3,,0.0,0,2,2,tomato,2,3,tomato,2,4,plate,2,5,,4,0,tomato,5,0,tomato,6,0,plate,6,3,,6,4,,7,1,plate,7,3,,7,4,,0,88.0,24.0,,tomato,0,1.0,30.0,56.0,72.0,,,0,1.0,30.0
374,0,1,,0,2,,0.0,0,0,3,,0.0,0,2,2,tomato,2,3,tomato,2,4,plate,2,5,,4,0,tomato,5,0,tomato,6,0,plate,6,3,,6,4,,7,1,plate,7,3,,7,4,,0,88.0,24.0,,tomato,0,1.0,30.0,56.0,70.74999999999972,,,0,1.0,30.0
375,0,1,,0,2,,0.0,0,0,3,,0.0,0,2,2,tomato,2,3,tomato,2,4,plate,2,5,,4,0,tomato,5,0,tomato,6,0,plate,6,3,,6,4,,7,1,plate,7,3,,7,4,,0,88.0,24.0,,tomato,0,1.0,30.0,56.0,69.49999999999943,,,0,1.0,30.0
376,0,1,,0,2,,0.0,0,0,3,,0.0,0,2,2,tomato,2,3,tomato,2,4,plate,2,5,,4,0,tomato,5,0,tomato,6,0,plate,6,3,,6,4,,7,1,plate,7,3,,7,4,,0,88.0,24.0,,tomato,0,1.0,30.0,56.0,68.24999999999915,,,0,1.0,30.0
377,0,1,,0,2,,0.0,0,0,3,,0.0,0,2,2,tomato,2,3,tomato,2,4,plate,2,5,,4,0,tomato,5,0,tomato,6,0,plate,6,3,,6,4,,7,1,plate,7,3,,7,4,,0,88.0,24.0,,tomato,0,1.0,30.0,56.0,66.99999999999886,,,0,1.0,30.0
378,0,1,,0,2,,0.0,0,0,3,,0.0,0,2,2,tomato,2,3,tomato,2,4,plate,2,5,,4,0,tomato,5,0,tomato,6,0,plate,6,3,,6,4,,7,1,plate,7,3,,7,4,,0,88.0,24.0,,tomato,0,1.0,30.0,56.0,65.74999999999858,,,0,1.0,30.0
379,0,1,,0,2,,0.0,0,0,3,,0.0,0,2,2,tomato,2,3,tomato,2,4,plate,2,5,,4,0,tomato,5,0,tomato,6,0,plate,6,3,,6,4,,7,1,plate,7,3,,7,4,,0,88.0,24.0,,tomato,0,1.0,30.0,56.0,64.4999999999983,,,0,1.0,30.0
380,0,1,,0,2,,0.0,0,0,3,,0.0,0,2,2,tomato,2,3,tomato,2,4,plate,2,5,,4,0,tomato,5,0,tomato,6,0,plate,6,3,,6,4,,7,1,plate,7,3,,7,4,,0,88.0,24.0,,tomato,0,1.0,30.0,56.0,63.24999999999801,,,0,1.0,30.0
381,0,1,,0,2,,0.0,0,0,3,,0.0,0,2,2,tomato,2,3,tomato,2,4,plate,2,5,,4,0,tomato,5,0,tomato,6,0,plate,6,3,,6,4,,7,1,plate,7,3,,7,4,,0,88.0,24.0,,tomato,0,1.0,30.0,56.0,61.999999999997726,,,0,1.0,30.0
382,0,1,,0,2,,0.0,0,0,3,,0.0,0,2,2,tomato,2,3,tomato,2,4,plate,2,5,,4,0,tomato,5,0,tomato,6,0,plate,6,3,,6,4,,7,1,plate,7,3,,7,4,,0,88.0,24.0,,tomato,0,1.0,30.0,56.0,60.74999999999744,,,0,1.0,30.0
383,0,1,,0,2,,0.0,0,0,3,,0.0,0,2,2,tomato,2,3,tomato,2,4,plate,2,5,,4,0,tomato,5,0,tomato,6,0,plate,6,3,,6,4,,7,1,plate,7,3,,7,4,,0,88.0,24.0,,tomato,0,1.0,30.0,56.0,59.49999999999716,,,0,1.0,30.0
384,0,1,,0,2,,0.0,0,0,3,,0.0,0,2,2,tomato,2,3,tomato,2,4,plate,2,5,,4,0,tomato,5,0,tomato,6,0,plate,6,3,,6,4,,7,1,plate,7,3,,7,4,,0,88.0,24.0,,tomato,0,1.0,30.0,56.0,58.249999999996874,,,0,1.0,30.0
385,0,1,,0,2,,0.0,0,0,3,,0.0,0,2,2,tomato,2,3,tomato,2,4,plate,2,5,,4,0,tomato,5,0,tomato,6,0,plate,6,3,,6,4,,7,1,plate,7,3,,7,4,,0,88.0,24.0,,tomato,0,1.0,30.0,56.0,56.99999999999659,,,0,1.0,30.0
386,0,1,,0,2,,0.0,0,0,3,,0.0,0,2,2,tomato,2,3,tomato,2,4,plate,2,5,,4,0,tomato,5,0,tomato,6,0,plate,6,3,,6,4,,7,1,plate,7,3,,7,4,,0,88.0,24.0,,tomato,0,1.0,30.0,56.0,56.0,,,0,1.0,30.0
387,0,1,,0,2,,0.0,0,0,3,,0.0,0,2,2,tomato,2,3,,2,4,plate,2,5,,4,0,tomato,5,0,tomato,6,0,plate,6,3,,6,4,,7,1,plate,7,3,,7,4,,0,88.0,24.0,,tomato,0,1.0,30.0,56.0,56.0,,tomato,0,1.0,30.0
388,0,1,,0,2,,0.0,0,0,3,,0.0,0,2,2,tomato,2,3,,2,4,plate,2,5,,4,0,tomato,5,0,tomato,6,0,plate,6,3,,6,4,,7,1,plate,7,3,,7,4,,0,88.0,24.0,,tomato,0,1.0,30.0,56.0,56.0,,tomato,0,1.0,30.0
389,0,1,,0,2,,0.0,0,0,3,,0.0,0,2,2,tomato,2,3,,2,4,plate,2,5,,4,0,tomato,5,0,tomato,6,0,plate,6,3,,6,4,,7,1,plate,7,3,,7,4,,0,88.0,24.0,,tomato,0,1.0,30.0,56.0,56.0,,tomato,0,1.0,30.0
390,0,1,,0,2,,0.0,0,0,3,,0.0,0,2,2,tomato,2,3,,2,4,plate,2,5,,4,0,tomato,5,0,tomato,6,0,plate,6,3,,6,4,,7,1,plate,7,3,,7,4,,0,88.0,24.0,,tomato,0,1.0,30.0,56.0,56.0,,tomato,0,1.0,30.0
391,0,1,,0,2,,0.0,0,0,3,,0.0,0,2,2,tomato,2,3,,2,4,plate,2,5,,4,0,tomato,5,0,tomato,6,0,plate,6,3,,6,4,,7,1,plate,7,3,,7,4,,0,88.0,24.0,,tomato,0,1.0,30.0,56.0,56.0,,tomato,0,1.0,30.0
392,0,1,,0,2,,0.0,0,0,3,,0.0,0,2,2,tomato,2,3,,2,4,plate,2,5,,4,0,tomato,5,0,tomato,6,0,plate,6,3,,6,4,,7,1,plate,7,3,,7,4,,0,88.0,24.0,,tomato,0,1.0,30.0,56.0,56.0,,tomato,0,1.0,30.0
393,0,1,,0,2,,0.0,0,0,3,,0.0,0,2,2,tomato,2,3,,2,4,plate,2,5,,4,0,tomato,5,0,tomato,6,0,plate,6,3,,6,4,,7,1,plate,7,3,,7,4,,0,87.11611652351695,24.88388347648305,,tomato,0,1.0,30.0,56.0,56.0,,tomato,0,1.0,30.0
394,0,1,,0,2,,0.0,0,0,3,,0.0,0,2,2,tomato,2,3,,2,4,plate,2,5,,4,0,tomato,5,0,tomato,6,0,plate,6,3,,6,4,,7,1,plate,7,3,,7,4,,0,86.2322330470339,25.7677669529661,,tomato,0,1.0,30.0,56.0,56.0,,tomato,0,1.0,30.0
395,0,1,,0,2,,0.0,0,0,3,,0.0,0,2,2,tomato,2,3,,2,4,plate,2,5,,4,0,tomato,5,0,tomato,6,0,plate,6,3,,6,4,,7,1,plate,7,3,,7,4,,0,85.34834957055085,26.65165042944915,,tomato,0,1.0,30.0,56.0,56.0,,tomato,0,1.0,30.0
396,0,1,,0,2,,0.0,0,0,3,,0.0,0,2,2,tomato,2,3,,2,4,plate,2,5,,4,0,tomato,5,0,tomato,6,0,plate,6,3,,6,4,,7,1,plate,7,3,,7,4,,0,84.4644660940678,27.535533905932198,,tomato,0,1.0,30.0,56.0,56.0,,tomato,0,1.0,30.0
397,0,1,,0,2,,0.0,0,0,3,,0.0,0,2,2,tomato,2,3,,2,4,plate,2,5,,4,0,tomato,5,0,tomato,6,0,plate,6,3,,6,4,,7,1,plate,7,3,,7,4,,0,83.58058261758475,28.419417382415247,,tomato,0,1.0,30.0,56.0,56.0,,tomato,0,1.0,30.0
398,0,1,,0,2,,0.0,0,0,3,,0.0,0,2,2,tomato,2,3,,2,4,plate,2,5,,4,0,tomato,5,0,tomato,6,0,plate,6,3,,6,4,,7,1,plate,7,3,,7,4,,0,82.6966991411017,29.303300858898297,,tomato,0,1.0,30.0,56.0,56.0,,tomato,0,1.0,30.0
399,0,1,,0,2,,0.0,0,0,3,,0.0,0,2,2,tomato,2,3,,2,4,plate,2,5,,4,0,tomato,5,0,tomato,6,0,plate,6,3,,6,4,,7,1,plate,7,3,,7,4,,0,81.81281566461865,30.187184335381346,,tomato,0,1.0,30.0,56.0,56.0,,tomato,0,1.0,30.0
400,0,1,,0,2,,0.0,0,0,3,,0.0,0,2,2,tomato,2,3,,2,4,plate,2,5,,4,0,tomato,5,0,tomato,6,0,plate,6,3,,6,4,,7,1,plate,7,3,,7,4,,0,80.9289321881356,31.071067811864395,,tomato,0,1.0,30.0,56.0,56.0,,tomato,0,1.0,30.0
401,0,1,,0,2,,0.0,0,0,3,,0.0,0,2,2,tomato,2,3,,2,4,plate,2,5,,4,0,tomato,5,0,tomato,6,0,plate,6,3,,6,4,,7,1,plate,7,3,,7,4,,0,80.04504871165256,31.954951288347445,,tomato,0,1.0,30.0,56.0,56.0,,tomato,0,1.0,30.0
402,0,1,,0,2,,0.0,0,0,3,,0.0,0,2,2,tomato,2,3,,2,4,plate,2,5,,4,0,tomato,5,0,tomato,6,0,plate,6,3,,6,4,,7,1,plate,7,3,,7,4,,0,79.1611652351695,32.838834764830494,,tomato,0,1.0,30.0,56.0,56.0,,tomato,0,1.0,30.0
403,0,1,,0,2,,0.0,0,0,3,,0.0,0,2,2,tomato,2,3,,2,4,plate,2,5,,4,0,tomato,5,0,tomato,6,0,plate,6,3,,6,4,,7,1,plate,7,3,,7,4,,0,78.27728175868646,33.722718241313544,,tomato,0,1.0,30.0,56.0,56.0,,tomato,0,1.0,30.0
404,0,1,,0,2,,0.0,0,0,3,,0.0,0,2,2,tomato,2,3,,2,4,plate,2,5,,4,0,tomato,5,0,tomato,6,0,plate,6,3,,6,4,,7,1,plate,7,3,,7,4,,0,77.3933982822034,34.60660171779659,,tomato,0,1.0,30.0,56.0,57.250000000000284,,tomato,0,1.0,30.0
405,0,1,,0,2,,0.0,0,0,3,,0.0,0,2,2,tomato,2,3,,2,4,plate,2,5,,4,0,tomato,5,0,tomato,6,0,plate,6,3,,6,4,,7,1,plate,7,3,,7,4,,0,76.50951480572036,35.49048519427964,,tomato,0,1.0,30.0,56.0,58.50000000000057,,tomato,0,1.0,30.0
406,0,1,,0,2,,0.0,0,0,3,,0.0,0,2,2,tomato,2,3,,2,4,plate,2,5,,4,0,tomato,5,0,tomato,6,0,plate,6,3,,6,4,,7,1,plate,7,3,,7,4,,0,75.62563132923731,36.37436867076269,,tomato,0,1.0,30.0,56.0,59.75000000000085,,tomato,0,1.0,30.0
407,0,1,,0,2,,0.0,0,0,3,,0.0,0,2,2,tomato,2,3,,2,4,plate,2,5,,4,0,tomato,5,0,tomato,6,0,plate,6,3,,6,4,,7,1,plate,7,3,,7,4,,0,74.74174785275426,37.25825214724574,,tomato,0,1.0,30.0,56.0,61.00000000000114,,tomato,0,1.0,30.0
408,0,1,,0,2,,0.0,0,0,3,,0.0,0,2,2,tomato,2,3,,2,4,plate,2,5,,4,0,tomato,5,0,tomato,6,0,plate,6,3,,6,4,,7,1,plate,7,3,,7,4,,0,73.85786437627121,38.14213562372879,,tomato,0,1.0,30.0,56.0,62.25000000000142,,tomato,0,1.0,30.0
409,0,1,,0,2,,0.0,0,0,3,,0.0,0,2,2,tomato,2,3,,2,4,plate,2,5,,4,0,tomato,5,0,tomato,6,0,plate,6,3,,6,4,,7,1,plate,7,3,,7,4,,0,72.97398089978816,39.02601910021184,,tomato,0,1.0,30.0,56.0,63.500000000001705,,tomato,0,1.0,30.0
410,0,1,,0,2,,0.0,0,0,3,,0.0,0,2,2,tomato,2,3,,2,4,plate,2,5,,4,0,tomato,5,0,tomato,6,0,plate,6,3,,6,4,,7,1,plate,7,3,,7,4,,0,72.19434681531624,39.95382555869017,,tomato,0,1.0,30.0,56.0,64.75000000000199,,tomato,0,1.0,30.0
411,0,1,,0,2,,0.0,0,0,3,,0.0,0,2,2,tomato,2,3,,2,4,plate,2,5,,4,0,tomato,5,0,tomato,6,0,plate,6,3,,6,4,,7,1,plate,7,3,,7,4,,0,72.17920827225925,41.203733885133886,,tomato,0,1.0,30.0,56.0,66.00000000000227,,tomato,0,1.0,30.0
412,0,1,,0,2,,0.0,0,0,3,,0.0,0,2,2,tomato,2,3,,2,4,plate,2,5,,4,0,tomato,5,0,tomato,6,0,plate,6,3,,6,4,,7,1,plate,7,3,,7,4,,0,72.16406972920225,42.4536422115776,,tomato,0,1.0,30.0,56.0,67.25000000000256,,tomato,0,1.0,30.0
413,0,1,,0,2,,0.0,0,0,3,,0.0,0,2,2,tomato,2,3,,2,4,plate,2,5,,4,0,tomato,5,0,tomato,6,0,plate,6,3,,6,4,,7,1,plate,7,3,,7,4,,0,72.14893118614526,43.70355053802132,,tomato,0,1.0,30.0,56.0,68.50000000000284,,tomato,0,1.0,30.0
414,0,1,,0,2,,0.0,0,0,3,,0.0,0,2,2,tomato,2,3,,2,4,plate,2,5,,4,0,tomato,5,0,tomato,6,0,plate,6,3,,6,4,,7,1,plate,7,3,,7,4,,0,72.13379264308827,44.953458864465034,,tomato,0,1.0,30.0,56.0,69.75000000000313,,tomato,0,1.0,30.0
415,0,1,,0,2,,0.0,0,0,3,,0.0,0,2,2,tomato,2,3,,2,4,plate,2,5,,4,0,tomato,5,0,tomato,6,0,plate,6,3,,6,4,,7,1,plate,7,3,,7,4,,0,72.11865410003128,46.20336719090875,,tomato,0,1.0,30.0,56.0,71.00000000000341,,tomato,0,1.0,30.0
416,0,1,,0,2,,0.0,0,0,3,,0.0,0,2,2,tomato,2,3,,2,4,plate,2,5,,4,0,tomato,5,0,tomato,6,0,plate,6,3,,6,4,,7,1,plate,7,3,,7,4,,0,72.10351555697429,47.453275517352466,,tomato,0,1.0,30.0,56.0,72.2500000000037,,tomato,0,1.0,30.0
417,0,1,,0,2,,0.0,0,0,3,,0.0,0,2,2,tomato,2,3,,2,4,plate,2,5,,4,0,tomato,5,0,tomato,6,0,plate,6,3,,6,4,,7,1,plate,7,3,,7,4,,0,72.0883770139173,48.70318384379618,,tomato,0,1.0,30.0,56.0,73.50000000000398,,tomato,0,1.0,30.0
418,0,1,,0,2,,0.0,0,0,3,,0.0,0,2,2,tomato,2,3,,2,4,plate,2,5,,4,0,tomato,5,0,tomato,6,0,plate,6,3,,6,4,,7,1,plate,7,3,,7,4,,0,72.0732384708603,49.9530921702399,,tomato,0,1.0,30.0,56.0,74.75000000000426,,tomato,0,1.0,30.0
419,0,1,,0,2,,0.0,0,0,3,,0.0,0,2,2,tomato,2,3,,2,4,plate,2,5,,4,0,tomato,5,0,tomato,6,0,plate,6,3,,6,4,,7,1,plate,7,3,,7,4,,0,72.05809992780331,51.203000496683615,,tomato,0,1.0,30.0,56.0,76.00000000000455,,tomato,0,1.0,30.0
420,0,1,,0,2,,0.0,0,0,3,,0.0,0,2,2,tomato,2,3,,2,4,plate,2,5,,4,0,tomato,5,0,tomato,6,0,plate,6,3,,6,4,,7,1,plate,7,3,,7,4,,0,72.04296138474632,52.45290882312733,,tomato,0,1.0,30.0,56.0,77.25000000000483,,tomato,0,1.0,30.0
421,0,1,,0,2,,0.0,0,0,3,,0.0,0,2,2,tomato,2,3,,2,4,plate,2,5,,4,0,tomato,5,0,tomato,6,0,plate,6,3,,6,4,,7,1,plate,7,3,,7,4,,0,72.02782284168917,53.70281714957105,,tomato,0,1.0,30.0,56.0,78.50000000000512,,tomato,0,1.0,30.0
422,0,1,,0,2,,0.0,0,0,3,,0.0,0,2,2,tomato,2,3,,2,4,plate,2,5,,4,0,tomato,5,0,tomato,6,0,plate,6,3,,6,4,,7,1,plate,7,3,,7,4,,0,72.01268429863147,54.95272547601476,,tomato,0,1.0,30.0,56.0,79.7500000000054,,tomato,0,1.0,30.0
423,0,1,,0,2,,0.0,0,0,3,,0.0,0,2,2,tomato,2,3,,2,4,plate,2,5,,4,0,tomato,5,0,tomato,6,0,plate,6,3,,6,4,,7,1,plate,7,3,,7,4,,0,72.00233106509788,56.20266313364169,,tomato,0,1.0,30.0,56.0,81.00000000000568,,tomato,0,1.0,30.0
424,0,1,,0,2,,0.0,0,0,3,,0.0,0,2,2,tomato,2,3,,2,4,plate,2,5,,4,0,tomato,5,0,tomato,6,0,plate,6,3,,6,4,,7,1,plate,7,3,,7,4,,0,72.00214661430297,57.45266312003295,,tomato,0,1.0,30.0,56.0,82.25000000000597,,tomato,0,1.0,30.0
425,0,1,,0,2,,0.0,0,0,3,,0.0,0,2,2,tomato,2,3,,2,4,plate,2,5,,4,0,tomato,5,0,tomato,6,0,plate,6,3,,6,4,,7,1,plate,7,3,,7,4,,0,72.00196216350807,58.70266310642421,,tomato,0,1.0,30.0,56.0,83.50000000000625,,tomato,0,1.0,30.0
426,0,1,,0,2,,0.0,0,0,3,,0.0,0,2,2,tomato,2,3,,2,4,plate,2,5,,4,0,tomato,5,0,tomato,6,0,plate,6,3,,6,4,,7,1,plate,7,3,,7,4,,0,72.00177771271316,59.95266309281547,,tomato,0,1.0,30.0,56.0,84.75000000000654,,tomato,0,1.0,30.0
427,0,1,,0,2,,0.0,0,0,3,,0.0,0,2,2,tomato,2,3,,2,4,plate,2,5,,4,0,tomato,5,0,tomato,6,0,plate,6,3,,6,4,,7,1,plate,7,3,,7,4,,0,72.00159326191826,61.20266307920673,,tomato,0,1.0,30.0,56.0,86.00000000000682,,tomato,0,1.0,30.0
428,0,1,,0,2,,0.0,0,0,3,,0.0,0,2,2,tomato,2,3,,2,4,plate,2,5,,4,0,tomato,5,0,tomato,6,0,plate,6,3,,6,4,,7,1,plate,7,3,,7,4,,0,72.00140881112335,62.45266306559799,,tomato,0,1.0,30.0,56.0,87.2500000000071,,tomato,0,1.0,30.0
429,0,1,,0,2,,0.0,0,0,3,,0.0,0,2,2,tomato,2,3,,2,4,plate,2,5,,4,0,tomato,5,0,tomato,6,0,plate,6,3,,6,4,,7,1,plate,7,3,,7,4,,0,72.00122436032845,63.70266305198925,,tomato,0,1.0,30.0,55.50810911865716,88.29803951736653,,tomato,0,1.0,30.0
430,0,1,,0,2,,0.0,0,0,3,,0.0,0,2,2,tomato,2,3,,2,4,plate,2,5,,4,0,tomato,5,0,tomato,6,0,plate,6,3,,6,4,,7,1,plate,7,3,,7,4,,0,72.00103990953355,64.95266303837997,,tomato,0,1.0,30.0,54.62973254483066,89.18739579836529,,tomato,0,1.0,30.0
431,0,1,,0,2,,0.0,0,0,3,,0.0,0,2,2,tomato,2,3,,2,4,plate,2,5,,4,0,tomato,5,0,tomato,6,0,plate,6,3,,6,4,,7,1,plate,7,3,,7,4,,0,72.00085545873864,66.20266302477052,,tomato,0,1.0,30.0,53.75135597100416,90.07675207936404,,tomato,0,1.0,30.0
432,0,1,,0,2,,0.0,0,0,3,,0.0,0,2,2,tomato,2,3,,2,4,plate,2,5,,4,0,tomato,5,0,tomato,6,0,plate,6,3,,6,4,,7,1,plate,7,3,,7,4,,0,72.00067100794374,67.45266301116106,,tomato,0,1.0,30.0,52.87297939717766,90.9661083603628,,tomato,0,1.0,30.0
433,0,1,,0,2,,0.0,0,0,3,,0.0,0,2,2,tomato,2,3,,2,4,plate,2,5,,4,0,tomato,5,0,tomato,6,0,plate,6,3,,6,4,,7,1,plate,7,3,,7,4,,0,72.00048655714883,68.70266299755161,,tomato,0,1.0,30.0,51.99460282335116,91.85546464136155,,tomato,0,1.0,30.0
434,0,1,,0,2,,0.0,0,0,3,,0.0,0,2,2,tomato,2,3,,2,4,plate,2,5,,4,0,tomato,5,0,tomato,6,0,plate,6,3,,6,4,,7,1,plate,7,3,,7,4,,0,72.00030210635417,69.95266298394216,,tomato,0,1.0,30.0,51.11622624952466,92.7448209223603,,tomato,0,1.0,30.0
435,0,1,,0,2,,0.0,0,0,3,,0.0,0,2,2,tomato,2,3,,2,4,plate,2,5,,4,0,tomato,5,0,tomato,6,0,plate,6,3,,6,4,,7,1,plate,7,3,,7,4,,0,72.00011765555998,71.20266297033271,,tomato,0,1.0,30.0,50.23784967569816,93.63417720335906,,tomato,0,1.0,30.0
436,0,1,,0,2,,0.0,0,0,3,,0.0,0,2,2,tomato,2,3,,2,4,plate,2,5,,4,0,tomato,5,0,tomato,6,0,plate,6,3,,6,4,,7,1,plate,7,3,,7,4,,0,71.54323487120497,72.2650902716208,,tomato,0,1.0,30.0,49.35947310187166,94.52353348435781,,tomato,0,1.0,30.0
437,0,1,,0,2,,0.0,0,0,3,,0.0,0,2,2,tomato,2,3,,2,4,plate,2,5,,4,0,tomato,5,0,tomato,6,0,plate,6,3,,6,4,,7,1,plate,7,3,,7,4,,0,70.6647843943323,73.15437355589125,,tomato,0,1.0,30.0,48.48109652804516,95.41288976535657,,tomato,0,1.0,30.0
438,0,1,,0,2,,0.0,0,0,3,,0.0,0,2,2,tomato,2,3,,2,4,plate,2,5,,4,0,tomato,5,0,tomato,6,0,plate,6,3,,6,4,,7,1,plate,7,3,,7,4,,0,69.78633391745963,74.0436568401617,,tomato,0,1.0,30.0,47.60271995421866,96.30224604635532,,tomato,0,1.0,30.0
439,0,1,,0,2,,0.0,0,0,3,,0.0,0,2,2,tomato,2,3,,2,4,plate,2,5,,4,0,tomato,5,0,tomato,6,0,plate,6,3,,6,4,,7,1,plate,7,3,,7,4,,0,68.90788344058696,74.93294012443215,,tomato,0,1.0,30.0,46.724343380392156,97.19160232735408,,tomato,0,1.0,30.0
440,0,1,,0,2,,0.0,0,0,3,,0.0,0,2,2,tomato,2,3,,2,4,plate,2,5,,4,0,tomato,5,0,tomato,6,0,plate,6,3,,6,4,,7,1,plate,7,3,,7,4,,0,68.02943296371429,75.8222234087026,,tomato,0,1.0,30.0,45.845966806565656,98.08095860835283,,tomato,0,1.0,30.0
441,0,1,,0,2,,0.0,0,0,3,,0.0,0,2,2,tomato,2,3,,2,4,plate,2,5,,4,0,tomato,5,0,tomato,6,0,plate,6,3,,6,4,,7,1,plate,7,3,,7,4,,0,67.15098248684161,76.71150669297305,,tomato,0,1.0,30.0,44.967590232739155,98.97031488935158,,tomato,0,1.0,30.0
442,0,1,,0,2,,0.0,0,0,3,,0.0,0,2,2,tomato,2,3,,2,4,plate,2,5,,4,0,tomato,5,0,tomato,6,0,plate,6,3,,6,4,,7,1,plate,7,3,,7,4,,0,66.27253200996894,77.6007899772435,,tomato,0,1.0,30.0,44.089213658912655,99.85967117035034,,tomato,0,1.0,30.0
443,0,1,,0,2,,0.0,0,0,3,,0.0,0,2,2,tomato,2,3,,2,4,plate,2,5,,4,0,tomato,5,0,tomato,6,0,plate,6,3,,6,4,,7,1,plate,7,3,,7,4,,0,65.39408153309627,78.49007326151394,,tomato,0,1.0,30.0,43.210837085086155,100.7490274513491,,tomato,0,1.0,30.0
444,0,1,,0,2,,0.0,0,0,3,,0.0,0,2,2,tomato,2,3,,2,4,plate,2,5,,4,0,tomato,5,0,tomato,6,0,plate,6,3,,6,4,,7,1,plate,7,3,,7,4,,0,64.5156310562236,79.37935654578439,,tomato,0,1.0,30.0,42.332460511259654,101.63838373234866,,tomato,0,1.0,30.0
445,0,1,,0,2,,0.0,0,0,3,,0.0,0,2,2,tomato,2,3,,2,4,plate,2,5,,4,0,tomato,5,0,tomato,6,0,plate,6,3,,6,4,,7,1,plate,7,3,,7,4,,0,63.637180579350925,80.26863983005384,,tomato,0,1.0,30.0,41.454083937433154,102.52774001334835,,tomato,0,1.0,30.0
446,0,1,,0,2,,0.0,0,0,3,,0.0,0,2,2,tomato,2,3,,2,4,plate,2,5,,4,0,tomato,5,0,tomato,6,0,plate,6,3,,6,4,,7,1,plate,7,3,,7,4,,0,62.75873010247825,81.15792311432324,,tomato,0,1.0,30.0,40.575707363606654,103.41709629434803,,tomato,0,1.0,30.0
447,0,1,,0,2,,0.0,0,0,3,,0.0,0,2,2,tomato,2,3,,2,4,plate,2,5,,4,0,tomato,5,0,tomato,6,0,plate,6,3,,6,4,,7,1,plate,7,3,,7,4,,0,61.88027962560558,82.04720639859262,,tomato,0,1.0,30.0,39.688391623026064,103.31936371188569,,tomato,0,1.0,30.0
448,0,1,,0,2,,0.0,0,0,3,,0.0,0,2,2,tomato,2,3,,2,4,plate,2,5,,4,0,tomato,5,0,tomato,6,0,plate,6,3,,6,4,,7,1,plate,7,3,,7,4,,0,61.00182914873291,82.93648968286202,,tomato,0,1.0,30.0,38.794052251424404,102.44606130813175,,tomato,0,1.0,30.0
449,0,1,,0,2,,0.0,0,0,3,,0.0,0,2,2,tomato,2,3,,2,4,plate,2,5,,4,0,tomato,5,0,tomato,6,0,plate,6,3,,6,4,,7,1,plate,7,3,,7,4,,0,60.12337867186024,83.8257729671314,,tomato,0,1.0,30.0,37.899712879822744,101.5727589043778,,tomato,0,1.0,30.0
450,0,1,,0,2,,0.0,0,0,3,,0.0,0,2,2,tomato,2,3,,2,4,plate,2,5,,4,0,tomato,5,0,tomato,6,0,plate,6,3,,6,4,,7,1,plate,7,3,,7,4,,0,59.244928194987565,84.7150562514008,,tomato,0,1.0,30.0,37.00537350822108,100.69945650062387,,tomato,0,1.0,30.0
451,0,1,,0,2,,0.0,0,0,3,,0.0,0,2,2,tomato,2,3,,2,4,plate,2,5,,4,0,tomato,5,0,tomato,6,0,plate,6,3,,6,4,,7,1,plate,7,3,,7,4,,0,58.36647771811489,85.60433953567018,,tomato,0,1.0,30.0,36.11103413661942,99.82615409686993,,tomato,0,1.0,30.0
452,0,1,,0,2,,0.0,0,0,3,,0.0,0,2,2,tomato,2,3,,2,4,plate,2,5,,4,0,tomato,5,0,tomato,6,0,plate,6,3,,6,4,,7,1,plate,7,3,,7,4,,0,57.48802724124222,86.49362281993957,,tomato,0,1.0,30.0,35.21669476501776,98.95285169311599,,tomato,0,1.0,30.0
453,0,1,,0,2,,0.0,0,0,3,,0.0,0,2,2,tomato,2,3,,2,4,plate,2,5,,4,0,tomato,5,0,tomato,6,0,plate,6,3,,6,4,,7,1,plate,7,3,,7,4,,0,56.60957676436955,87.38290610420896,,tomato,0,1.0,30.0,34.3223553934161,98.07954928936205,,tomato,0,1.0,30.0
454,0,1,,0,2,,0.0,0,0,3,,0.0,0,2,2,tomato,2,3,,2,4,plate,2,5,,4,0,tomato,5,0,tomato,6,0,plate,6,3,,6,4,,7,1,plate,7,3,,7,4,,0,56.0,88.0,,tomato,0,1.0,30.0,33.42801602181444,97.20624688560811,,tomato,0,1.0,30.0
455,0,1,,0,2,,0.0,0,0,3,,0.0,0,2,2,tomato,2,3,,2,4,plate,2,5,tomato,4,0,tomato,5,0,tomato,6,0,plate,6,3,,6,4,,7,1,plate,7,3,,7,4,,0,56.0,88.0,,,0,1.0,30.0,32.53367665021278,96.33294448185417,,tomato,0,1.0,30.0
456,0,1,,0,2,,0.0,0,0,3,,0.0,0,2,2,tomato,2,3,,2,4,plate,2,5,tomato,4,0,tomato,5,0,tomato,6,0,plate,6,3,,6,4,,7,1,plate,7,3,,7,4,,0,56.0,88.0,,,0,1.0,30.0,31.639337278611123,95.45964207810023,,tomato,0,1.0,30.0
457,0,1,,0,2,,0.0,0,0,3,,0.0,0,2,2,tomato,2,3,,2,4,plate,2,5,tomato,4,0,tomato,5,0,tomato,6,0,plate,6,3,,6,4,,7,1,plate,7,3,,7,4,,0,56.0,88.0,,,0,1.0,30.0,30.744997907009463,94.58633967434629,,tomato,0,1.0,30.0
458,0,1,,0,2,,0.0,0,0,3,,0.0,0,2,2,tomato,2,3,,2,4,plate,2,5,tomato,4,0,tomato,5,0,tomato,6,0,plate,6,3,,6,4,,7,1,plate,7,3,,7,4,,0,56.0,88.0,,,0,1.0,30.0,29.850658535407803,93.71303727059235,,tomato,0,1.0,30.0
459,0,1,,0,2,,0.0,0,0,3,,0.0,0,2,2,tomato,2,3,,2,4,plate,2,5,tomato,4,0,tomato,5,0,tomato,6,0,plate,6,3,,6,4,,7,1,plate,7,3,,7,4,,0,56.0,88.0,,,0,1.0,30.0,28.956319163806143,92.83973486683841,,tomato,0,1.0,30.0
460,0,1,,0,2,,0.0,0,0,3,,0.0,0,2,2,tomato,2,3,,2,4,plate,2,5,tomato,4,0,tomato,5,0,tomato,6,0,plate,6,3,,6,4,,7,1,plate,7,3,,7,4,,0,56.0,88.0,,,0,1.0,30.0,28.061979792204546,91.96643246308447,,tomato,0,1.0,30.0
461,0,1,,0,2,,0.0,0,0,3,,0.0,0,2,2,tomato,2,3,,2,4,plate,2,5,tomato,4,0,tomato,5,0,tomato,6,0,plate,6,3,,6,4,,7,1,plate,7,3,,7,4,,0,56.0,88.0,,,0,1.0,30.0,27.16764042060324,91.09313005933053,,tomato,0,1.0,30.0
462,0,1,,0,2,,0.0,0,0,3,,0.0,0,2,2,tomato,2,3,,2,4,plate,2,5,tomato,4,0,tomato,5,0,tomato,6,0,plate,6,3,,6,4,,7,1,plate,7,3,,7,4,,0,56.0,88.0,,,0,1.0,30.0,26.273301049001937,90.21982765557617,,tomato,0,1.0,30.0
463,0,1,,0,2,,0.0,0,0,3,,0.0,0,2,2,tomato,2,3,,2,4,plate,2,5,tomato,4,0,tomato,5,0,tomato,6,0,plate,6,3,,6,4,,7,1,plate,7,3,,7,4,,0,56.0,88.0,,,0,1.0,30.0,25.378961677400632,89.34652525182159,,tomato,0,1.0,30.0
464,0,1,,0,2,,0.0,0,0,3,,0.0,0,2,2,tomato,2,3,,2,4,plate,2,5,tomato,4,0,tomato,5,0,tomato,6,0,plate,6,3,,6,4,,7,1,plate,7,3,,7,4,,0,56.0,88.0,,,0,1.0,30.0,24.484622305799327,88.47322284806702,,tomato,0,1.0,30.0
465,0,1,,0,2,,0.0,0,0,3,,0.0,0,2,2,tomato,2,3,,2,4,plate,2,5,tomato,4,0,tomato,5,0,tomato,6,0,plate,6,3,,6,4,,7,1,plate,7,3,,7,4,,0,56.0,88.0,,,0,1.0,30.0,24.188018835610286,87.34382988687406,,tomato,0,1.0,30.0
466,0,1,,0,2,,0.0,0,0,3,,0.0,0,2,2,tomato,2,3,,2,4,plate,2,5,tomato,4,0,tomato,5,0,tomato,6,0,plate,6,3,,6,4,,7,1,plate,7,3,,7,4,,0,56.0,88.0,,,0,1.0,30.0,24.17270284843878,86.09392372218059,,tomato,0,1.0,30.0
467,0,1,,0,2,,0.0,0,0,3,,0.0,0,2,2,tomato,2,3,,2,4,plate,2,5,tomato,4,0,tomato,5,0,tomato,6,0,plate,6,3,,6,4,,7,1,plate,7,3,,7,4,,0,56.0,88.0,,,0,1.0,30.0,24.157386861267277,84.84401755748712,,tomato,0,1.0,30.0
468,0,1,,0,2,,0.0,0,0,3,,0.0,0,2,2,tomato,2,3,,2,4,plate,2,5,tomato,4,0,tomato,5,0,tomato,6,0,plate,6,3,,6,4,,7,1,plate,7,3,,7,4,,0,56.0,88.0,,,0,1.0,30.0,24.142070874095772,83.59411139279365,,tomato,0,1.0,30.0
469,0,1,,0,2,,0.0,0,0,3,,0.0,0,2,2,tomato,2,3,,2,4,plate,2,5,tomato,4,0,tomato,5,0,tomato,6,0,plate,6,3,,6,4,,7,1,plate,7,3,,7,4,,0,56.0,88.0,,,0,1.0,30.0,24.126754886924267,82.34420522810018,,tomato,0,1.0,30.0
470,0,1,,0,2,,0.0,0,0,3,,0.0,0,2,2,tomato,2,3,,2,4,plate,2,5,tomato,4,0,tomato,5,0,tomato,6,0,plate,6,3,,6,4,,7,1,plate,7,3,,7,4,,0,56.0,88.0,,,0,1.0,30.0,24.111438899752763,81.09429906340671,,tomato,0,1.0,30.0
471,0,1,,0,2,,0.0,0,0,3,,0.0,0,2,2,tomato,2,3,,2,4,plate,2,5,tomato,4,0,tomato,5,0,tomato,6,0,plate,6,3,,6,4,,7,1,plate,7,3,,7,4,,0,56.0,88.0,,,0,1.0,30.0,24.09612291258126,79.84439289871324,,tomato,0,1.0,30.0
472,0,1,,0,2,,0.0,0,0,3,,0.0,0,2,2,tomato,2,3,,2,4,plate,2,5,tomato,4,0,tomato,5,0,tomato,6,0,plate,6,3,,6,4,,7,1,plate,7,3,,7,4,,0,56.0,88.0,,,0,1.0,30.0,24.080806925409924,78.59448673401977,,tomato,0,1.0,30.0
473,0,1,,0,2,,0.0,0,0,3,,0.0,0,2,2,tomato,2,3,,2,4,plate,2,5,tomato,4,0,tomato,5,0,tomato,6,0,plate,6,3,,6,4,,7,1,plate,7,3,,7,4,,0,56.0,88.0,,,0,1.0,30.0,24.06549093823859,77.3445805693263,,tomato,0,1.0,30.0
474,0,1,,0,2,,0.0,0,0,3,,0.0,0,2,2,tomato,2,3,,2,4,plate,2,5,tomato,4,0,tomato,5,0,tomato,6,0,plate,6,3,,6,4,,7,1,plate,7,3,,7,4,,0,56.0,88.0,,,0,1.0,30.0,24.050174951067255,76.09467440463283,,tomato,0,1.0,30.0
475,0,1,,0,2,,0.0,0,0,3,,0.0,0,2,2,tomato,2,3,,2,4,plate,2,5,tomato,4,0,tomato,5,0,tomato,6,0,plate,6,3,,6,4,,7,1,plate,7,3,,7,4,,0,56.0,88.0,,,0,1.0,30.0,24.034858963895918,74.84476823993936,,tomato,0,1.0,30.0
476,0,1,,0,2,,0.0,0,0,3,,0.0,0,2,2,tomato,2,3,,2,4,plate,2,5,tomato,4,0,tomato,5,0,tomato,6,0,plate,6,3,,6,4,,7,1,plate,7,3,,7,4,,0,56.0,88.0,,,0,1.0,30.0,24.019542976724583,73.59486207524589,,tomato,0,1.0,30.0
477,0,1,,0,2,,0.0,0,0,3,,0.0,0,2,2,tomato,2,3,,2,4,plate,2,5,tomato,4,0,tomato,5,0,tomato,6,0,plate,6,3,,6,4,,7,1,plate,7,3,,7,4,,0,56.0,88.0,,,0,1.0,30.0,24.004226989553246,72.34495591055241,,tomato,0,1.0,30.0
478,0,1,,0,2,,0.0,0,0,3,,0.0,0,2,2,tomato,2,3,,2,4,plate,2,5,tomato,4,0,tomato,5,0,tomato,6,0,plate,6,3,,6,4,,7,1,plate,7,3,,7,4,,0,56.0,88.0,,,0,1.0,30.0,24.002226799805207,71.09496718275801,,tomato,0,1.0,30.0
479,0,1,,0,2,,0.0,0,0,3,,0.0,0,2,2,tomato,2,3,,2,4,plate,2,5,tomato,4,0,tomato,5,0,tomato,6,0,plate,6,3,,6,4,,7,1,plate,7,3,,7,4,,0,56.0,88.0,,,0,1.0,30.0,24.00204240061489,69.84496719635894,,tomato,0,1.0,30.0
480,0,1,,0,2,,0.0,0,0,3,,0.0,0,2,2,tomato,2,3,,2,4,plate,2,5,tomato,4,0,tomato,5,0,tomato,6,0,plate,6,3,,6,4,,7,1,plate,7,3,,7,4,,0,56.0,88.0,,,0,1.0,30.0,24.001858001424573,68.59496720995986,,tomato,0,1.0,30.0
481,0,1,,0,2,,0.0,0,0,3,,0.0,0,2,2,tomato,2,3,,2,4,plate,2,5,tomato,4,0,tomato,5,0,tomato,6,0,plate,6,3,,6,4,,7,1,plate,7,3,,7,4,,0,56.0,88.0,,,0,1.0,30.0,24.001673602234256,67.34496722356079,,tomato,0,1.0,30.0
482,0,1,,0,2,,0.0,0,0,3,,0.0,0,2,2,tomato,2,3,,2,4,plate,2,5,tomato,4,0,tomato,5,0,tomato,6,0,plate,6,3,,6,4,,7,1,plate,7,3,,7,4,,0,56.0,88.0,,,0,1.0,30.0,24.00148920304394,66.09496723716171,,tomato,0,1.0,30.0
483,0,1,,0,2,,0.0,0,0,3,,0.0,0,2,2,tomato,2,3,,2,4,plate,2,5,tomato,4,0,tomato,5,0,tomato,6,0,plate,6,3,,6,4,,7,1,plate,7,3,,7,4,,0,56.0,88.0,,,0,1.0,30.0,24.00130480385362,64.84496725076264,,tomato,0,1.0,30.0
484,0,1,,0,2,,0.0,0,0,3,,0.0,0,2,2,tomato,2,3,,2,4,plate,2,5,tomato,4,0,tomato,5,0,tomato,6,0,plate,6,3,,6,4,,7,1,plate,7,3,,7,4,,0,56.0,88.0,,,0,1.0,30.0,24.001120404663304,63.59496726436356,,tomato,0,1.0,30.0
485,0,1,,0,2,,0.0,0,0,3,,0.0,0,2,2,tomato,2,3,,2,4,plate,2,5,tomato,4,0,tomato,5,0,tomato,6,0,plate,6,3,,6,4,,7,1,plate,7,3,,7,4,,0,56.0,88.0,,,0,1.0,30.0,24.000936005472987,62.344967277964486,,tomato,0,1.0,30.0
486,0,1,,0,2,,0.0,0,0,3,,0.0,0,2,2,tomato,2,3,,2,4,plate,2,5,tomato,4,0,tomato,5,0,tomato,6,0,plate,6,3,,6,4,,7,1,plate,7,3,,7,4,,0,56.0,88.0,,,0,1.0,30.0,24.00075160628267,61.09496729156541,,tomato,0,1.0,30.0
487,0,1,,0,2,,0.0,0,0,3,,0.0,0,2,2,tomato,2,3,,2,4,plate,2,5,tomato,4,0,tomato,5,0,tomato,6,0,plate,6,3,,6,4,,7,1,plate,7,3,,7,4,,0,56.0,88.0,,,0,1.0,30.0,24.000567207092352,59.844967305166335,,tomato,0,1.0,30.0
488,0,1,,0,2,,0.0,0,0,3,,0.0,0,2,2,tomato,2,3,,2,4,plate,2,5,tomato,4,0,tomato,5,0,tomato,6,0,plate,6,3,,6,4,,7,1,plate,7,3,,7,4,,0,56.0,88.0,,,0,1.0,30.0,24.000382807902035,58.59496731876726,,tomato,0,1.0,30.0
489,0,1,,0,2,,0.0,0,0,3,,0.0,0,2,2,tomato,2,3,,2,4,plate,2,5,tomato,4,0,tomato,5,0,tomato,6,0,plate,6,3,,6,4,,7,1,plate,7,3,,7,4,,0,56.0,88.0,,,0,1.0,30.0,24.000198408711718,57.344967332368185,,tomato,0,1.0,30.0
490,0,1,,0,2,,0.0,0,0,3,,0.0,0,2,2,tomato,2,3,,2,4,plate,2,5,tomato,4,0,tomato,5,0,tomato,6,0,plate,6,3,,6,4,,7,1,plate,7,3,,7,4,,0,56.0,88.0,,,0,1.0,30.0,24.0,56.0,,tomato,0,1.0,30.0
491,0,1,,0,2,,0.0,0,0,3,tomato,0.0,0,2,2,tomato,2,3,,2,4,plate,2,5,tomato,4,0,tomato,5,0,tomato,6,0,plate,6,3,,6,4,,7,1,plate,7,3,,7,4,,0,56.0,88.0,,,0,1.0,30.0,24.0,56.0,,,0,1.0,30.0
492,0,1,,0,2,,0.0,0,0,3,tomato,0.041666666666666664,0,2,2,tomato,2,3,,2,4,plate,2,5,tomato,4,0,tomato,5,0,tomato,6,0,plate,6,3,,6,4,,7,1,plate,7,3,,7,4,,0,56.0,88.0,,,0,1.0,30.0,24.0,56.0,,,0,1.0,30.0
493,0,1,,0,2,,0.0,0,0,3,tomato,0.08333333333333333,0,2,2,tomato,2,3,,2,4,plate,2,5,tomato,4,0,tomato,5,0,tomato,6,0,plate,6,3,,6,4,,7,1,plate,7,3,,7,4,,0,56.0,88.0,,,0,1.0,30.0,24.0,56.0,,,0,1.0,30.0
494,0,1,,0,2,,0.0,0,0,3,tomato,0.125,0,2,2,tomato,2,3,,2,4,plate,2,5,tomato,4,0,tomato,5,0,tomato,6,0,plate,6,3,,6,4,,7,1,plate,7,3,,7,4,,0,56.0,88.0,,,0,1.0,30.0,24.0,56.0,,,0,1.0,30.0
495,0,1,,0,2,,0.0,0,0,3,tomato,0.16666666666666666,0,2,2,tomato,2,3,,2,4,plate,2,5,tomato,4,0,tomato,5,0,tomato,6,0,plate,6,3,,6,4,,7,1,plate,7,3,,7,4,,0,56.0,88.0,,,0,1.0,30.0,24.0,56.0,,,0,1.0,30.0
496,0,1,,0,2,,0.0,0,0,3,tomato,0.20833333333333331,0,2,2,tomato,2,3,,2,4,plate,2,5,tomato,4,0,tomato,5,0,tomato,6,0,plate,6,3,,6,4,,7,1,plate,7,3,,7,4,,0,56.0,88.0,,,0,1.0,30.0,24.0,56.0,,,0,1.0,30.0
497,0,1,,0,2,,0.0,0,0,3,tomato,0.24999999999999997,0,2,2,tomato,2,3,,2,4,plate,2,5,tomato,4,0,tomato,5,0,tomato,6,0,plate,6,3,,6,4,,7,1,plate,7,3,,7,4,,0,56.0,88.0,,,0,1.0,30.0,24.0,56.0,,,0,1.0,30.0
498,0,1,,0,2,,0.0,0,0,3,tomato,0.29166666666666663,0,2,2,tomato,2,3,,2,4,plate,2,5,tomato,4,0,tomato,5,0,tomato,6,0,plate,6,3,,6,4,,7,1,plate,7,3,,7,4,,0,56.0,88.0,,,0,1.0,30.0,24.0,56.0,,,0,1.0,30.0
499,0,1,,0,2,,0.0,0,0,3,tomato,0.3333333333333333,0,2,2,tomato,2,3,,2,4,plate,2,5,tomato,4,0,tomato,5,0,tomato,6,0,plate,6,3,,6,4,,7,1,plate,7,3,,7,4,,0,56.0,88.0,,,0,1.0,30.0,24.0,56.0,,,0,1.0,30.0
500,0,1,,0,2,,0.0,0,0,3,tomato,0.375,0,2,2,tomato,2,3,,2,4,plate,2,5,tomato,4,0,tomato,5,0,tomato,6,0,plate,6,3,,6,4,,7,1,plate,7,3,,7,4,,0,56.0,88.0,,,0,1.0,30.0,24.0,56.0,,,0,1.0,30.0
501,0,1,,0,2,,0.0,0,0,3,tomato,0.4166666666666667,0,2,2,tomato,2,3,,2,4,plate,2,5,tomato,4,0,tomato,5,0,tomato,6,0,plate,6,3,,6,4,,7,1,plate,7,3,,7,4,,0,56.0,88.0,,,0,1.0,30.0,24.0,56.0,,,0,1.0,30.0
502,0,1,,0,2,,0.0,0,0,3,tomato,0.45833333333333337,0,2,2,tomato,2,3,,2,4,plate,2,5,tomato,4,0,tomato,5,0,tomato,6,0,plate,6,3,,6,4,,7,1,plate,7,3,,7,4,,0,56.0,88.0,,,0,1.0,30.0,24.0,56.0,,,0,1.0,30.0
503,0,1,,0,2,,0.0,0,0,3,tomato,0.5,0,2,2,tomato,2,3,,2,4,plate,2,5,tomato,4,0,tomato,5,0,tomato,6,0,plate,6,3,,6,4,,7,1,plate,7,3,,7,4,,0,56.0,88.0,,,0,1.0,30.0,24.0,56.0,,,0,1.0,30.0
504,0,1,,0,2,,0.0,0,0,3,tomato,0.5416666666666666,0,2,2,tomato,2,3,,2,4,plate,2,5,tomato,4,0,tomato,5,0,tomato,6,0,plate,6,3,,6,4,,7,1,plate,7,3,,7,4,,0,56.0,88.0,,,0,1.0,30.0,24.0,56.0,,,0,1.0,30.0
505,0,1,,0,2,,0.0,0,0,3,tomato,0.5833333333333333,0,2,2,tomato,2,3,,2,4,plate,2,5,tomato,4,0,tomato,5,0,tomato,6,0,plate,6,3,,6,4,,7,1,plate,7,3,,7,4,,0,56.0,88.0,,,0,1.0,30.0,24.0,56.0,,,0,1.0,30.0
506,0,1,,0,2,,0.0,0,0,3,tomato,0.6249999999999999,0,2,2,tomato,2,3,,2,4,plate,2,5,tomato,4,0,tomato,5,0,tomato,6,0,plate,6,3,,6,4,,7,1,plate,7,3,,7,4,,0,56.0,88.0,,,0,1.0,30.0,24.0,56.0,,,0,1.0,30.0
507,0,1,,0,2,,0.0,0,0,3,tomato,0.6666666666666665,0,2,2,tomato,2,3,,2,4,plate,2,5,tomato,4,0,tomato,5,0,tomato,6,0,plate,6,3,,6,4,,7,1,plate,7,3,,7,4,,0,56.0,88.0,,,0,1.0,30.0,24.0,56.0,,,0,1.0,30.0
508,0,1,,0,2,,0.0,0,0,3,tomato,0.7083333333333331,0,2,2,tomato,2,3,,2,4,plate,2,5,tomato,4,0,tomato,5,0,tomato,6,0,plate,6,3,,6,4,,7,1,plate,7,3,,7,4,,0,56.0,88.0,,,0,1.0,30.0,24.0,56.0,,,0,1.0,30.0
509,0,1,,0,2,,0.0,0,0,3,tomato,0.7499999999999998,0,2,2,tomato,2,3,,2,4,plate,2,5,tomato,4,0,tomato,5,0,tomato,6,0,plate,6,3,,6,4,,7,1,plate,7,3,,7,4,,0,56.0,88.0,,,0,1.0,30.0,24.0,56.0,,,0,1.0,30.0
510,0,1,,0,2,,0.0,0,0,3,tomato,0.7916666666666664,0,2,2,tomato,2,3,,2,4,plate,2,5,tomato,4,0,tomato,5,0,tomato,6,0,plate,6,3,,6,4,,7,1,plate,7,3,,7,4,,0,56.0,88.0,,,0,1.0,30.0,24.0,56.0,,,0,1.0,30.0
511,0,1,,0,2,,0.0,0,0,3,tomato,0.833333333333333,0,2,2,tomato,2,3,,2,4,plate,2,5,tomato,4,0,tomato,5,0,tomato,6,0,plate,6,3,,6,4,,7,1,plate,7,3,,7,4,,0,56.0,88.0,,,0,1.0,30.0,24.0,56.0,,,0,1.0,30.0
512,0,1,,0,2,,0.0,0,0,3,tomato,0.8749999999999997,0,2,2,tomato,2,3,,2,4,plate,2,5,tomato,4,0,tomato,5,0,tomato,6,0,plate,6,3,,6,4,,7,1,plate,7,3,,7,4,,0,56.0,88.0,,,0,1.0,30.0,24.0,56.0,,,0,1.0,30.0
513,0,1,,0,2,,0.0,0,0,3,tomato,0.9166666666666663,0,2,2,tomato,2,3,,2,4,plate,2,5,tomato,4,0,tomato,5,0,tomato,6,0,plate,6,3,,6,4,,7,1,plate,7,3,,7,4,,0,56.0,88.0,,,0,1.0,30.0,24.0,56.0,,,0,1.0,30.0
514,0,1,,0,2,,0.0,0,0,3,tomato,0.9583333333333329,0,2,2,tomato,2,3,,2,4,plate,2,5,tomato,4,0,tomato,5,0,tomato,6,0,plate,6,3,,6,4,,7,1,plate,7,3,,7,4,,0,56.0,88.0,,,0,1.0,30.0,24.0,56.0,,,0,1.0,30.0
515,0,1,,0,2,,0.0,0,0,3,tomato,0.9999999999999996,0,2,2,tomato,2,3,,2,4,plate,2,5,tomato,4,0,tomato,5,0,tomato,6,0,plate,6,3,,6,4,,7,1,plate,7,3,,7,4,,0,56.0,88.0,,,0,1.0,30.0,24.0,56.0,,,0,1.0,30.0
516,0,1,,0,2,,0.0,0,0,3,tomato,1.0416666666666663,1,2,2,tomato,2,3,,2,4,plate,2,5,tomato,4,0,tomato,5,0,tomato,6,0,plate,6,3,,6,4,,7,1,plate,7,3,,7,4,,0,56.0,88.0,,,0,1.0,30.0,24.0,56.0,,,0,1.0,30.0
517,0,1,,0,2,,0.0,0,0,3,tomato,1.083333333333333,1,2,2,tomato,2,3,,2,4,plate,2,5,tomato,4,0,tomato,5,0,tomato,6,0,plate,6,3,,6,4,,7,1,plate,7,3,,7,4,,0,56.0,88.0,,,0,1.0,30.0,24.0,56.0,,,0,1.0,30.0
518,0,1,,0,2,,0.0,0,0,3,tomato,1.1249999999999998,1,2,2,tomato,2,3,,2,4,plate,2,5,tomato,4,0,tomato,5,0,tomato,6,0,plate,6,3,,6,4,,7,1,plate,7,3,,7,4,,0,56.0,88.0,,,0,1.0,30.0,24.0,56.0,,,0,1.0,30.0
519,0,1,,0,2,,0.0,0,0,3,tomato,1.1666666666666665,1,2,2,tomato,2,3,,2,4,plate,2,5,tomato,4,0,tomato,5,0,tomato,6,0,plate,6,3,,6,4,,7,1,plate,7,3,,7,4,,0,56.0,88.0,,,0,1.0,30.0,24.0,56.0,,,0,1.0,30.0
520,0,1,,0,2,,0.0,0,0,3,tomato,1.2083333333333333,1,2,2,tomato,2,3,,2,4,plate,2,5,tomato,4,0,tomato,5,0,tomato,6,0,plate,6,3,,6,4,,7,1,plate,7,3,,7,4,,0,56.0,88.0,,,0,1.0,30.0,24.0,56.0,,,0,1.0,30.0
521,0,1,,0,2,,0.0,0,0,3,tomato,1.25,1,2,2,tomato,2,3,,2,4,plate,2,5,tomato,4,0,tomato,5,0,tomato,6,0,plate,6,3,,6,4,,7,1,plate,7,3,,7,4,,0,56.0,88.0,,,0,1.0,30.0,24.0,56.0,,,0,1.0,30.0
522,0,1,,0,2,,0.0,0,0,3,tomato,1.2916666666666667,1,2,2,tomato,2,3,,2,4,plate,2,5,tomato,4,0,tomato,5,0,tomato,6,0,plate,6,3,,6,4,,7,1,plate,7,3,,7,4,,0,56.0,88.0,,,0,1.0,30.0,24.0,56.0,,,0,1.0,30.0
523,0,1,,0,2,,0.0,0,0,3,tomato,1.3333333333333335,1,2,2,tomato,2,3,,2,4,plate,2,5,tomato,4,0,tomato,5,0,tomato,6,0,plate,6,3,,6,4,,7,1,plate,7,3,,7,4,,0,56.0,88.0,,,0,1.0,30.0,24.0,56.0,,,0,1.0,30.0
524,0,1,,0,2,,0.0,0,0,3,tomato,1.3750000000000002,1,2,2,tomato,2,3,,2,4,plate,2,5,tomato,4,0,tomato,5,0,tomato,6,0,plate,6,3,,6,4,,7,1,plate,7,3,,7,4,,0,56.0,88.0,,,0,1.0,30.0,24.0,56.0,,,0,1.0,30.0
525,0,1,,0,2,,0.0,0,0,3,tomato,1.416666666666667,1,2,2,tomato,2,3,,2,4,plate,2,5,tomato,4,0,tomato,5,0,tomato,6,0,plate,6,3,,6,4,,7,1,plate,7,3,,7,4,,0,56.0,88.0,,,0,1.0,30.0,24.0,56.0,,,0,1.0,30.0
526,0,1,,0,2,,0.0,0,0,3,tomato,1.4583333333333337,1,2,2,tomato,2,3,,2,4,plate,2,5,tomato,4,0,tomato,5,0,tomato,6,0,plate,6,3,,6,4,,7,1,plate,7,3,,7,4,,0,56.0,88.0,,,0,1.0,30.0,24.0,56.0,,,0,1.0,30.0
527,0,1,,0,2,,0.0,0,0,3,tomato,1.5000000000000004,1,2,2,tomato,2,3,,2,4,plate,2,5,tomato,4,0,tomato,5,0,tomato,6,0,plate,6,3,,6,4,,7,1,plate,7,3,,7,4,,0,56.0,88.0,,,0,1.0,30.0,24.0,56.0,,,0,1.0,30.0
528,0,1,,0,2,,0.0,0,0,3,tomato,1.5416666666666672,1,2,2,tomato,2,3,,2,4,plate,2,5,tomato,4,0,tomato,5,0,tomato,6,0,plate,6,3,,6,4,,7,1,plate,7,3,,7,4,,0,56.0,88.0,,,0,1.0,30.0,24.0,56.0,,,0,1.0,30.0
529,0,1,,0,2,,0.0,0,0,3,tomato,1.583333333333334,1,2,2,tomato,2,3,,2,4,plate,2,5,tomato,4,0,tomato,5,0,tomato,6,0,plate,6,3,,6,4,,7,1,plate,7,3,,7,4,,0,56.0,88.0,,,0,1.0,30.0,24.0,56.0,,,0,1.0,30.0
530,0,1,,0,2,,0.0,0,0,3,tomato,1.6250000000000007,1,2,2,tomato,2,3,,2,4,plate,2,5,tomato,4,0,tomato,5,0,tomato,6,0,plate,6,3,,6,4,,7,1,plate,7,3,,7,4,,0,56.0,88.0,,,0,1.0,30.0,24.0,56.0,,,0,1.0,30.0
531,0,1,,0,2,,0.0,0,0,3,tomato,1.6666666666666674,1,2,2,tomato,2,3,,2,4,plate,2,5,tomato,4,0,tomato,5,0,tomato,6,0,plate,6,3,,6,4,,7,1,plate,7,3,,7,4,,0,56.0,88.0,,,0,1.0,30.0,24.0,56.0,,,0,1.0,30.0
532,0,1,,0,2,,0.0,0,0,3,tomato,1.7083333333333341,1,2,2,tomato,2,3,,2,4,plate,2,5,tomato,4,0,tomato,5,0,tomato,6,0,plate,6,3,,6,4,,7,1,plate,7,3,,7,4,,0,56.0,88.0,,,0,1.0,30.0,24.0,56.0,,,0,1.0,30.0
533,0,1,,0,2,,0.0,0,0,3,tomato,1.7500000000000009,1,2,2,tomato,2,3,,2,4,plate,2,5,tomato,4,0,tomato,5,0,tomato,6,0,plate,6,3,,6,4,,7,1,plate,7,3,,7,4,,0,56.0,88.0,,,0,1.0,30.0,24.0,56.0,,,0,1.0,30.0
534,0,1,,0,2,,0.0,0,0,3,tomato,1.7916666666666676,1,2,2,tomato,2,3,,2,4,plate,2,5,tomato,4,0,tomato,5,0,tomato,6,0,plate,6,3,,6,4,,7,1,plate,7,3,,7,4,,0,56.0,88.0,,,0,1.0,30.0,24.0,56.0,,,0,1.0,30.0
535,0,1,,0,2,,0.0,0,0,3,tomato,1.8333333333333344,1,2,2,tomato,2,3,,2,4,plate,2,5,tomato,4,0,tomato,5,0,tomato,6,0,plate,6,3,,6,4,,7,1,plate,7,3,,7,4,,0,56.0,88.0,,,0,1.0,30.0,24.0,56.0,,,0,1.0,30.0
536,0,1,,0,2,,0.0,0,0,3,tomato,1.875000000000001,1,2,2,tomato,2,3,,2,4,plate,2,5,tomato,4,0,tomato,5,0,tomato,6,0,plate,6,3,,6,4,,7,1,plate,7,3,,7,4,,0,56.0,88.0,,,0,1.0,30.0,24.0,56.0,,,0,1.0,30.0
537,0,1,,0,2,,0.0,0,0,3,tomato,1.9166666666666679,1,2,2,tomato,2,3,,2,4,plate,2,5,tomato,4,0,tomato,5,0,tomato,6,0,plate,6,3,,6,4,,7,1,plate,7,3,,7,4,,0,56.0,88.0,,,0,1.0,30.0,24.0,56.0,,,0,1.0,30.0
538,0,1,,0,2,,0.0,0,0,3,tomato,1.9583333333333346,1,2,2,tomato,2,3,,2,4,plate,2,5,tomato,4,0,tomato,5,0,tomato,6,0,plate,6,3,,6,4,,7,1,plate,7,3,,7,4,,0,56.0,88.0,,,0,1.0,30.0,24.0,56.0,,,0,1.0,30.0
539,0,1,,0,2,,0.0,0,0,3,tomato,2.0000000000000013,2,2,2,tomato,2,3,,2,4,plate,2,5,tomato,4,0,tomato,5,0,tomato,6,0,plate,6,3,,6,4,,7,1,plate,7,3,,7,4,,0,56.0,88.0,,,0,1.0,30.0,24.0,56.0,,,0,1.0,30.0
540,0,1,,0,2,,0.0,0,0,3,tomato,2.041666666666668,2,2,2,tomato,2,3,,2,4,plate,2,5,tomato,4,0,tomato,5,0,tomato,6,0,plate,6,3,,6,4,,7,1,plate,7,3,,7,4,,0,56.0,88.0,,,0,1.0,30.0,24.0,56.0,,,0,1.0,30.0
541,0,1,,0,2,,0.0,0,0,3,tomato,2.0833333333333344,2,2,2,tomato,2,3,,2,4,plate,2,5,tomato,4,0,tomato,5,0,tomato,6,0,plate,6,3,,6,4,,7,1,plate,7,3,,7,4,,0,56.0,88.0,,,0,1.0,30.0,24.0,56.0,,,0,1.0,30.0
542,0,1,,0,2,,0.0,0,0,3,tomato,2.125000000000001,2,2,2,tomato,2,3,,2,4,plate,2,5,tomato,4,0,tomato,5,0,tomato,6,0,plate,6,3,,6,4,,7,1,plate,7,3,,7,4,,0,56.0,88.0,,,0,1.0,30.0,24.0,56.0,,,0,1.0,30.0
543,0,1,,0,2,,0.0,0,0,3,tomato,2.1666666666666674,2,2,2,tomato,2,3,,2,4,plate,2,5,tomato,4,0,tomato,5,0,tomato,6,0,plate,6,3,,6,4,,7,1,plate,7,3,,7,4,,0,56.0,88.0,,,0,1.0,30.0,24.0,56.0,,,0,1.0,30.0
544,0,1,,0,2,,0.0,0,0,3,tomato,2.208333333333334,2,2,2,tomato,2,3,,2,4,plate,2,5,tomato,4,0,tomato,5,0,tomato,6,0,plate,6,3,,6,4,,7,1,plate,7,3,,7,4,,0,56.0,88.0,,,0,1.0,30.0,24.0,56.0,,,0,1.0,30.0
545,0,1,,0,2,,0.0,0,0,3,tomato,2.2500000000000004,2,2,2,tomato,2,3,,2,4,plate,2,5,tomato,4,0,tomato,5,0,tomato,6,0,plate,6,3,,6,4,,7,1,plate,7,3,,7,4,,0,56.0,88.0,,,0,1.0,30.0,24.0,56.0,,,0,1.0,30.0
546,0,1,,0,2,,0.0,0,0,3,tomato,2.291666666666667,2,2,2,tomato,2,3,,2,4,plate,2,5,tomato,4,0,tomato,5,0,tomato,6,0,plate,6,3,,6,4,,7,1,plate,7,3,,7,4,,0,56.0,88.0,,,0,1.0,30.0,24.0,56.0,,,0,1.0,30.0
547,0,1,,0,2,,0.0,0,0,3,tomato,2.3333333333333335,2,2,2,tomato,2,3,,2,4,plate,2,5,tomato,4,0,tomato,5,0,tomato,6,0,plate,6,3,,6,4,,7,1,plate,7,3,,7,4,,0,56.0,88.0,,,0,1.0,30.0,24.0,56.0,,,0,1.0,30.0
548,0,1,,0,2,,0.0,0,0,3,tomato,2.375,2,2,2,tomato,2,3,,2,4,plate,2,5,tomato,4,0,tomato,5,0,tomato,6,0,plate,6,3,,6,4,,7,1,plate,7,3,,7,4,,0,56.0,88.0,,,0,1.0,30.0,24.0,56.0,,,0,1.0,30.0
549,0,1,,0,2,,0.0,0,0,3,tomato,2.4166666666666665,2,2,2,tomato,2,3,,2,4,plate,2,5,tomato,4,0,tomato,5,0,tomato,6,0,plate,6,3,,6,4,,7,1,plate,7,3,,7,4,,0,56.0,88.0,,,0,1.0,30.0,24.0,56.0,,,0,1.0,30.0
550,0,1,,0,2,,0.0,0,0,3,tomato,2.458333333333333,2,2,2,tomato,2,3,,2,4,plate,2,5,tomato,4,0,tomato,5,0,tomato,6,0,plate,6,3,,6,4,,7,1,plate,7,3,,7,4,,0,56.0,88.0,,,0,1.0,30.0,24.0,56.0,,,0,1.0,30.0
551,0,1,,0,2,,0.0,0,0,3,tomato,2.4999999999999996,2,2,2,tomato,2,3,,2,4,plate,2,5,tomato,4,0,tomato,5,0,tomato,6,0,plate,6,3,,6,4,,7,1,plate,7,3,,7,4,,0,56.0,88.0,,,0,1.0,30.0,24.0,56.0,,,0,1.0,30.0
552,0,1,,0,2,,0.0,0,0,3,tomato,2.541666666666666,2,2,2,tomato,2,3,,2,4,plate,2,5,tomato,4,0,tomato,5,0,tomato,6,0,plate,6,3,,6,4,,7,1,plate,7,3,,7,4,,0,56.0,88.0,,,0,1.0,30.0,24.0,56.0,,,0,1.0,30.0
553,0,1,,0,2,,0.0,0,0,3,tomato,2.5833333333333326,2,2,2,tomato,2,3,,2,4,plate,2,5,tomato,4,0,tomato,5,0,tomato,6,0,plate,6,3,,6,4,,7,1,plate,7,3,,7,4,,0,56.0,88.0,,,0,1.0,30.0,24.0,56.0,,,0,1.0,30.0
554,0,1,,0,2,,0.0,0,0,3,tomato,2.624999999999999,2,2,2,tomato,2,3,,2,4,plate,2,5,tomato,4,0,tomato,5,0,tomato,6,0,plate,6,3,,6,4,,7,1,plate,7,3,,7,4,,0,56.0,88.0,,,0,1.0,30.0,24.0,56.0,,,0,1.0,30.0
555,0,1,,0,2,,0.0,0,0,3,tomato,2.6666666666666656,2,2,2,tomato,2,3,,2,4,plate,2,5,tomato,4,0,tomato,5,0,tomato,6,0,plate,6,3,,6,4,,7,1,plate,7,3,,7,4,,0,56.0,88.0,,,0,1.0,30.0,24.0,56.0,,,0,1.0,30.0
556,0,1,,0,2,,0.0,0,0,3,tomato,2.708333333333332,2,2,2,tomato,2,3,,2,4,plate,2,5,tomato,4,0,tomato,5,0,tomato,6,0,plate,6,3,,6,4,,7,1,plate,7,3,,7,4,,0,56.0,88.0,,,0,1.0,30.0,24.0,56.0,,,0,1.0,30.0
557,0,1,,0,2,,0.0,0,0,3,tomato,2.7499999999999987,2,2,2,tomato,2,3,,2,4,plate,2,5,tomato,4,0,tomato,5,0,tomato,6,0,plate,6,3,,6,4,,7,1,plate,7,3,,7,4,,0,56.0,88.0,,,0,1.0,30.0,24.0,56.0,,,0,1.0,30.0
558,0,1,,0,2,,0.0,0,0,3,tomato,2.791666666666665,2,2,2,tomato,2,3,,2,4,plate,2,5,tomato,4,0,tomato,5,0,tomato,6,0,plate,6,3,,6,4,,7,1,plate,7,3,,7,4,,0,56.0,88.0,,,0,1.0,30.0,24.0,56.0,,,0,1.0,30.0
559,0,1,,0,2,,0.0,0,0,3,tomato,2.8333333333333317,2,2,2,tomato,2,3,,2,4,plate,2,5,tomato,4,0,tomato,5,0,tomato,6,0,plate,6,3,,6,4,,7,1,plate,7,3,,7,4,,0,56.0,88.0,,,0,1.0,30.0,24.0,56.0,,,0,1.0,30.0
560,0,1,,0,2,,0.0,0,0,3,tomato,2.8749999999999982,2,2,2,tomato,2,3,,2,4,plate,2,5,tomato,4,0,tomato,5,0,tomato,6,0,plate,6,3,,6,4,,7,1,plate,7,3,,7,4,,0,56.0,88.0,,,0,1.0,30.0,24.0,56.0,,,0,1.0,30.0
561,0,1,,0,2,,0.0,0,0,3,tomato,2.9166666666666647,2,2,2,tomato,2,3,,2,4,plate,2,5,tomato,4,0,tomato,5,0,tomato,6,0,plate,6,3,,6,4,,7,1,plate,7,3,,7,4,,0,56.0,88.0,,,0,1.0,30.0,24.0,56.0,,,0,1.0,30.0
562,0,1,,0,2,,0.0,0,0,3,tomato,2.9583333333333313,2,2,2,tomato,2,3,,2,4,plate,2,5,tomato,4,0,tomato,5,0,tomato,6,0,plate,6,3,,6,4,,7,1,plate,7,3,,7,4,,0,56.0,88.0,,,0,1.0,30.0,24.0,56.0,,,0,1.0,30.0
563,0,1,,0,2,,0.0,0,0,3,tomato,2.999999999999998,2,2,2,tomato,2,3,,2,4,plate,2,5,tomato,4,0,tomato,5,0,tomato,6,0,plate,6,3,,6,4,,7,1,plate,7,3,,7,4,,0,56.0,88.0,,,0,1.0,30.0,24.0,56.0,,,0,1.0,30.0
564,0,1,,0,2,,0.0,0,0,3,tomato_cut,3.0416666666666643,3,2,2,tomato,2,3,,2,4,plate,2,5,tomato,4,0,tomato,5,0,tomato,6,0,plate,6,3,,6,4,,7,1,plate,7,3,,7,4,,0,56.0,88.0,,,0,1.0,30.0,24.0,56.0,,,0,1.0,30.0
565,0,1,,0,2,,0.0,0,0,3,tomato_cut,3.083333333333331,3,2,2,tomato,2,3,,2,4,plate,2,5,tomato,4,0,tomato,5,0,tomato,6,0,plate,6,3,,6,4,,7,1,plate,7,3,,7,4,,0,56.0,88.0,,,0,1.0,30.0,24.0,56.0,,,0,1.0,30.0
566,0,1,,0,2,,0.0,0,0,3,tomato_cut,3.1249999999999973,3,2,2,tomato,2,3,,2,4,plate,2,5,tomato,4,0,tomato,5,0,tomato,6,0,plate,6,3,,6,4,,7,1,plate,7,3,,7,4,,0,56.0,88.0,,,0,1.0,30.0,24.0,56.0,,,0,1.0,30.0
567,0,1,,0,2,,0.0,0,0,3,tomato_cut,3.166666666666664,3,2,2,tomato,2,3,,2,4,plate,2,5,tomato,4,0,tomato,5,0,tomato,6,0,plate,6,3,,6,4,,7,1,plate,7,3,,7,4,,0,56.0,88.0,,,0,1.0,30.0,24.0,56.0,,,0,1.0,30.0
568,0,1,,0,2,,0.0,0,0,3,tomato_cut,3.2083333333333304,3,2,2,tomato,2,3,,2,4,plate,2,5,tomato,4,0,tomato,5,0,tomato,6,0,plate,6,3,,6,4,,7,1,plate,7,3,,7,4,,0,56.0,88.0,,,0,1.0,30.0,24.0,56.0,,,0,1.0,30.0
569,0,1,,0,2,,0.0,0,0,3,tomato_cut,3.249999999999997,3,2,2,tomato,2,3,,2,4,plate,2,5,tomato,4,0,tomato,5,0,tomato,6,0,plate,6,3,,6,4,,7,1,plate,7,3,,7,4,,0,56.0,88.0,,,0,1.0,30.0,24.0,56.0,,,0,1.0,30.0
570,0,1,,0,2,,0.0,0,0,3,tomato_cut,3.2916666666666634,3,2,2,tomato,2,3,,2,4,plate,2,5,tomato,4,0,tomato,5,0,tomato,6,0,plate,6,3,,6,4,,7,1,plate,7,3,,7,4,,0,56.0,88.0,,,0,1.0,30.0,24.0,56.0,,,0,1.0,30.0
571,0,1,,0,2,,0.0,0,0,3,tomato_cut,3.33333333333333,3,2,2,tomato,2,3,,2,4,plate,2,5,tomato,4,0,tomato,5,0,tomato,6,0,plate,6,3,,6,4,,7,1,plate,7,3,,7,4,,0,56.0,88.0,,,0,1.0,30.0,24.0,56.0,,,0,1.0,30.0
572,0,1,,0,2,,0.0,0,0,3,tomato_cut,3.3749999999999964,3,2,2,tomato,2,3,,2,4,plate,2,5,tomato,4,0,tomato,5,0,tomato,6,0,plate,6,3,,6,4,,7,1,plate,7,3,,7,4,,0,56.0,88.0,,,0,1.0,30.0,24.0,56.0,,,0,1.0,30.0
573,0,1,,0,2,,0.0,0,0,3,tomato_cut,3.3749999999999964,3,2,2,tomato,2,3,,2,4,plate,2,5,tomato,4,0,tomato,5,0,tomato,6,0,plate,6,3,,6,4,,7,1,plate,7,3,,7,4,,0,56.0,88.0,,,0,1.0,30.0,24.0,56.0,,,0,1.0,30.0
574,0,1,,0,2,,0.0,0,0,3,tomato_cut,3.3749999999999964,3,2,2,tomato,2,3,,2,4,plate,2,5,tomato,4,0,tomato,5,0,tomato,6,0,plate,6,3,,6,4,,7,1,plate,7,3,,7,4,,0,56.0,88.0,,,0,1.0,30.0,24.0,56.0,,,0,1.0,30.0
575,0,1,,0,2,,0.0,0,0,3,tomato_cut,3.3749999999999964,3,2,2,tomato,2,3,,2,4,plate,2,5,tomato,4,0,tomato,5,0,tomato,6,0,plate,6,3,,6,4,,7,1,plate,7,3,,7,4,,0,56.0,88.0,,,0,1.0,30.0,24.0,56.0,,,0,1.0,30.0
576,0,1,,0,2,,0.0,0,0,3,None_cut,3.3749999999999964,3,2,2,tomato,2,3,,2,4,plate,2,5,tomato,4,0,tomato,5,0,tomato,6,0,plate,6,3,,6,4,,7,1,plate,7,3,,7,4,,0,56.0,88.0,,,0,1.0,30.0,24.0,56.0,,tomato_cut,0,1.0,30.0
577,0,1,,0,2,,0.0,0,0,3,None_cut,3.3749999999999964,3,2,2,tomato,2,3,,2,4,plate,2,5,tomato,4,0,tomato,5,0,tomato,6,0,plate,6,3,,6,4,,7,1,plate,7,3,,7,4,,0,56.0,88.0,,,0,1.0,30.0,24.0,56.0,,tomato_cut,0,1.0,30.0
578,0,1,,0,2,,0.0,0,0,3,None_cut,3.3749999999999964,3,2,2,tomato,2,3,,2,4,plate,2,5,tomato,4,0,tomato,5,0,tomato,6,0,plate,6,3,,6,4,,7,1,plate,7,3,,7,4,,0,56.0,88.0,,,0,1.0,30.0,24.0,56.0,,tomato_cut,0,1.0,30.0
579,0,1,,0,2,,0.0,0,0,3,None_cut,3.3749999999999964,3,2,2,tomato,2,3,,2,4,plate,2,5,tomato,4,0,tomato,5,0,tomato,6,0,plate,6,3,,6,4,,7,1,plate,7,3,,7,4,,0,56.0,88.0,,,0,1.0,30.0,24.0,56.0,,tomato_cut,0,1.0,30.0
580,0,1,,0,2,,0.0,0,0,3,None_cut,3.3749999999999964,3,2,2,tomato,2,3,,2,4,plate,2,5,tomato,4,0,tomato,5,0,tomato,6,0,plate,6,3,,6,4,,7,1,plate,7,3,,7,4,,0,56.0,88.0,,,0,1.0,30.0,24.0,56.0,,tomato_cut,0,1.0,30.0
581,0,1,,0,2,,0.0,0,0,3,None_cut,3.3749999999999964,3,2,2,tomato,2,3,,2,4,plate,2,5,tomato,4,0,tomato,5,0,tomato,6,0,plate,6,3,,6,4,,7,1,plate,7,3,,7,4,,0,56.0,88.0,,,0,1.0,30.0,24.0,56.0,,tomato_cut,0,1.0,30.0
582,0,1,,0,2,,0.0,0,0,3,None_cut,3.3749999999999964,3,2,2,tomato,2,3,,2,4,plate,2,5,tomato,4,0,tomato,5,0,tomato,6,0,plate,6,3,,6,4,,7,1,plate,7,3,,7,4,,0,56.0,88.0,,,0,1.0,30.0,24.0,56.0,,tomato_cut,0,1.0,30.0
583,0,1,,0,2,,0.0,0,0,3,None_cut,3.3749999999999964,3,2,2,tomato,2,3,,2,4,plate,2,5,tomato,4,0,tomato,5,0,tomato,6,0,plate,6,3,,6,4,,7,1,plate,7,3,,7,4,,0,56.0,88.0,,,0,1.0,30.0,24.0,56.0,,tomato_cut,0,1.0,30.0
584,0,1,,0,2,,0.0,0,0,3,None_cut,3.3749999999999964,3,2,2,tomato,2,3,,2,4,plate,2,5,tomato,4,0,tomato,5,0,tomato,6,0,plate,6,3,,6,4,,7,1,plate,7,3,,7,4,,0,56.0,88.0,,,0,1.0,30.0,24.0,56.0,,tomato_cut,0,1.0,30.0
585,0,1,,0,2,,0.0,0,0,3,None_cut,3.3749999999999964,3,2,2,tomato,2,3,,2,4,plate,2,5,tomato,4,0,tomato,5,0,tomato,6,0,plate,6,3,,6,4,,7,1,plate,7,3,,7,4,,0,56.0,88.0,,,0,1.0,30.0,24.0,56.0,,tomato_cut,0,1.0,30.0
586,0,1,,0,2,,0.0,0,0,3,None_cut,3.3749999999999964,3,2,2,tomato,2,3,,2,4,plate,2,5,tomato,4,0,tomato,5,0,tomato,6,0,plate,6,3,,6,4,,7,1,plate,7,3,,7,4,,0,56.0,88.0,,,0,1.0,30.0,24.0,56.0,,tomato_cut,0,1.0,30.0
587,0,1,,0,2,,0.0,0,0,3,None_cut,3.3749999999999964,3,2,2,tomato,2,3,,2,4,plate,2,5,tomato,4,0,tomato,5,0,tomato,6,0,plate,6,3,,6,4,,7,1,plate,7,3,,7,4,,0,56.0,88.0,,,0,1.0,30.0,24.0,56.0,,tomato_cut,0,1.0,30.0
588,0,1,,0,2,,0.0,0,0,3,None_cut,3.3749999999999964,3,2,2,tomato,2,3,,2,4,plate,2,5,tomato,4,0,tomato,5,0,tomato,6,0,plate,6,3,,6,4,,7,1,plate,7,3,,7,4,,0,56.0,88.0,,,0,1.0,30.0,24.0,56.0,,tomato_cut,0,1.0,30.0
589,0,1,,0,2,,0.0,0,0,3,None_cut,3.3749999999999964,3,2,2,tomato,2,3,,2,4,plate,2,5,tomato,4,0,tomato,5,0,tomato,6,0,plate,6,3,,6,4,,7,1,plate,7,3,,7,4,,0,56.0,88.0,,,0,1.0,30.0,24.0,56.0,,tomato_cut,0,1.0,30.0
590,0,1,,0,2,,0.0,0,0,3,None_cut,3.3749999999999964,3,2,2,tomato,2,3,,2,4,plate,2,5,tomato,4,0,tomato,5,0,tomato,6,0,plate,6,3,,6,4,,7,1,plate,7,3,,7,4,,0,56.0,88.0,,,0,1.0,30.0,24.0,56.0,,tomato_cut,0,1.0,30.0
591,0,1,,0,2,,0.0,0,0,3,None_cut,3.3749999999999964,3,2,2,tomato,2,3,,2,4,plate,2,5,tomato,4,0,tomato,5,0,tomato,6,0,plate,6,3,,6,4,,7,1,plate,7,3,,7,4,,0,56.0,88.0,,,0,1.0,30.0,24.0,56.0,,tomato_cut,0,1.0,30.0
592,0,1,,0,2,,0.0,0,0,3,None_cut,3.3749999999999964,3,2,2,tomato,2,3,,2,4,plate,2,5,tomato,4,0,tomato,5,0,tomato,6,0,plate,6,3,,6,4,,7,1,plate,7,3,,7,4,,0,56.0,88.0,,,0,1.0,30.0,24.0,56.0,,tomato_cut,0,1.0,30.0
593,0,1,,0,2,,0.0,0,0,3,None_cut,3.3749999999999964,3,2,2,tomato,2,3,,2,4,plate,2,5,tomato,4,0,tomato,5,0,tomato,6,0,plate,6,3,,6,4,,7,1,plate,7,3,,7,4,,0,56.0,88.0,,,0,1.0,30.0,24.0,56.0,,tomato_cut,0,1.0,30.0
594,0,1,,0,2,,0.0,0,0,3,None_cut,3.3749999999999964,3,2,2,tomato,2,3,,2,4,plate,2,5,tomato,4,0,tomato,5,0,tomato,6,0,plate,6,3,,6,4,,7,1,plate,7,3,,7,4,,0,56.0,88.0,,,0,1.0,30.0,24.0,56.0,,tomato_cut,0,1.0,30.0
595,0,1,,0,2,,0.0,0,0,3,None_cut,3.3749999999999964,3,2,2,tomato,2,3,,2,4,plate,2,5,tomato,4,0,tomato,5,0,tomato,6,0,plate,6,3,,6,4,,7,1,plate,7,3,,7,4,,0,56.0,88.0,,,0,1.0,30.0,24.0,57.250000000000284,,tomato_cut,0,1.0,30.0
596,0,1,,0,2,,0.0,0,0,3,None_cut,3.3749999999999964,3,2,2,tomato,2,3,,2,4,plate,2,5,tomato,4,0,tomato,5,0,tomato,6,0,plate,6,3,,6,4,,7,1,plate,7,3,,7,4,,0,56.0,88.0,,,0,1.0,30.0,24.0,58.50000000000057,,tomato_cut,0,1.0,30.0
597,0,1,,0,2,,0.0,0,0,3,None_cut,3.3749999999999964,3,2,2,tomato,2,3,,2,4,plate,2,5,tomato,4,0,tomato,5,0,tomato,6,0,plate,6,3,,6,4,,7,1,plate,7,3,,7,4,,0,56.0,88.0,,,0,1.0,30.0,24.0,59.75000000000085,,tomato_cut,0,1.0,30.0
598,0,1,,0,2,,0.0,0,0,3,None_cut,3.3749999999999964,3,2,2,tomato,2,3,,2,4,plate,2,5,tomato,4,0,tomato,5,0,tomato,6,0,plate,6,3,,6,4,,7,1,plate,7,3,,7,4,,0,56.0,88.0,,,0,1.0,30.0,24.0,61.00000000000114,,tomato_cut,0,1.0,30.0
599,0,1,,0,2,,0.0,0,0,3,None_cut,3.3749999999999964,3,2,2,tomato,2,3,,2,4,plate,2,5,tomato,4,0,tomato,5,0,tomato,6,0,plate,6,3,,6,4,,7,1,plate,7,3,,7,4,,0,56.0,88.0,,,0,1.0,30.0,24.0,62.25000000000142,,tomato_cut,0,1.0,30.0
600,0,1,,0,2,,0.0,0,0,3,None_cut,3.3749999999999964,3,2,2,tomato,2,3,,2,4,plate,2,5,tomato,4,0,tomato,5,0,tomato,6,0,plate,6,3,,6,4,,7,1,plate,7,3,,7,4,,0,56.0,88.0,,,0,1.0,30.0,24.0,63.500000000001705,,tomato_cut,0,1.0,30.0
601,0,1,,0,2,,0.0,0,0,3,None_cut,3.3749999999999964,3,2,2,tomato,2,3,,2,4,plate,2,5,tomato,4,0,tomato,5,0,tomato,6,0,plate,6,3,,6,4,,7,1,plate,7,3,,7,4,,0,56.0,88.0,,,0,1.0,30.0,24.0,64.75000000000199,,tomato_cut,0,1.0,30.0
602,0,1,,0,2,,0.0,0,0,3,None_cut,3.3749999999999964,3,2,2,tomato,2,3,,2,4,plate,2,5,tomato,4,0,tomato,5,0,tomato,6,0,plate,6,3,,6,4,,7,1,plate,7,3,,7,4,,0,56.0,88.0,,,0,1.0,30.0,24.0,66.00000000000227,,tomato_cut,0,1.0,30.0
603,0,1,,0,2,,0.0,0,0,3,None_cut,3.3749999999999964,3,2,2,tomato,2,3,,2,4,plate,2,5,tomato,4,0,tomato,5,0,tomato,6,0,plate,6,3,,6,4,,7,1,plate,7,3,,7,4,,0,56.0,88.0,,,0,1.0,30.0,24.0,67.25000000000256,,tomato_cut,0,1.0,30.0
604,0,1,,0,2,,0.0,0,0,3,None_cut,3.3749999999999964,3,2,2,tomato,2,3,,2,4,plate,2,5,tomato,4,0,tomato,5,0,tomato,6,0,plate,6,3,,6,4,,7,1,plate,7,3,,7,4,,0,56.0,88.0,,,0,1.0,30.0,24.0,68.50000000000284,,tomato_cut,0,1.0,30.0
605,0,1,,0,2,,0.0,0,0,3,None_cut,3.3749999999999964,3,2,2,tomato,2,3,,2,4,plate,2,5,tomato,4,0,tomato,5,0,tomato,6,0,plate,6,3,,6,4,,7,1,plate,7,3,,7,4,,0,56.0,88.0,,,0,1.0,30.0,24.0,69.75000000000313,,tomato_cut,0,1.0,30.0
606,0,1,,0,2,,0.0,0,0,3,None_cut,3.3749999999999964,3,2,2,tomato,2,3,,2,4,plate,2,5,tomato,4,0,tomato,5,0,tomato,6,0,plate,6,3,,6,4,,7,1,plate,7,3,,7,4,,0,56.0,88.0,,,0,1.0,30.0,24.0,71.00000000000341,,tomato_cut,0,1.0,30.0
607,0,1,,0,2,,0.0,0,0,3,None_cut,3.3749999999999964,3,2,2,tomato,2,3,,2,4,plate,2,5,tomato,4,0,tomato,5,0,tomato,6,0,plate,6,3,,6,4,,7,1,plate,7,3,,7,4,,0,56.0,88.0,,,0,1.0,30.0,24.0,72.0,,tomato_cut,0,1.0,30.0
608,0,1,,0,2,,0.0,0,0,3,None_cut,3.3749999999999964,3,2,2,tomato,2,3,,2,4,tomato_salad,2,5,tomato,4,0,tomato,5,0,tomato,6,0,plate,6,3,,6,4,,7,1,plate,7,3,,7,4,,0,56.0,88.0,,,0,1.0,30.0,24.0,72.0,,,0,1.0,30.0
609,0,1,,0,2,,0.0,0,0,3,None_cut,3.3749999999999964,3,2,2,tomato,2,3,,2,4,tomato_salad,2,5,tomato,4,0,tomato,5,0,tomato,6,0,plate,6,3,,6,4,,7,1,plate,7,3,,7,4,,0,56.0,88.0,,,0,1.0,30.0,24.0,72.0,,,0,1.0,30.0
610,0,1,,0,2,,0.0,0,0,3,None_cut,3.3749999999999964,3,2,2,tomato,2,3,,2,4,tomato_salad,2,5,tomato,4,0,tomato,5,0,tomato,6,0,plate,6,3,,6,4,,7,1,plate,7,3,,7,4,,0,56.0,88.0,,,0,1.0,30.0,24.0,72.0,,,0,1.0,30.0
611,0,1,,0,2,,0.0,0,0,3,None_cut,3.3749999999999964,3,2,2,tomato,2,3,,2,4,tomato_salad,2,5,tomato,4,0,tomato,5,0,tomato,6,0,plate,6,3,,6,4,,7,1,plate,7,3,,7,4,,0,56.0,88.0,,,0,1.0,30.0,24.0,72.0,,,0,1.0,30.0
612,0,1,,0,2,,0.0,0,0,3,None_cut,3.3749999999999964,3,2,2,tomato,2,3,,2,4,tomato_salad,2,5,tomato,4,0,tomato,5,0,tomato,6,0,plate,6,3,,6,4,,7,1,plate,7,3,,7,4,,0,56.0,88.0,,,0,1.0,30.0,24.0,72.0,,,0,1.0,30.0
613,0,1,,0,2,,0.0,0,0,3,None_cut,3.3749999999999964,3,2,2,tomato,2,3,,2,4,tomato_salad,2,5,tomato,4,0,tomato,5,0,tomato,6,0,plate,6,3,,6,4,,7,1,plate,7,3,,7,4,,0,56.0,88.0,,,0,1.0,30.0,24.0,72.0,,,0,1.0,30.0
614,0,1,,0,2,,0.0,0,0,3,None_cut,3.3749999999999964,3,2,2,tomato,2,3,,2,4,tomato_salad,2,5,tomato,4,0,tomato,5,0,tomato,6,0,plate,6,3,,6,4,,7,1,plate,7,3,,7,4,,0,56.0,88.0,,,0,1.0,30.0,24.0,72.0,,,0,1.0,30.0
615,0,1,,0,2,,0.0,0,0,3,None_cut,3.3749999999999964,3,2,2,tomato,2,3,,2,4,tomato_salad,2,5,,4,0,tomato,5,0,tomato,6,0,plate,6,3,,6,4,,7,1,plate,7,3,,7,4,,0,56.0,88.0,,tomato,0,1.0,30.0,24.0,72.0,,,0,1.0,30.0
616,0,1,,0,2,,0.0,0,0,3,None_cut,3.3749999999999964,3,2,2,tomato,2,3,,2,4,tomato_salad,2,5,,4,0,tomato,5,0,tomato,6,0,plate,6,3,,6,4,,7,1,plate,7,3,,7,4,,0,56.0,88.0,,tomato,0,1.0,30.0,24.0,72.0,,,0,1.0,30.0
617,0,1,,0,2,,0.0,0,0,3,None_cut,3.3749999999999964,3,2,2,tomato,2,3,,2,4,tomato_salad,2,5,,4,0,tomato,5,0,tomato,6,0,plate,6,3,,6,4,,7,1,plate,7,3,,7,4,,0,56.0,88.0,,tomato,0,1.0,30.0,24.0,72.0,,,0,1.0,30.0
618,0,1,,0,2,,0.0,0,0,3,None_cut,3.3749999999999964,3,2,2,tomato,2,3,,2,4,tomato_salad,2,5,,4,0,tomato,5,0,tomato,6,0,plate,6,3,,6,4,,7,1,plate,7,3,,7,4,,0,56.0,88.0,,tomato,0,1.0,30.0,24.0,72.0,,,0,1.0,30.0
619,0,1,,0,2,,0.0,0,0,3,None_cut,3.3749999999999964,3,2,2,tomato,2,3,,2,4,tomato_salad,2,5,,4,0,tomato,5,0,tomato,6,0,plate,6,3,,6,4,,7,1,plate,7,3,,7,4,,0,56.0,88.0,,tomato,0,1.0,30.0,24.0,72.0,,,0,1.0,30.0
620,0,1,,0,2,,0.0,0,0,3,None_cut,3.3749999999999964,3,2,2,tomato,2,3,,2,4,tomato_salad,2,5,,4,0,tomato,5,0,tomato,6,0,plate,6,3,,6,4,,7,1,plate,7,3,,7,4,,0,56.0,88.0,,tomato,0,1.0,30.0,24.0,72.0,,,0,1.0,30.0
621,0,1,,0,2,,0.0,0,0,3,None_cut,3.3749999999999964,3,2,2,tomato,2,3,,2,4,tomato_salad,2,5,,4,0,tomato,5,0,tomato,6,0,plate,6,3,,6,4,,7,1,plate,7,3,,7,4,,0,56.0,88.0,,tomato,0,1.0,30.0,24.0,72.0,,,0,1.0,30.0
622,0,1,,0,2,,0.0,0,0,3,None_cut,3.3749999999999964,3,2,2,tomato,2,3,,2,4,tomato_salad,2,5,,4,0,tomato,5,0,tomato,6,0,plate,6,3,,6,4,,7,1,plate,7,3,,7,4,,0,56.0,88.0,,tomato,0,1.0,30.0,24.0,72.0,,,0,1.0,30.0
623,0,1,,0,2,,0.0,0,0,3,None_cut,3.3749999999999964,3,2,2,tomato,2,3,,2,4,tomato_salad,2,5,,4,0,tomato,5,0,tomato,6,0,plate,6,3,,6,4,,7,1,plate,7,3,,7,4,,0,56.0,88.0,,tomato,0,1.0,30.0,24.0,72.0,,,0,1.0,30.0
624,0,1,,0,2,,0.0,0,0,3,None_cut,3.3749999999999964,3,2,2,tomato,2,3,,2,4,tomato_salad,2,5,,4,0,tomato,5,0,tomato,6,0,plate,6,3,,6,4,,7,1,plate,7,3,,7,4,,0,56.0,88.0,,tomato,0,1.0,30.0,24.0,72.0,,,0,1.0,30.0
625,0,1,,0,2,,0.0,0,0,3,None_cut,3.3749999999999964,3,2,2,tomato,2,3,,2,4,tomato_salad,2,5,,4,0,tomato,5,0,tomato,6,0,plate,6,3,,6,4,,7,1,plate,7,3,,7,4,,0,56.0,88.0,,tomato,0,1.0,30.0,24.0,72.0,,,0,1.0,30.0
626,0,1,,0,2,,0.0,0,0,3,None_cut,3.3749999999999964,3,2,2,tomato,2,3,,2,4,tomato_salad,2,5,,4,0,tomato,5,0,tomato,6,0,plate,6,3,,6,4,,7,1,plate,7,3,,7,4,,0,56.0,88.0,,tomato,0,1.0,30.0,24.0,73.25000000000028,,,0,1.0,30.0
627,0,1,,0,2,,0.0,0,0,3,None_cut,3.3749999999999964,3,2,2,tomato,2,3,,2,4,tomato_salad,2,5,,4,0,tomato,5,0,tomato,6,0,plate,6,3,,6,4,,7,1,plate,7,3,,7,4,,0,56.0,88.0,,tomato,0,1.0,30.0,24.0,74.50000000000057,,,0,1.0,30.0
628,0,1,,0,2,,0.0,0,0,3,None_cut,3.3749999999999964,3,2,2,tomato,2,3,,2,4,tomato_salad,2,5,,4,0,tomato,5,0,tomato,6,0,plate,6,3,,6,4,,7,1,plate,7,3,,7,4,,0,56.0,88.0,,tomato,0,1.0,30.0,24.0,75.75000000000085,,,0,1.0,30.0
629,0,1,,0,2,,0.0,0,0,3,None_cut,3.3749999999999964,3,2,2,tomato,2,3,,2,4,tomato_salad,2,5,,4,0,tomato,5,0,tomato,6,0,plate,6,3,,6,4,,7,1,plate,7,3,,7,4,,0,56.0,88.0,,tomato,0,1.0,30.0,24.0,77.00000000000114,,,0,1.0,30.0
630,0,1,,0,2,,0.0,0,0,3,None_cut,3.3749999999999964,3,2,2,tomato,2,3,,2,4,tomato_salad,2,5,,4,0,tomato,5,0,tomato,6,0,plate,6,3,,6,4,,7,1,plate,7,3,,7,4,,0,56.0,88.0,,tomato,0,1.0,30.0,24.0,78.25000000000142,,,0,1.0,30.0
631,0,1,,0,2,,0.0,0,0,3,None_cut,3.3749999999999964,3,2,2,tomato,2,3,,2,4,tomato_salad,2,5,,4,0,tomato,5,0,tomato,6,0,plate,6,3,,6,4,,7,1,plate,7,3,,7,4,,0,56.0,88.0,,tomato,0,1.0,30.0,24.0,79.5000000000017,,,0,1.0,30.0
632,0,1,,0,2,,0.0,0,0,3,None_cut,3.3749999999999964,3,2,2,tomato,2,3,,2,4,tomato_salad,2,5,,4,0,tomato,5,0,tomato,6,0,plate,6,3,,6,4,,7,1,plate,7,3,,7,4,,0,56.0,88.0,,tomato,0,1.0,30.0,24.0,80.75000000000199,,,0,1.0,30.0
633,0,1,,0,2,,0.0,0,0,3,None_cut,3.3749999999999964,3,2,2,tomato,2,3,,2,4,tomato_salad,2,5,,4,0,tomato,5,0,tomato,6,0,plate,6,3,,6,4,,7,1,plate,7,3,,7,4,,0,56.0,88.0,,tomato,0,1.0,30.0,24.0,82.00000000000227,,,0,1.0,30.0
634,0,1,,0,2,,0.0,0,0,3,None_cut,3.3749999999999964,3,2,2,tomato,2,3,,2,4,tomato_salad,2,5,,4,0,tomato,5,0,tomato,6,0,plate,6,3,,6,4,,7,1,plate,7,3,,7,4,,0,56.0,88.0,,tomato,0,1.0,30.0,24.0,83.25000000000256,,,0,1.0,30.0
635,0,1,,0,2,,0.0,0,0,3,None_cut,3.3749999999999964,3,2,2,tomato,2,3,,2,4,tomato_salad,2,5,,4,0,tomato,5,0,tomato,6,0,plate,6,3,,6,4,,7,1,plate,7,3,,7,4,,0,56.0,88.0,,tomato,0,1.0,30.0,24.0,84.50000000000284,,,0,1.0,30.0
636,0,1,,0,2,,0.0,0,0,3,None_cut,3.3749999999999964,3,2,2,tomato,2,3,,2,4,tomato_salad,2,5,,4,0,tomato,5,0,tomato,6,0,plate,6,3,,6,4,,7,1,plate,7,3,,7,4,,0,56.0,88.0,,tomato,0,1.0,30.0,24.0,85.75000000000313,,,0,1.0,30.0
637,0,1,,0,2,,0.0,0,0,3,None_cut,3.3749999999999964,3,2,2,tomato,2,3,,2,4,tomato_salad,2,5,,4,0,tomato,5,0,tomato,6,0,plate,6,3,,6,4,,7,1,plate,7,3,,7,4,,0,56.0,88.0,,tomato,0,1.0,30.0,24.0,87.00000000000341,,,0,1.0,30.0
638,0,1,,0,2,,0.0,0,0,3,None_cut,3.3749999999999964,3,2,2,tomato,2,3,,2,4,tomato_salad,2,5,,4,0,tomato,5,0,tomato,6,0,plate,6,3,,6,4,,7,1,plate,7,3,,7,4,,0,56.0,88.0,,tomato,0,1.0,30.0,24.0,88.0,,,0,1.0,30.0
639,0,1,,0,2,,0.0,0,0,3,None_cut,3.3749999999999964,3,2,2,tomato,2,3,,2,4,tomato_salad,2,5,,4,0,tomato,5,0,tomato,6,0,plate,6,3,,6,4,,7,1,plate,7,3,,7,4,,0,56.0,88.0,,tomato,0,1.0,30.0,24.0,88.0,,,0,1.0,30.0
640,0,1,,0,2,,0.0,0,0,3,None_cut,3.3749999999999964,3,2,2,tomato,2,3,,2,4,tomato_salad,2,5,,4,0,tomato,5,0,tomato,6,0,plate,6,3,,6,4,,7,1,plate,7,3,,7,4,,0,56.0,88.0,,tomato,0,1.0,30.0,24.0,88.0,,,0,1.0,30.0
641,0,1,,0,2,,0.0,0,0,3,None_cut,3.3749999999999964,3,2,2,tomato,2,3,,2,4,tomato_salad,2,5,,4,0,tomato,5,0,tomato,6,0,plate,6,3,,6,4,,7,1,plate,7,3,,7,4,,0,56.0,88.0,,tomato,0,1.0,30.0,24.0,88.0,,,0,1.0,30.0
642,0,1,,0,2,,0.0,0,0,3,None_cut,3.3749999999999964,3,2,2,tomato,2,3,,2,4,tomato_salad,2,5,,4,0,tomato,5,0,tomato,6,0,plate,6,3,,6,4,,7,1,plate,7,3,,7,4,,0,56.0,88.0,,tomato,0,1.0,30.0,24.0,88.0,,,0,1.0,30.0
643,0,1,,0,2,,0.0,0,0,3,None_cut,3.3749999999999964,3,2,2,tomato,2,3,,2,4,tomato_salad,2,5,,4,0,tomato,5,0,tomato,6,0,plate,6,3,,6,4,,7,1,plate,7,3,,7,4,,0,56.0,88.0,,tomato,0,1.0,30.0,24.0,88.0,,,0,1.0,30.0
644,0,1,,0,2,,0.0,0,0,3,None_cut,3.3749999999999964,3,2,2,tomato,2,3,,2,4,tomato_salad,2,5,,4,0,tomato,5,0,tomato,6,0,plate,6,3,,6,4,,7,1,plate,7,3,,7,4,,0,56.0,88.0,,tomato,0,1.0,30.0,24.0,88.0,,,0,1.0,30.0
645,0,1,,0,2,,0.0,0,0,3,None_cut,3.3749999999999964,3,2,2,tomato,2,3,,2,4,tomato_salad,2,5,,4,0,tomato,5,0,tomato,6,0,plate,6,3,,6,4,,7,1,plate,7,3,,7,4,,0,56.0,88.0,,tomato,0,1.0,30.0,24.0,88.0,,,0,1.0,30.0
646,0,1,,0,2,,0.0,0,0,3,None_cut,3.3749999999999964,3,2,2,tomato,2,3,,2,4,tomato_salad,2,5,,4,0,tomato,5,0,tomato,6,0,plate,6,3,,6,4,,7,1,plate,7,3,,7,4,,0,56.0,88.0,,tomato,0,1.0,30.0,24.0,88.0,,,0,1.0,30.0
647,0,1,,0,2,,0.0,0,0,3,None_cut,3.3749999999999964,3,2,2,tomato,2,3,,2,4,tomato_salad,2,5,,4,0,tomato,5,0,tomato,6,0,plate,6,3,,6,4,,7,1,plate,7,3,,7,4,,0,56.0,88.0,,tomato,0,1.0,30.0,24.0,88.0,,,0,1.0,30.0
648,0,1,,0,2,,0.0,0,0,3,None_cut,3.3749999999999964,3,2,2,tomato,2,3,,2,4,tomato_salad,2,5,,4,0,tomato,5,0,tomato,6,0,plate,6,3,,6,4,,7,1,plate,7,3,,7,4,,0,56.0,88.0,,tomato,0,1.0,30.0,24.0,88.0,,,0,1.0,30.0
649,0,1,,0,2,,0.0,0,0,3,None_cut,3.3749999999999964,3,2,2,tomato,2,3,,2,4,tomato_salad,2,5,,4,0,tomato,5,0,tomato,6,0,plate,6,3,,6,4,,7,1,plate,7,3,,7,4,,0,56.0,88.0,,tomato,0,1.0,30.0,24.0,88.0,,,0,1.0,30.0
650,0,1,,0,2,,0.0,0,0,3,None_cut,3.3749999999999964,3,2,2,tomato,2,3,,2,4,tomato_salad,2,5,,4,0,tomato,5,0,tomato,6,0,plate,6,3,,6,4,,7,1,plate,7,3,,7,4,,0,56.0,88.0,,tomato,0,1.0,30.0,24.0,88.0,,,0,1.0,30.0
651,0,1,,0,2,,0.0,0,0,3,None_cut,3.3749999999999964,3,2,2,tomato,2,3,,2,4,tomato_salad,2,5,,4,0,tomato,5,0,tomato,6,0,plate,6,3,,6,4,,7,1,plate,7,3,,7,4,,0,56.0,88.0,,tomato,0,1.0,30.0,24.0,88.0,,,0,1.0,30.0
652,0,1,,0,2,,0.0,0,0,3,None_cut,3.3749999999999964,3,2,2,tomato,2,3,,2,4,tomato_salad,2,5,,4,0,tomato,5,0,tomato,6,0,plate,6,3,,6,4,,7,1,plate,7,3,,7,4,,0,56.0,88.0,,tomato,0,1.0,30.0,24.0,88.0,,,0,1.0,30.0
653,0,1,,0,2,,0.0,0,0,3,None_cut,3.3749999999999964,3,2,2,tomato,2,3,,2,4,tomato_salad,2,5,,4,0,tomato,5,0,tomato,6,0,plate,6,3,,6,4,,7,1,plate,7,3,,7,4,,0,56.0,88.0,,tomato,0,1.0,30.0,24.0,88.0,,,0,1.0,30.0
654,0,1,,0,2,,0.0,0,0,3,None_cut,3.3749999999999964,3,2,2,tomato,2,3,,2,4,tomato_salad,2,5,,4,0,tomato,5,0,tomato,6,0,plate,6,3,,6,4,,7,1,plate,7,3,,7,4,,0,56.0,88.0,,tomato,0,1.0,30.0,24.0,88.0,,,0,1.0,30.0
655,0,1,,0,2,,0.0,0,0,3,None_cut,3.3749999999999964,3,2,2,tomato,2,3,,2,4,tomato_salad,2,5,,4,0,tomato,5,0,tomato,6,0,plate,6,3,,6,4,,7,1,plate,7,3,,7,4,,0,56.0,88.0,,tomato,0,1.0,30.0,24.0,88.0,,,0,1.0,30.0
656,0,1,,0,2,,0.0,0,0,3,None_cut,3.3749999999999964,3,2,2,tomato,2,3,,2,4,tomato_salad,2,5,,4,0,tomato,5,0,tomato,6,0,plate,6,3,,6,4,,7,1,plate,7,3,,7,4,,0,56.0,88.0,,tomato,0,1.0,30.0,24.0,88.0,,,0,1.0,30.0
657,0,1,,0,2,,0.0,0,0,3,None_cut,3.3749999999999964,3,2,2,tomato,2,3,,2,4,tomato_salad,2,5,,4,0,tomato,5,0,tomato,6,0,plate,6,3,,6,4,,7,1,plate,7,3,,7,4,,0,56.0,88.0,,tomato,0,1.0,30.0,24.0,88.0,,,0,1.0,30.0
658,0,1,,0,2,,0.0,0,0,3,None_cut,3.3749999999999964,3,2,2,tomato,2,3,,2,4,tomato_salad,2,5,,4,0,tomato,5,0,tomato,6,0,plate,6,3,,6,4,,7,1,plate,7,3,,7,4,,0,55.11611652351695,88.88388347648305,,tomato,0,1.0,30.0,24.0,88.0,,,0,1.0,30.0
659,0,1,,0,2,,0.0,0,0,3,None_cut,3.3749999999999964,3,2,2,tomato,2,3,,2,4,tomato_salad,2,5,,4,0,tomato,5,0,tomato,6,0,plate,6,3,,6,4,,7,1,plate,7,3,,7,4,,0,54.2322330470339,89.7677669529661,,tomato,0,1.0,30.0,24.0,88.0,,,0,1.0,30.0
660,0,1,,0,2,,0.0,0,0,3,None_cut,3.3749999999999964,3,2,2,tomato,2,3,,2,4,tomato_salad,2,5,,4,0,tomato,5,0,tomato,6,0,plate,6,3,,6,4,,7,1,plate,7,3,,7,4,,0,53.34834957055085,90.65165042944915,,tomato,0,1.0,30.0,24.0,88.0,,,0,1.0,30.0
661,0,1,,0,2,,0.0,0,0,3,None_cut,3.3749999999999964,3,2,2,tomato,2,3,,2,4,tomato_salad,2,5,,4,0,tomato,5,0,tomato,6,0,plate,6,3,,6,4,,7,1,plate,7,3,,7,4,,0,52.4644660940678,91.5355339059322,,tomato,0,1.0,30.0,24.0,88.0,,,0,1.0,30.0
662,0,1,,0,2,,0.0,0,0,3,None_cut,3.3749999999999964,3,2,2,tomato,2,3,,2,4,tomato_salad,2,5,,4,0,tomato,5,0,tomato,6,0,plate,6,3,,6,4,,7,1,plate,7,3,,7,4,,0,51.58058261758475,92.41941738241525,,tomato,0,1.0,30.0,24.0,88.0,,,0,1.0,30.0
663,0,1,,0,2,,0.0,0,0,3,None_cut,3.3749999999999964,3,2,2,tomato,2,3,,2,4,tomato_salad,2,5,,4,0,tomato,5,0,tomato,6,0,plate,6,3,,6,4,,7,1,plate,7,3,,7,4,,0,50.6966991411017,93.3033008588983,,tomato,0,1.0,30.0,24.0,88.0,,,0,1.0,30.0
664,0,1,,0,2,,0.0,0,0,3,None_cut,3.3749999999999964,3,2,2,tomato,2,3,,2,4,tomato_salad,2,5,,4,0,tomato,5,0,tomato,6,0,plate,6,3,,6,4,,7,1,plate,7,3,,7,4,,0,49.812815664618654,94.18718433538135,,tomato,0,1.0,30.0,24.0,88.0,,,0,1.0,30.0
665,0,1,,0,2,,0.0,0,0,3,None_cut,3.3749999999999964,3,2,2,tomato,2,3,,2,4,tomato_salad,2,5,,4,0,tomato,5,0,tomato,6,0,plate,6,3,,6,4,,7,1,plate,7,3,,7,4,,0,48.928932188135605,95.0710678118644,,tomato,0,1.0,30.0,24.0,88.0,,,0,1.0,30.0
666,0,1,,0,2,,0.0,0,0,3,None_cut,3.3749999999999964,3,2,2,tomato,2,3,,2,4,tomato_salad,2,5,,4,0,tomato,5,0,tomato,6,0,plate,6,3,,6,4,,7,1,plate,7,3,,7,4,,0,48.045048711652555,95.95495128834744,,tomato,0,1.0,30.0,24.0,88.0,,,0,1.0,30.0
667,0,1,,0,2,,0.0,0,0,3,None_cut,3.3749999999999964,3,2,2,tomato,2,3,,2,4,tomato_salad,2,5,,4,0,tomato,5,0,tomato,6,0,plate,6,3,,6,4,,7,1,plate,7,3,,7,4,,0,47.161165235169506,96.8388347648305,,tomato,0,1.0,30.0,24.0,88.0,,,0,1.0,30.0
668,0,1,,0,2,,0.0,0,0,3,None_cut,3.3749999999999964,3,2,2,tomato,2,3,,2,4,tomato_salad,2,5,,4,0,tomato,5,0,tomato,6,0,plate,6,3,,6,4,,7,1,plate,7,3,,7,4,,0,46.277281758686456,97.72271824131354,,tomato,0,1.0,30.0,24.0,88.0,,,0,1.0,30.0
669,0,1,,0,2,,0.0,0,0,3,None_cut,3.3749999999999964,3,2,2,tomato,2,3,,2,4,tomato_salad,2,5,,4,0,tomato,5,0,tomato,6,0,plate,6,3,,6,4,,7,1,plate,7,3,,7,4,,0,45.39339828220341,98.6066017177966,,tomato,0,1.0,30.0,24.0,88.0,,,0,1.0,30.0
670,0,1,,0,2,,0.0,0,0,3,None_cut,3.3749999999999964,3,2,2,tomato,2,3,,2,4,tomato_salad,2,5,,4,0,tomato,5,0,tomato,6,0,plate,6,3,,6,4,,7,1,plate,7,3,,7,4,,0,44.50951480572036,99.49048519427964,,tomato,0,1.0,30.0,24.0,88.0,,,0,1.0,30.0
671,0,1,,0,2,,0.0,0,0,3,None_cut,3.3749999999999964,3,2,2,tomato,2,3,,2,4,tomato_salad,2,5,,4,0,tomato,5,0,tomato,6,0,plate,6,3,,6,4,,7,1,plate,7,3,,7,4,,0,43.62563132923731,100.37436867076269,,tomato,0,1.0,30.0,24.0,88.0,,,0,1.0,30.0
672,0,1,,0,2,,0.0,0,0,3,None_cut,3.3749999999999964,3,2,2,tomato,2,3,,2,4,tomato_salad,2,5,,4,0,tomato,5,0,tomato,6,0,plate,6,3,,6,4,,7,1,plate,7,3,,7,4,,0,42.74174785275426,101.25825214724574,,tomato,0,1.0,30.0,24.0,88.0,,,0,1.0,30.0
673,0,1,,0,2,,0.0,0,0,3,None_cut,3.3749999999999964,3,2,2,tomato,2,3,,2,4,tomato_salad,2,5,,4,0,tomato,5,0,tomato,6,0,plate,6,3,,6,4,,7,1,plate,7,3,,7,4,,0,41.85786437627121,102.14213562372879,,tomato,0,1.0,30.0,24.0,88.0,,,0,1.0,30.0
674,0,1,,0,2,,0.0,0,0,3,None_cut,3.3749999999999964,3,2,2,tomato,2,3,,2,4,tomato_salad,2,5,,4,0,tomato,5,0,tomato,6,0,plate,6,3,,6,4,,7,1,plate,7,3,,7,4,,0,40.87793154434158,101.36609977088017,,tomato,0,1.0,30.0,24.0,88.0,,,0,1.0,30.0
675,0,1,,0,2,,0.0,0,0,3,None_cut,3.3749999999999964,3,2,2,tomato,2,3,,2,4,tomato_salad,2,5,,4,0,tomato,5,0,tomato,6,0,plate,6,3,,6,4,,7,1,plate,7,3,,7,4,,0,39.89799871241195,100.59006391803155,,tomato,0,1.0,30.0,24.0,88.0,,,0,1.0,30.0
676,0,1,,0,2,,0.0,0,0,3,None_cut,3.3749999999999964,3,2,2,tomato,2,3,,2,4,tomato_salad,2,5,,4,0,tomato,5,0,tomato,6,0,plate,6,3,,6,4,,7,1,plate,7,3,,7,4,,0,38.91806588048232,99.81402806518292,,tomato,0,1.0,30.0,24.0,88.0,,,0,1.0,30.0
677,0,1,,0,2,,0.0,0,0,3,None_cut,3.3749999999999964,3,2,2,tomato,2,3,,2,4,tomato_salad,2,5,,4,0,tomato,5,0,tomato,6,0,plate,6,3,,6,4,,7,1,plate,7,3,,7,4,,0,37.938133048552686,99.0379922123343,,tomato,0,1.0,30.0,24.0,88.0,,,0,1.0,30.0
678,0,1,,0,2,,0.0,0,0,3,None_cut,3.3749999999999964,3,2,2,tomato,2,3,,2,4,tomato_salad,2,5,,4,0,tomato,5,0,tomato,6,0,plate,6,3,,6,4,,7,1,plate,7,3,,7,4,,0,36.958200216623055,98.26195635948568,,tomato,0,1.0,30.0,24.0,88.0,,,0,1.0,30.0
679,0,1,,0,2,,0.0,0,0,3,None_cut,3.3749999999999964,3,2,2,tomato,2,3,,2,4,tomato_salad,2,5,,4,0,tomato,5,0,tomato,6,0,plate,6,3,,6,4,,7,1,plate,7,3,,7,4,,0,35.978267384693424,97.48592050663706,,tomato,0,1.0,30.0,24.0,88.0,,,0,1.0,30.0
680,0,1,,0,2,,0.0,0,0,3,None_cut,3.3749999999999964,3,2,2,tomato,2,3,,2,4,tomato_salad,2,5,,4,0,tomato,5,0,tomato,6,0,plate,6,3,,6,4,,7,1,plate,7,3,,7,4,,0,34.998334552763794,96.70988465378844,,tomato,0,1.0,30.0,24.0,88.0,,,0,1.0,30.0
681,0,1,,0,2,,0.0,0,0,3,None_cut,3.3749999999999964,3,2,2,tomato,2,3,,2,4,tomato_salad,2,5,,4,0,tomato,5,0,tomato,6,0,plate,6,3,,6,4,,7,1,plate,7,3,,7,4,,0,34.01840172083416,95.93384880093981,,tomato,0,1.0,30.0,24.0,88.0,,,0,1.0,30.0
682,0,1,,0,2,,0.0,0,0,3,None_cut,3.3749999999999964,3,2,2,tomato,2,3,,2,4,tomato_salad,2,5,,4,0,tomato,5,0,tomato,6,0,plate,6,3,,6,4,,7,1,plate,7,3,,7,4,,0,33.03846888890453,95.15781294809119,,tomato,0,1.0,30.0,24.0,88.0,,,0,1.0,30.0
683,0,1,,0,2,,0.0,0,0,3,None_cut,3.3749999999999964,3,2,2,tomato,2,3,,2,4,tomato_salad,2,5,,4,0,tomato,5,0,tomato,6,0,plate,6,3,,6,4,,7,1,plate,7,3,,7,4,,0,32.0585360569749,94.38177709524257,,tomato,0,1.0,30.0,24.0,88.0,,,0,1.0,30.0
684,0,1,,0,2,,0.0,0,0,3,None_cut,3.3749999999999964,3,2,2,tomato,2,3,,2,4,tomato_salad,2,5,,4,0,tomato,5,0,tomato,6,0,plate,6,3,,6,4,,7,1,plate,7,3,,7,4,,0,31.07860322504527,93.60574124239395,,tomato,0,1.0,30.0,24.0,88.0,,,0,1.0,30.0
685,0,1,,0,2,,0.0,0,0,3,None_cut,3.3749999999999964,3,2,2,tomato,2,3,,2,4,tomato_salad,2,5,,4,0,tomato,5,0,tomato,6,0,plate,6,3,,6,4,,7,1,plate,7,3,,7,4,,0,30.09867039311564,92.82970538954532,,tomato,0,1.0,30.0,24.0,88.0,,,0,1.0,30.0
686,0,1,,0,2,,0.0,0,0,3,None_cut,3.3749999999999964,3,2,2,tomato,2,3,,2,4,tomato_salad,2,5,,4,0,tomato,5,0,tomato,6,0,plate,6,3,,6,4,,7,1,plate,7,3,,7,4,,0,29.11873756118601,92.0536695366967,,tomato,0,1.0,30.0,24.0,88.0,,,0,1.0,30.0
687,0,1,,0,2,,0.0,0,0,3,None_cut,3.3749999999999964,3,2,2,tomato,2,3,,2,4,tomato_salad,2,5,,4,0,tomato,5,0,tomato,6,0,plate,6,3,,6,4,,7,1,plate,7,3,,7,4,,0,28.13880472925638,91.27763368384808,,tomato,0,1.0,30.0,24.0,88.0,,,0,1.0,30.0
688,0,1,,0,2,,0.0,0,0,3,None_cut,3.3749999999999964,3,2,2,tomato,2,3,,2,4,tomato_salad,2,5,,4,0,tomato,5,0,tomato,6,0,plate,6,3,,6,4,,7,1,plate,7,3,,7,4,,0,27.158871897326748,90.50159783099946,,tomato,0,1.0,30.0,24.0,88.0,,,0,1.0,30.0
689,0,1,,0,2,,0.0,0,0,3,None_cut,3.3749999999999964,3,2,2,tomato,2,3,,2,4,tomato_salad,2,5,,4,0,tomato,5,0,tomato,6,0,plate,6,3,,6,4,,7,1,plate,7,3,,7,4,,0,26.17893906539693,89.72556197815084,,tomato,0,1.0,30.0,24.0,88.0,,,0,1.0,30.0
690,0,1,,0,2,,0.0,0,0,3,None_cut,3.3749999999999964,3,2,2,tomato,2,3,,2,4,tomato_salad,2,5,,4,0,tomato,5,0,tomato,6,0,plate,6,3,,6,4,,7,1,plate,7,3,,7,4,,0,25.199006233466942,88.94952612530221,,tomato,0,1.0,30.0,24.0,88.0,,,0,1.0,30.0
691,0,1,,0,2,,0.0,0,0,3,None_cut,3.3749999999999964,3,2,2,tomato,2,3,,2,4,tomato_salad,2,5,,4,0,tomato,5,0,tomato,6,0,plate,6,3,,6,4,,7,1,plate,7,3,,7,4,,0,24.219073401536956,88.17349027245385,,tomato,0,1.0,30.0,24.0,88.0,,,0,1.0,30.0
692,0,1,,0,2,,0.0,0,0,3,None_cut,3.3749999999999964,3,2,2,tomato,2,3,,2,4,tomato_salad,2,5,,4,0,tomato,5,0,tomato,6,0,plate,6,3,,6,4,,7,1,plate,7,3,,7,4,,0,24.184352922624758,86.93306289344606,,tomato,0,1.0,30.0,24.0,88.0,,,0,1.0,30.0
693,0,1,,0,2,,0.0,0,0,3,None_cut,3.3749999999999964,3,2,2,tomato,2,3,,2,4,tomato_salad,2,5,,4,0,tomato,5,0,tomato,6,0,plate,6,3,,6,4,,7,1,plate,7,3,,7,4,,0,24.16892249173333,85.68315813635338,,tomato,0,1.0,30.0,24.0,88.0,,,0,1.0,30.0
694,0,1,,0,2,,0.0,0,0,3,None_cut,3.3749999999999964,3,2,2,tomato,2,3,,2,4,tomato_salad,2,5,,4,0,tomato,5,0,tomato,6,0,plate,6,3,,6,4,,7,1,plate,7,3,,7,4,,0,24.153492060841902,84.4332533792607,,tomato,0,1.0,30.0,24.0,88.0,,,0,1.0,30.0
695,0,1,,0,2,,0.0,0,0,3,None_cut,3.3749999999999964,3,2,2,tomato,2,3,,2,4,tomato_salad,2,5,,4,0,tomato,5,0,tomato,6,0,plate,6,3,,6,4,,7,1,plate,7,3,,7,4,,0,24.138061629950535,83.18334862216803,,tomato,0,1.0,30.0,24.0,88.0,,,0,1.0,30.0
696,0,1,,0,2,,0.0,0,0,3,None_cut,3.3749999999999964,3,2,2,tomato,2,3,,2,4,tomato_salad,2,5,,4,0,tomato,5,0,tomato,6,0,plate,6,3,,6,4,,7,1,plate,7,3,,7,4,,0,24.12263119905928,81.93344386507535,,tomato,0,1.0,30.0,24.0,88.0,,,0,1.0,30.0
697,0,1,,0,2,,0.0,0,0,3,None_cut,3.3749999999999964,3,2,2,tomato,2,3,,2,4,tomato_salad,2,5,,4,0,tomato,5,0,tomato,6,0,plate,6,3,,6,4,,7,1,plate,7,3,,7,4,,0,24.10720076816803,80.68353910798267,,tomato,0,1.0,30.0,24.0,88.0,,,0,1.0,30.0
698,0,1,,0,2,,0.0,0,0,3,None_cut,3.3749999999999964,3,2,2,tomato,2,3,,2,4,tomato_salad,2,5,,4,0,tomato,5,0,tomato,6,0,plate,6,3,,6,4,,7,1,plate,7,3,,7,4,,0,24.091770337276778,79.43363435088999,,tomato,0,1.0,30.0,24.0,88.0,,,0,1.0,30.0
699,0,1,,0,2,,0.0,0,0,3,None_cut,3.3749999999999964,3,2,2,tomato,2,3,,2,4,tomato_salad,2,5,,4,0,tomato,5,0,tomato,6,0,plate,6,3,,6,4,,7,1,plate,7,3,,7,4,,0,24.076339906385527,78.18372959379731,,tomato,0,1.0,30.0,24.0,88.0,,,0,1.0,30.0
700,0,1,,0,2,,0.0,0,0,3,None_cut,3.3749999999999964,3,2,2,tomato,2,3,,2,4,tomato_salad,2,5,,4,0,tomato,5,0,tomato,6,0,plate,6,3,,6,4,,7,1,plate,7,3,,7,4,,0,24.060909475494274,76.93382483670463,,tomato,0,1.0,30.0,24.0,88.0,,,0,1.0,30.0
701,0,1,,0,2,,0.0,0,0,3,None_cut,3.3749999999999964,3,2,2,tomato,2,3,,2,4,tomato_salad,2,5,,4,0,tomato,5,0,tomato,6,0,plate,6,3,,6,4,,7,1,plate,7,3,,7,4,,0,24.045479044603024,75.68392007961195,,tomato,0,1.0,30.0,24.0,88.0,,,0,1.0,30.0
702,0,1,,0,2,,0.0,0,0,3,None_cut,3.3749999999999964,3,2,2,tomato,2,3,,2,4,tomato_salad,2,5,,4,0,tomato,5,0,tomato,6,0,plate,6,3,,6,4,,7,1,plate,7,3,,7,4,,0,24.03004861371177,74.43401532251927,,tomato,0,1.0,30.0,24.0,88.0,,,0,1.0,30.0
703,0,1,,0,2,,0.0,0,0,3,None_cut,3.3749999999999964,3,2,2,tomato,2,3,,2,4,tomato_salad,2,5,,4,0,tomato,5,0,tomato,6,0,plate,6,3,,6,4,,7,1,plate,7,3,,7,4,,0,24.01461818282052,73.1841105654266,,tomato,0,1.0,30.0,24.0,88.0,,,0,1.0,30.0
704,0,1,,0,2,,0.0,0,0,3,None_cut,3.3749999999999964,3,2,2,tomato,2,3,,2,4,tomato_salad,2,5,,4,0,tomato,5,0,tomato,6,0,plate,6,3,,6,4,,7,1,plate,7,3,,7,4,,0,24.002388789465805,71.93418581027328,,tomato,0,1.0,30.0,24.0,88.0,,,0,1.0,30.0
705,0,1,,0,2,,0.0,0,0,3,None_cut,3.3749999999999964,3,2,2,tomato,2,3,,2,4,tomato_salad,2,5,,4,0,tomato,5,0,tomato,6,0,plate,6,3,,6,4,,7,1,plate,7,3,,7,4,,0,24.002201394462823,70.68418582432042,,tomato,0,1.0,30.0,24.0,88.0,,,0,1.0,30.0
706,0,1,,0,2,,0.0,0,0,3,None_cut,3.3749999999999964,3,2,2,tomato,2,3,,2,4,tomato_salad,2,5,,4,0,tomato,5,0,tomato,6,0,plate,6,3,,6,4,,7,1,plate,7,3,,7,4,,0,24.00201399945984,69.43418583836757,,tomato,0,1.0,30.0,24.0,88.0,,,0,1.0,30.0
707,0,1,,0,2,,0.0,0,0,3,None_cut,3.3749999999999964,3,2,2,tomato,2,3,,2,4,tomato_salad,2,5,,4,0,tomato,5,0,tomato,6,0,plate,6,3,,6,4,,7,1,plate,7,3,,7,4,,0,24.00182660445686,68.18418585241471,,tomato,0,1.0,30.0,24.0,88.0,,,0,1.0,30.0
708,0,1,,0,2,,0.0,0,0,3,None_cut,3.3749999999999964,3,2,2,tomato,2,3,,2,4,tomato_salad,2,5,,4,0,tomato,5,0,tomato,6,0,plate,6,3,,6,4,,7,1,plate,7,3,,7,4,,0,24.001639209453877,66.93418586646186,,tomato,0,1.0,30.0,24.0,88.0,,,0,1.0,30.0
709,0,1,,0,2,,0.0,0,0,3,None_cut,3.3749999999999964,3,2,2,tomato,2,3,,2,4,tomato_salad,2,5,,4,0,tomato,5,0,tomato,6,0,plate,6,3,,6,4,,7,1,plate,7,3,,7,4,,0,24.001451814450895,65.684185880509,,tomato,0,1.0,30.0,24.0,88.0,,,0,1.0,30.0
710,0,1,,0,2,,0.0,0,0,3,None_cut,3.3749999999999964,3,2,2,tomato,2,3,,2,4,tomato_salad,2,5,,4,0,tomato,5,0,tomato,6,0,plate,6,3,,6,4,,7,1,plate,7,3,,7,4,,0,24.001264419447914,64.43418589455615,,tomato,0,1.0,30.0,24.0,88.0,,,0,1.0,30.0
711,0,1,,0,2,,0.0,0,0,3,None_cut,3.3749999999999964,3,2,2,tomato,2,3,,2,4,tomato_salad,2,5,,4,0,tomato,5,0,tomato,6,0,plate,6,3,,6,4,,7,1,plate,7,3,,7,4,,0,24.001077024444932,63.18418590860283,,tomato,0,1.0,30.0,24.0,88.0,,,0,1.0,30.0
712,0,1,,0,2,,0.0,0,0,3,None_cut,3.3749999999999964,3,2,2,tomato,2,3,,2,4,tomato_salad,2,5,,4,0,tomato,5,0,tomato,6,0,plate,6,3,,6,4,,7,1,plate,7,3,,7,4,,0,24.000889629441776,61.93418592264926,,tomato,0,1.0,30.0,24.0,88.0,,,0,1.0,30.0
713,0,1,,0,2,,0.0,0,0,3,None_cut,3.3749999999999964,3,2,2,tomato,2,3,,2,4,tomato_salad,2,5,,4,0,tomato,5,0,tomato,6,0,plate,6,3,,6,4,,7,1,plate,7,3,,7,4,,0,24.000702234438617,60.6841859366957,,tomato,0,1.0,30.0,24.0,88.0,,,0,1.0,30.0
714,0,1,,0,2,,0.0,0,0,3,None_cut,3.3749999999999964,3,2,2,tomato,2,3,,2,4,tomato_salad,2,5,,4,0,tomato,5,0,tomato,6,0,plate,6,3,,6,4,,7,1,plate,7,3,,7,4,,0,24.000514839435457,59.43418595074213,,tomato,0,1.0,30.0,24.0,88.0,,,0,1.0,30.0
715,0,1,,0,2,,0.0,0,0,3,None_cut,3.3749999999999964,3,2,2,tomato,2,3,,2,4,tomato_salad,2,5,,4,0,tomato,5,0,tomato,6,0,plate,6,3,,6,4,,7,1,plate,7,3,,7,4,,0,24.000327444432298,58.18418596478857,,tomato,0,1.0,30.0,24.88388347648305,88.88388347648305,,,0,1.0,30.0
716,0,1,,0,2,,0.0,0,0,3,None_cut,3.3749999999999964,3,2,2,tomato,2,3,,2,4,tomato_salad,2,5,,4,0,tomato,5,0,tomato,6,0,plate,6,3,,6,4,,7,1,plate,7,3,,7,4,,0,24.000140049429138,56.934185978835,,tomato,0,1.0,30.0,25.7677669529661,89.7677669529661,,,0,1.0,30.0
717,0,1,,0,2,,0.0,0,0,3,None_cut,3.3749999999999964,3,2,2,tomato,2,3,,2,4,tomato_salad,2,5,,4,0,tomato,5,0,tomato,6,0,plate,6,3,,6,4,,7,1,plate,7,3,,7,4,,0,24.000028553361254,55.68418598712316,,tomato,0,1.0,30.0,26.65165042944915,90.65165042944915,,,0,1.0,30.0
718,0,1,,0,2,,0.0,0,0,3,None_cut,3.3749999999999964,3,2,2,tomato,2,3,,2,4,tomato_salad,2,5,,4,0,tomato,5,0,tomato,6,0,plate,6,3,,6,4,,7,1,plate,7,3,,7,4,,0,24.00002627771243,54.434185987125005,,tomato,0,1.0,30.0,27.535533905932198,91.5355339059322,,,0,1.0,30.0
719,0,1,,0,2,,0.0,0,0,3,None_cut,3.3749999999999964,3,2,2,tomato,2,3,,2,4,tomato_salad,2,5,,4,0,tomato,5,0,tomato,6,0,plate,6,3,,6,4,,7,1,plate,7,3,,7,4,,0,24.000024002063604,53.18418598712685,,tomato,0,1.0,30.0,28.419417382415247,92.41941738241525,,,0,1.0,30.0
720,0,1,,0,2,,0.0,0,0,3,None_cut,3.3749999999999964,3,2,2,tomato,2,3,,2,4,tomato_salad,2,5,,4,0,tomato,5,0,tomato,6,0,plate,6,3,,6,4,,7,1,plate,7,3,,7,4,,0,24.00002172641475,51.9341859871287,,tomato,0,1.0,30.0,29.303300858898297,93.3033008588983,,,0,1.0,30.0
721,0,1,,0,2,,0.0,0,0,3,None_cut,3.3749999999999964,3,2,2,tomato,2,3,,2,4,tomato_salad,2,5,,4,0,tomato,5,0,tomato,6,0,plate,6,3,,6,4,,7,1,plate,7,3,,7,4,,0,24.00001945076575,50.68418598713055,,tomato,0,1.0,30.0,30.187184335381346,94.18718433538135,,,0,1.0,30.0
722,0,1,,0,2,,0.0,0,0,3,None_cut,3.3749999999999964,3,2,2,tomato,2,3,,2,4,tomato_salad,2,5,,4,0,tomato,5,0,tomato,6,0,plate,6,3,,6,4,,7,1,plate,7,3,,7,4,,0,24.000017175116746,49.434185987132395,,tomato,0,1.0,30.0,31.071067811864395,95.0710678118644,,,0,1.0,30.0
723,0,1,,0,2,,0.0,0,0,3,None_cut,3.3749999999999964,3,2,2,tomato,2,3,,2,4,tomato_salad,2,5,,4,0,tomato,5,0,tomato,6,0,plate,6,3,,6,4,,7,1,plate,7,3,,7,4,,0,24.000014899467743,48.18418598713424,,tomato,0,1.0,30.0,31.954951288347445,95.95495128834744,,,0,1.0,30.0
724,0,1,,0,2,,0.0,0,0,3,None_cut,3.3749999999999964,3,2,2,tomato,2,3,,2,4,tomato_salad,2,5,,4,0,tomato,5,0,tomato,6,0,plate,6,3,,6,4,,7,1,plate,7,3,,7,4,,0,24.00001262381874,46.93418598713609,,tomato,0,1.0,30.0,32.838834764830494,96.8388347648305,,,0,1.0,30.0
725,0,1,,0,2,,0.0,0,0,3,None_cut,3.3749999999999964,3,2,2,tomato,2,3,,2,4,tomato_salad,2,5,,4,0,tomato,5,0,tomato,6,0,plate,6,3,,6,4,,7,1,plate,7,3,,7,4,,0,24.000010348169738,45.68418598713794,,tomato,0,1.0,30.0,33.722718241313544,97.72271824131354,,,0,1.0,30.0
726,0,1,,0,2,,0.0,0,0,3,None_cut,3.3749999999999964,3,2,2,tomato,2,3,,2,4,tomato_salad,2,5,,4,0,tomato,5,0,tomato,6,0,plate,6,3,,6,4,,7,1,plate,7,3,,7,4,,0,24.000008072520735,44.434185987139784,,tomato,0,1.0,30.0,34.60660171779659,98.6066017177966,,,0,1.0,30.0
727,0,1,,0,2,,0.0,0,0,3,None_cut,3.3749999999999964,3,2,2,tomato,2,3,,2,4,tomato_salad,2,5,,4,0,tomato,5,0,tomato,6,0,plate,6,3,,6,4,,7,1,plate,7,3,,7,4,,0,24.000005796871733,43.18418598714163,,tomato,0,1.0,30.0,35.49048519427964,99.49048519427964,,,0,1.0,30.0
728,0,1,,0,2,,0.0,0,0,3,None_cut,3.3749999999999964,3,2,2,tomato,2,3,,2,4,tomato_salad,2,5,,4,0,tomato,5,0,tomato,6,0,plate,6,3,,6,4,,7,1,plate,7,3,,7,4,,0,24.00000352122273,41.93418598714348,,tomato,0,1.0,30.0,36.37436867076269,100.37436867076269,,,0,1.0,30.0
729,0,1,,0,2,,0.0,0,0,3,None_cut,3.3749999999999964,3,2,2,tomato,2,3,,2,4,tomato_salad,2,5,,4,0,tomato,5,0,tomato,6,0,plate,6,3,,6,4,,7,1,plate,7,3,,7,4,,0,24.000001245573728,40.68418598714533,,tomato,0,1.0,30.0,37.25825214724574,101.25825214724574,,,0,1.0,30.0
730,0,1,,0,2,,0.0,0,0,3,None_cut,3.3749999999999964,3,2,2,tomato,2,3,,2,4,tomato_salad,2,5,,4,0,tomato,5,0,tomato,6,0,plate,6,3,,6,4,,7,1,plate,7,3,,7,4,,0,24.0,40.0,,tomato,0,1.0,30.0,38.14213562372879,102.14213562372879,,,0,1.0,30.0
731,0,1,,0,2,tomato,0.0,0,0,3,None_cut,3.3749999999999964,3,2,2,tomato,2,3,,2,4,tomato_salad,2,5,,4,0,tomato,5,0,tomato,6,0,plate,6,3,,6,4,,7,1,plate,7,3,,7,4,,0,24.0,40.0,,,0,1.0,30.0,39.02601910021184,103.02601910021184,,,0,1.0,30.0
732,0,1,,0,2,tomato,0.041666666666666664,0,0,3,None_cut,3.3749999999999964,3,2,2,tomato,2,3,,2,4,tomato_salad,2,5,,4,0,tomato,5,0,tomato,6,0,plate,6,3,,6,4,,7,1,plate,7,3,,7,4,,0,24.0,40.0,,,0,1.0,30.0,39.911194900505734,103.69907880744046,,,0,1.0,30.0
733,0,1,,0,2,tomato,0.08333333333333333,0,0,3,None_cut,3.3749999999999964,3,2,2,tomato,2,3,,2,4,tomato_salad,2,5,,4,0,tomato,5,0,tomato,6,0,plate,6,3,,6,4,,7,1,plate,7,3,,7,4,,0,24.0,40.0,,,0,1.0,30.0,40.80584774207915,102.82609754013657,,,0,1.0,30.0
734,0,1,,0,2,tomato,0.125,0,0,3,None_cut,3.3749999999999964,3,2,2,tomato,2,3,,2,4,tomato_salad,2,5,,4,0,tomato,5,0,tomato,6,0,plate,6,3,,6,4,,7,1,plate,7,3,,7,4,,0,24.0,40.0,,,0,1.0,30.0,41.70050058365257,101.95311627283269,,,0,1.0,30.0
735,0,1,,0,2,tomato,0.16666666666666666,0,0,3,None_cut,3.3749999999999964,3,2,2,tomato,2,3,,2,4,tomato_salad,2,5,,4,0,tomato,5,0,tomato,6,0,plate,6,3,,6,4,,7,1,plate,7,3,,7,4,,0,24.0,40.0,,,0,1.0,30.0,42.59515342522599,101.0801350055288,,,0,1.0,30.0
736,0,1,,0,2,tomato,0.20833333333333331,0,0,3,None_cut,3.3749999999999964,3,2,2,tomato,2,3,,2,4,tomato_salad,2,5,,4,0,tomato,5,0,tomato,6,0,plate,6,3,,6,4,,7,1,plate,7,3,,7,4,,0,24.0,40.0,,,0,1.0,30.0,43.489806266799405,100.20715373822492,,,0,1.0,30.0
737,0,1,,0,2,tomato,0.24999999999999997,0,0,3,None_cut,3.3749999999999964,3,2,2,tomato,2,3,,2,4,tomato_salad,2,5,,4,0,tomato,5,0,tomato,6,0,plate,6,3,,6,4,,7,1,plate,7,3,,7,4,,0,24.0,40.0,,,0,1.0,30.0,44.38445910837282,99.33417247092103,,,0,1.0,30.0
738,0,1,,0,2,tomato,0.29166666666666663,0,0,3,None_cut,3.3749999999999964,3,2,2,tomato,2,3,,2,4,tomato_salad,2,5,,4,0,tomato,5,0,tomato,6,0,plate,6,3,,6,4,,7,1,plate,7,3,,7,4,,0,24.0,40.0,,,0,1.0,30.0,45.27911194994624,98.46119120361715,,,0,1.0,30.0
739,0,1,,0,2,tomato,0.3333333333333333,0,0,3,None_cut,3.3749999999999964,3,2,2,tomato,2,3,,2,4,tomato_salad,2,5,,4,0,tomato,5,0,tomato,6,0,plate,6,3,,6,4,,7,1,plate,7,3,,7,4,,0,24.0,40.0,,,0,1.0,30.0,46.17376479151966,97.58820993631326,,,0,1.0,30.0
740,0,1,,0,2,tomato,0.375,0,0,3,None_cut,3.3749999999999964,3,2,2,tomato,2,3,,2,4,tomato_salad,2,5,,4,0,tomato,5,0,tomato,6,0,plate,6,3,,6,4,,7,1,plate,7,3,,7,4,,0,24.0,40.0,,,0,1.0,30.0,47.06841763309308,96.71522866900938,,,0,1.0,30.0
741,0,1,,0,2,tomato,0.4166666666666667,0,0,3,None_cut,3.3749999999999964,3,2,2,tomato,2,3,,2,4,tomato_salad,2,5,,4,0,tomato,5,0,tomato,6,0,plate,6,3,,6,4,,7,1,plate,7,3,,7,4,,0,24.0,40.0,,,0,1.0,30.0,47.963070474666495,95.84224740170549,,,0,1.0,30.0
742,0,1,,0,2,tomato,0.45833333333333337,0,0,3,None_cut,3.3749999999999964,3,2,2,tomato,2,3,,2,4,tomato_salad,2,5,,4,0,tomato,5,0,tomato,6,0,plate,6,3,,6,4,,7,1,plate,7,3,,7,4,,0,24.0,40.0,,,0,1.0,30.0,48.85772331623991,94.96926613440161,,,0,1.0,30.0
743,0,1,,0,2,tomato,0.5,0,0,3,None_cut,3.3749999999999964,3,2,2,tomato,2,3,,2,4,tomato_salad,2,5,,4,0,tomato,5,0,tomato,6,0,plate,6,3,,6,4,,7,1,plate,7,3,,7,4,,0,24.0,40.0,,,0,1.0,30.0,49.75237615781333,94.09628486709772,,,0,1.0,30.0
744,0,1,,0,2,tomato,0.5416666666666666,0,0,3,None_cut,3.3749999999999964,3,2,2,tomato,2,3,,2,4,tomato_salad,2,5,,4,0,tomato,5,0,tomato,6,0,plate,6,3,,6,4,,7,1,plate,7,3,,7,4,,0,24.0,40.0,,,0,1.0,30.0,50.64702899938675,93.22330359979384,,,0,1.0,30.0
745,0,1,,0,2,tomato,0.5833333333333333,0,0,3,None_cut,3.3749999999999964,3,2,2,tomato,2,3,,2,4,tomato_salad,2,5,,4,0,tomato,5,0,tomato,6,0,plate,6,3,,6,4,,7,1,plate,7,3,,7,4,,0,24.0,40.0,,,0,1.0,30.0,51.541681840960166,92.35032233248995,,,0,1.0,30.0
746,0,1,,0,2,tomato,0.6249999999999999,0,0,3,None_cut,3.3749999999999964,3,2,2,tomato,2,3,,2,4,tomato_salad,2,5,,4,0,tomato,5,0,tomato,6,0,plate,6,3,,6,4,,7,1,plate,7,3,,7,4,,0,24.0,40.0,,,0,1.0,30.0,52.436334682533584,91.47734106518607,,,0,1.0,30.0
747,0,1,,0,2,tomato,0.6666666666666665,0,0,3,None_cut,3.3749999999999964,3,2,2,tomato,2,3,,2,4,tomato_salad,2,5,,4,0,tomato,5,0,tomato,6,0,plate,6,3,,6,4,,7,1,plate,7,3,,7,4,,0,24.0,40.0,,,0,1.0,30.0,53.330987524107,90.60435979788218,,,0,1.0,30.0
748,0,1,,0,2,tomato,0.7083333333333331,0,0,3,None_cut,3.3749999999999964,3,2,2,tomato,2,3,,2,4,tomato_salad,2,5,,4,0,tomato,5,0,tomato,6,0,plate,6,3,,6,4,,7,1,plate,7,3,,7,4,,0,24.0,40.0,,,0,1.0,30.0,54.22564036568042,89.7313785305783,,,0,1.0,30.0
749,0,1,,0,2,tomato,0.7499999999999998,0,0,3,None_cut,3.3749999999999964,3,2,2,tomato,2,3,,2,4,tomato_salad,2,5,,4,0,tomato,5,0,tomato,6,0,plate,6,3,,6,4,,7,1,plate,7,3,,7,4,,0,24.0,40.0,,,0,1.0,30.0,55.12029320725386,88.85839726327441,,,0,1.0,30.0
750,0,1,,0,2,tomato,0.7916666666666664,0,0,3,None_cut,3.3749999999999964,3,2,2,tomato,2,3,,2,4,tomato_salad,2,5,,4,0,tomato,5,0,tomato,6,0,plate,6,3,,6,4,,7,1,plate,7,3,,7,4,,0,24.0,40.0,,,0,1.0,30.0,56.01239308720309,87.98283115649855,,,0,1.0,30.0
751,0,1,,0,2,tomato,0.833333333333333,0,0,3,None_cut,3.3749999999999964,3,2,2,tomato,2,3,,2,4,tomato_salad,2,5,,4,0,tomato,5,0,tomato,6,0,plate,6,3,,6,4,,7,1,plate,7,3,,7,4,,0,24.0,40.0,,,0,1.0,30.0,56.89640858867548,87.09907972472809,,,0,1.0,30.0
752,0,1,,0,2,tomato,0.8749999999999997,0,0,3,None_cut,3.3749999999999964,3,2,2,tomato,2,3,,2,4,tomato_salad,2,5,,4,0,tomato,5,0,tomato,6,0,plate,6,3,,6,4,,7,1,plate,7,3,,7,4,,0,24.0,40.0,,,0,1.0,30.0,57.78042409014787,86.21532829295762,,,0,1.0,30.0
753,0,1,,0,2,tomato,0.9166666666666663,0,0,3,None_cut,3.3749999999999964,3,2,2,tomato,2,3,,2,4,tomato_salad,2,5,,4,0,tomato,5,0,tomato,6,0,plate,6,3,,6,4,,7,1,plate,7,3,,7,4,,0,24.0,40.0,,,0,1.0,30.0,58.66443959162026,85.33157686118716,,,0,1.0,30.0
754,0,1,,0,2,tomato,0.9583333333333329,0,0,3,None_cut,3.3749999999999964,3,2,2,tomato,2,3,,2,4,tomato_salad,2,5,,4,0,tomato,5,0,tomato,6,0,plate,6,3,,6,4,,7,1,plate,7,3,,7,4,,0,24.0,40.0,,,0,1.0,30.0,59.54845509309265,84.4478254294167,,,0,1.0,30.0
755,0,1,,0,2,tomato,0.9999999999999996,0,0,3,None_cut,3.3749999999999964,3,2,2,tomato,2,3,,2,4,tomato_salad,2,5,,4,0,tomato,5,0,tomato,6,0,plate,6,3,,6,4,,7,1,plate,7,3,,7,4,,0,24.0,40.0,,,0,1.0,30.0,60.43247059456504,83.56407399764623,,,0,1.0,30.0
756,0,1,,0,2,tomato,1.0416666666666663,1,0,3,None_cut,3.3749999999999964,3,2,2,tomato,2,3,,2,4,tomato_salad,2,5,,4,0,tomato,5,0,tomato,6,0,plate,6,3,,6,4,,7,1,plate,7,3,,7,4,,0,24.0,40.0,,,0,1.0,30.0,61.31648609603797,82.68032256587577,,,0,1.0,30.0
757,0,1,,0,2,tomato,1.083333333333333,1,0,3,None_cut,3.3749999999999964,3,2,2,tomato,2,3,,2,4,tomato_salad,2,5,,4,0,tomato,5,0,tomato,6,0,plate,6,3,,6,4,,7,1,plate,7,3,,7,4,,0,24.0,40.0,,,0,1.0,30.0,62.20050159751097,81.7965711341053,,,0,1.0,30.0
758,0,1,,0,2,tomato,1.1249999999999998,1,0,3,None_cut,3.3749999999999964,3,2,2,tomato,2,3,,2,4,tomato_salad,2,5,,4,0,tomato,5,0,tomato,6,0,plate,6,3,,6,4,,7,1,plate,7,3,,7,4,,0,24.0,40.0,,,0,1.0,30.0,63.08451709898397,80.91281970233484,,,0,1.0,30.0
759,0,1,,0,2,tomato,1.1666666666666665,1,0,3,None_cut,3.3749999999999964,3,2,2,tomato,2,3,,2,4,tomato_salad,2,5,,4,0,tomato,5,0,tomato,6,0,plate,6,3,,6,4,,7,1,plate,7,3,,7,4,,0,24.0,40.0,,,0,1.0,30.0,63.968532600456975,80.02906827056438,,,0,1.0,30.0
760,0,1,,0,2,tomato,1.2083333333333333,1,0,3,None_cut,3.3749999999999964,3,2,2,tomato,2,3,,2,4,tomato_salad,2,5,,4,0,tomato,5,0,tomato,6,0,plate,6,3,,6,4,,7,1,plate,7,3,,7,4,,0,24.0,40.0,,,0,1.0,30.0,64.85254810192939,79.14531683879392,,,0,1.0,30.0
761,0,1,,0,2,tomato,1.25,1,0,3,None_cut,3.3749999999999964,3,2,2,tomato,2,3,,2,4,tomato_salad,2,5,,4,0,tomato,5,0,tomato,6,0,plate,6,3,,6,4,,7,1,plate,7,3,,7,4,,0,24.0,40.0,,,0,1.0,30.0,65.73656360340178,78.26156540702345,,,0,1.0,30.0
762,0,1,,0,2,tomato,1.2916666666666667,1,0,3,None_cut,3.3749999999999964,3,2,2,tomato,2,3,,2,4,tomato_salad,2,5,,4,0,tomato,5,0,tomato,6,0,plate,6,3,,6,4,,7,1,plate,7,3,,7,4,,0,24.0,40.0,,,0,1.0,30.0,66.62057910487417,77.37781397525299,,,0,1.0,30.0
763,0,1,,0,2,tomato,1.3333333333333335,1,0,3,None_cut,3.3749999999999964,3,2,2,tomato,2,3,,2,4,tomato_salad,2,5,,4,0,tomato,5,0,tomato,6,0,plate,6,3,,6,4,,7,1,plate,7,3,,7,4,,0,24.0,40.0,,,0,1.0,30.0,67.50459460634656,76.49406254348253,,,0,1.0,30.0
764,0,1,,0,2,tomato,1.3750000000000002,1,0,3,None_cut,3.3749999999999964,3,2,2,tomato,2,3,,2,4,tomato_salad,2,5,,4,0,tomato,5,0,tomato,6,0,plate,6,3,,6,4,,7,1,plate,7,3,,7,4,,0,24.0,40.0,,,0,1.0,30.0,68.38861010781908,75.61031111171206,,,0,1.0,30.0
765,0,1,,0,2,tomato,1.416666666666667,1,0,3,None_cut,3.3749999999999964,3,2,2,tomato,2,3,,2,4,tomato_salad,2,5,,4,0,tomato,5,0,tomato,6,0,plate,6,3,,6,4,,7,1,plate,7,3,,7,4,,0,24.0,40.0,,,0,1.0,30.0,69.27262560929279,74.7265596799416,,,0,1.0,30.0
766,0,1,,0,2,tomato,1.4583333333333337,1,0,3,None_cut,3.3749999999999964,3,2,2,tomato,2,3,,2,4,tomato_salad,2,5,,4,0,tomato,5,0,tomato,6,0,plate,6,3,,6,4,,7,1,plate,7,3,,7,4,,0,24.0,40.0,,,0,1.0,30.0,70.15664111076651,73.84280824817114,,,0,1.0,30.0
767,0,1,,0,2,tomato,1.5000000000000004,1,0,3,None_cut,3.3749999999999964,3,2,2,tomato,2,3,,2,4,tomato_salad,2,5,,4,0,tomato,5,0,tomato,6,0,plate,6,3,,6,4,,7,1,plate,7,3,,7,4,,0,24.0,40.0,,,0,1.0,30.0,71.04065661224023,72.95905681640068,,,0,1.0,30.0
768,0,1,,0,2,tomato,1.5416666666666672,1,0,3,None_cut,3.3749999999999964,3,2,2,tomato,2,3,,2,4,tomato_salad,2,5,,4,0,tomato,5,0,tomato,6,0,plate,6,3,,6,4,,7,1,plate,7,3,,7,4,,0,24.0,40.0,,,0,1.0,30.0,71.92465385736448,72.07528712552008,,,0,1.0,30.0
769,0,1,,0,2,tomato,1.583333333333334,1,0,3,None_cut,3.3749999999999964,3,2,2,tomato,2,3,,2,4,tomato_salad,2,5,,4,0,tomato,5,0,tomato,6,0,plate,6,3,,6,4,,7,1,plate,7,3,,7,4,,0,24.0,40.0,,,0,1.0,30.0,72.80853895634202,71.19140527153436,,,0,1.0,30.0
770,0,1,,0,2,tomato,1.6250000000000007,1,0,3,None_cut,3.3749999999999964,3,2,2,tomato,2,3,,2,4,tomato_salad,2,5,,4,0,tomato,5,0,tomato,6,0,plate,6,3,,6,4,,7,1,plate,7,3,,7,4,,0,24.0,40.0,,,0,1.0,30.0,73.69242405531956,70.30752341754865,,,0,1.0,30.0
771,0,1,,0,2,tomato,1.6666666666666674,1,0,3,None_cut,3.3749999999999964,3,2,2,tomato,2,3,,2,4,tomato_salad,2,5,,4,0,tomato,5,0,tomato,6,0,plate,6,3,,6,4,,7,1,plate,7,3,,7,4,,0,24.0,40.0,,,0,1.0,30.0,74.5763091542971,69.42364156356216,,,0,1.0,30.0
772,0,1,,0,2,tomato,1.7083333333333341,1,0,3,None_cut,3.3749999999999964,3,2,2,tomato,2,3,,2,4,tomato_salad,2,5,,4,0,tomato,5,0,tomato,6,0,plate,6,3,,6,4,,7,1,plate,7,3,,7,4,,0,24.0,40.0,,,0,1.0,30.0,75.46019425327465,68.53975970957515,,,0,1.0,30.0
773,0,1,,0,2,tomato,1.7500000000000009,1,0,3,None_cut,3.3749999999999964,3,2,2,tomato,2,3,,2,4,tomato_salad,2,5,,4,0,tomato,5,0,tomato,6,0,plate,6,3,,6,4,,7,1,plate,7,3,,7,4,,0,24.0,40.0,,,0,1.0,30.0,76.3440793522522,67.65587785558816,,,0,1.0,30.0
774,0,1,,0,2,tomato,1.7916666666666676,1,0,3,None_cut,3.3749999999999964,3,2,2,tomato,2,3,,2,4,tomato_salad,2,5,,4,0,tomato,5,0,tomato,6,0,plate,6,3,,6,4,,7,1,plate,7,3,,7,4,,0,24.0,40.0,,,0,1.0,30.0,77.22796445122974,66.77199600160115,,,0,1.0,30.0
775,0,1,,0,2,tomato,1.8333333333333344,1,0,3,None_cut,3.3749999999999964,3,2,2,tomato,2,3,,2,4,tomato_salad,2,5,,4,0,tomato,5,0,tomato,6,0,plate,6,3,,6,4,,7,1,plate,7,3,,7,4,,0,24.0,40.0,,,0,1.0,30.0,78.11184955020728,65.88811414761415,,,0,1.0,30.0
776,0,1,,0,2,tomato,1.875000000000001,1,0,3,None_cut,3.3749999999999964,3,2,2,tomato,2,3,,2,4,tomato_salad,2,5,,4,0,tomato,5,0,tomato,6,0,plate,6,3,,6,4,,7,1,plate,7,3,,7,4,,0,24.0,40.0,,,0,1.0,30.0,78.99573464918483,65.00423229362715,,,0,1.0,30.0
777,0,1,,0,2,tomato,1.9166666666666679,1,0,3,None_cut,3.3749999999999964,3,2,2,tomato,2,3,,2,4,tomato_salad,2,5,,4,0,tomato,5,0,tomato,6,0,plate,6,3,,6,4,,7,1,plate,7,3,,7,4,,0,24.0,40.0,,,0,1.0,30.0,79.87961974816237,64.12035043964015,,,0,1.0,30.0
778,0,1,,0,2,tomato,1.9583333333333346,1,0,3,None_cut,3.3749999999999964,3,2,2,tomato,2,3,,2,4,tomato_salad,2,5,,4,0,tomato,5,0,tomato,6,0,plate,6,3,,6,4,,7,1,plate,7,3,,7,4,,0,24.0,40.0,,,0,1.0,30.0,80.76350484713991,63.23646858565365,,,0,1.0,30.0
779,0,1,,0,2,tomato,2.0000000000000013,2,0,3,None_cut,3.3749999999999964,3,2,2,tomato,2,3,,2,4,tomato_salad,2,5,,4,0,tomato,5,0,tomato,6,0,plate,6,3,,6,4,,7,1,plate,7,3,,7,4,,0,24.0,40.0,,,0,1.0,30.0,81.64738994611746,62.35258673166722,,,0,1.0,30.0
780,0,1,,0,2,tomato,2.041666666666668,2,0,3,None_cut,3.3749999999999964,3,2,2,tomato,2,3,,2,4,tomato_salad,2,5,,4,0,tomato,5,0,tomato,6,0,plate,6,3,,6,4,,7,1,plate,7,3,,7,4,,0,24.0,40.0,,,0,1.0,30.0,82.531275045095,61.4687048776808,,,0,1.0,30.0
781,0,1,,0,2,tomato,2.0833333333333344,2,0,3,None_cut,3.3749999999999964,3,2,2,tomato,2,3,,2,4,tomato_salad,2,5,,4,0,tomato,5,0,tomato,6,0,plate,6,3,,6,4,,7,1,plate,7,3,,7,4,,0,24.0,40.0,,,0,1.0,30.0,83.4151601440717,60.584823023694376,,,0,1.0,30.0
782,0,1,,0,2,tomato,2.125000000000001,2,0,3,None_cut,3.3749999999999964,3,2,2,tomato,2,3,,2,4,tomato_salad,2,5,,4,0,tomato,5,0,tomato,6,0,plate,6,3,,6,4,,7,1,plate,7,3,,7,4,,0,24.0,40.0,,,0,1.0,30.0,84.2990452430484,59.70094116970795,,,0,1.0,30.0
783,0,1,,0,2,tomato,2.1666666666666674,2,0,3,None_cut,3.3749999999999964,3,2,2,tomato,2,3,,2,4,tomato_salad,2,5,,4,0,tomato,5,0,tomato,6,0,plate,6,3,,6,4,,7,1,plate,7,3,,7,4,,0,24.0,40.0,,,0,1.0,30.0,85.1829303420251,58.81705931572153,,,0,1.0,30.0
784,0,1,,0,2,tomato,2.208333333333334,2,0,3,None_cut,3.3749999999999964,3,2,2,tomato,2,3,,2,4,tomato_salad,2,5,,4,0,tomato,5,0,tomato,6,0,plate,6,3,,6,4,,7,1,plate,7,3,,7,4,,0,24.0,40.0,,,0,1.0,30.0,86.0668154410018,57.933177461735106,,,0,1.0,30.0
785,0,1,,0,2,tomato,2.2500000000000004,2,0,3,None_cut,3.3749999999999964,3,2,2,tomato,2,3,,2,4,tomato_salad,2,5,,4,0,tomato,5,0,tomato,6,0,plate,6,3,,6,4,,7,1,plate,7,3,,7,4,,0,24.0,40.0,,,0,1.0,30.0,86.9507005399785,57.04929560774868,,,0,1.0,30.0
786,0,1,,0,2,tomato,2.291666666666667,2,0,3,None_cut,3.3749999999999964,3,2,2,tomato,2,3,,2,4,tomato_salad,2,5,,4,0,tomato,5,0,tomato,6,0,plate,6,3,,6,4,,7,1,plate,7,3,,7,4,,0,24.0,40.0,,,0,1.0,30.0,87.80851356070873,56.154432843578086,,,0,1.0,30.0
787,0,1,,0,2,tomato,2.3333333333333335,2,0,3,None_cut,3.3749999999999964,3,2,2,tomato,2,3,,2,4,tomato_salad,2,5,,4,0,tomato,5,0,tomato,6,0,plate,6,3,,6,4,,7,1,plate,7,3,,7,4,,0,24.0,40.0,,,0,1.0,30.0,87.82332938480342,54.90452065011922,,,0,1.0,30.0
788,0,1,,0,2,tomato,2.375,2,0,3,None_cut,3.3749999999999964,3,2,2,tomato,2,3,,2,4,tomato_salad,2,5,,4,0,tomato,5,0,tomato,6,0,plate,6,3,,6,4,,7,1,plate,7,3,,7,4,,0,24.0,40.0,,,0,1.0,30.0,87.8381452088981,53.65460845666035,,,0,1.0,30.0
789,0,1,,0,2,tomato,2.4166666666666665,2,0,3,None_cut,3.3749999999999964,3,2,2,tomato,2,3,,2,4,tomato_salad,2,5,,4,0,tomato,5,0,tomato,6,0,plate,6,3,,6,4,,7,1,plate,7,3,,7,4,,0,24.0,40.0,,,0,1.0,30.0,87.85296103299278,52.40469626320148,,,0,1.0,30.0
790,0,1,,0,2,tomato,2.458333333333333,2,0,3,None_cut,3.3749999999999964,3,2,2,tomato,2,3,,2,4,tomato_salad,2,5,,4,0,tomato,5,0,tomato,6,0,plate,6,3,,6,4,,7,1,plate,7,3,,7,4,,0,24.0,40.0,,,0,1.0,30.0,87.86777685708746,51.15478406974261,,,0,1.0,30.0
791,0,1,,0,2,tomato,2.4999999999999996,2,0,3,None_cut,3.3749999999999964,3,2,2,tomato,2,3,,2,4,tomato_salad,2,5,,4,0,tomato,5,0,tomato,6,0,plate,6,3,,6,4,,7,1,plate,7,3,,7,4,,0,24.0,40.0,,,0,1.0,30.0,87.88259268118163,49.90487187628374,,,0,1.0,30.0
792,0,1,,0,2,tomato,2.541666666666666,2,0,3,None_cut,3.3749999999999964,3,2,2,tomato,2,3,,2,4,tomato_salad,2,5,,4,0,tomato,5,0,tomato,6,0,plate,6,3,,6,4,,7,1,plate,7,3,,7,4,,0,24.0,40.0,,,0,1.0,30.0,87.8974085052756,48.654959682824874,,,0,1.0,30.0
793,0,1,,0,2,tomato,2.5833333333333326,2,0,3,None_cut,3.3749999999999964,3,2,2,tomato,2,3,,2,4,tomato_salad,2,5,,4,0,tomato,5,0,tomato,6,0,plate,6,3,,6,4,,7,1,plate,7,3,,7,4,,0,24.0,40.0,,,0,1.0,30.0,87.9122243293696,47.405047489366005,,,0,1.0,30.0
794,0,1,,0,2,tomato,2.624999999999999,2,0,3,None_cut,3.3749999999999964,3,2,2,tomato,2,3,,2,4,tomato_salad,2,5,,4,0,tomato,5,0,tomato,6,0,plate,6,3,,6,4,,7,1,plate,7,3,,7,4,,0,24.0,40.0,,,0,1.0,30.0,87.92704015346357,46.15513529590714,,,0,1.0,30.0
795,0,1,,0,2,tomato,2.6666666666666656,2,0,3,None_cut,3.3749999999999964,3,2,2,tomato,2,3,,2,4,tomato_salad,2,5,,4,0,tomato,5,0,tomato,6,0,plate,6,3,,6,4,,7,1,plate,7,3,,7,4,,0,24.0,40.0,,,0,1.0,30.0,87.94185597755754,44.90522310244827,,,0,1.0,30.0
796,0,1,,0,2,tomato,2.708333333333332,2,0,3,None_cut,3.3749999999999964,3,2,2,tomato,2,3,,2,4,tomato_salad,2,5,,4,0,tomato,5,0,tomato,6,0,plate,6,3,,6,4,,7,1,plate,7,3,,7,4,,0,24.0,40.0,,,0,1.0,30.0,87.95667180165151,43.6553109089894,,,0,1.0,30.0
797,0,1,,0,2,tomato,2.7499999999999987,2,0,3,None_cut,3.3749999999999964,3,2,2,tomato,2,3,,2,4,tomato_salad,2,5,,4,0,tomato,5,0,tomato,6,0,plate,6,3,,6,4,,7,1,plate,7,3,,7,4,,0,24.0,40.0,,,0,1.0,30.0,87.9714876257455,42.40539871553053,,,0,1.0,30.0
798,0,1,,0,2,tomato,2.791666666666665,2,0,3,None_cut,3.3749999999999964,3,2,2,tomato,2,3,,2,4,tomato_salad,2,5,,4,0,tomato,5,0,tomato,6,0,plate,6,3,,6,4,,7,1,plate,7,3,,7,4,,0,24.0,40.0,,,0,1.0,30.0,87.98630344983947,41.15548652207166,,,0,1.0,30.0
799,0,1,,0,2,tomato,2.8333333333333317,2,0,3,None_cut,3.3749999999999964,3,2,2,tomato,2,3,,2,4,tomato_salad,2,5,,4,0,tomato,5,0,tomato,6,0,plate,6,3,,6,4,,7,1,plate,7,3,,7,4,,0,24.0,40.0,,,0,1.0,30.0,88.1997967215256,39.988559958232564,,,0,1.0,30.0
800,0,1,,0,2,tomato,2.8749999999999982,2,0,3,None_cut,3.3749999999999964,3,2,2,tomato,2,3,,2,4,tomato_salad,2,5,,4,0,tomato,5,0,tomato,6,0,plate,6,3,,6,4,,7,1,plate,7,3,,7,4,,0,24.0,40.0,,,0,1.0,30.0,89.07842753515074,39.099454850077045,,,0,1.0,30.0
801,0,1,,0,2,tomato,2.9166666666666647,2,0,3,None_cut,3.3749999999999964,3,2,2,tomato,2,3,,2,4,tomato_salad,2,5,,4,0,tomato,5,0,tomato,6,0,plate,6,3,,6,4,,7,1,plate,7,3,,7,4,,0,24.0,40.0,,,0,1.0,30.0,89.95705834877587,38.21034974192101,,,0,1.0,30.0
802,0,1,,0,2,tomato,2.9583333333333313,2,0,3,None_cut,3.3749999999999964,3,2,2,tomato,2,3,,2,4,tomato_salad,2,5,,4,0,tomato,5,0,tomato,6,0,plate,6,3,,6,4,,7,1,plate,7,3,,7,4,,0,24.0,40.0,,,0,1.0,30.0,90.83568916240101,37.32124463376489,,,0,1.0,30.0
803,0,1,,0,2,tomato,2.999999999999998,2,0,3,None_cut,3.3749999999999964,3,2,2,tomato,2,3,,2,4,tomato_salad,2,5,,4,0,tomato,5,0,tomato,6,0,plate,6,3,,6,4,,7,1,plate,7,3,,7,4,,0,24.0,40.0,,,0,1.0,30.0,91.71431997602615,36.43213952560876,,,0,1.0,30.0
804,0,1,,0,2,tomato_cut,3.0416666666666643,3,0,3,None_cut,3.3749999999999964,3,2,2,tomato,2,3,,2,4,tomato_salad,2,5,,4,0,tomato,5,0,tomato,6,0,plate,6,3,,6,4,,7,1,plate,7,3,,7,4,,0,24.0,40.0,,,0,1.0,30.0,92.59295078965128,35.54303441745263,,,0,1.0,30.0
805,0,1,,0,2,tomato_cut,3.083333333333331,3,0,3,None_cut,3.3749999999999964,3,2,2,tomato,2,3,,2,4,tomato_salad,2,5,,4,0,tomato,5,0,tomato,6,0,plate,6,3,,6,4,,7,1,plate,7,3,,7,4,,0,24.0,40.0,,,0,1.0,30.0,93.47158160327642,34.6539293092965,,,0,1.0,30.0
806,0,1,,0,2,tomato_cut,3.1249999999999973,3,0,3,None_cut,3.3749999999999964,3,2,2,tomato,2,3,,2,4,tomato_salad,2,5,,4,0,tomato,5,0,tomato,6,0,plate,6,3,,6,4,,7,1,plate,7,3,,7,4,,0,24.0,40.0,,,0,1.0,30.0,94.35021241690156,33.76482420114038,,,0,1.0,30.0
807,0,1,,0,2,tomato_cut,3.166666666666664,3,0,3,None_cut,3.3749999999999964,3,2,2,tomato,2,3,,2,4,tomato_salad,2,5,,4,0,tomato,5,0,tomato,6,0,plate,6,3,,6,4,,7,1,plate,7,3,,7,4,,0,24.0,40.0,,,0,1.0,30.0,95.22884323052669,32.875719092984255,,,0,1.0,30.0
808,0,1,,0,2,tomato_cut,3.2083333333333304,3,0,3,None_cut,3.3749999999999964,3,2,2,tomato,2,3,,2,4,tomato_salad,2,5,,4,0,tomato,5,0,tomato,6,0,plate,6,3,,6,4,,7,1,plate,7,3,,7,4,,0,24.0,40.0,,,0,1.0,30.0,96.10747404415183,31.986613984828132,,,0,1.0,30.0
809,0,1,,0,2,tomato_cut,3.249999999999997,3,0,3,None_cut,3.3749999999999964,3,2,2,tomato,2,3,,2,4,tomato_salad,2,5,,4,0,tomato,5,0,tomato,6,0,plate,6,3,,6,4,,7,1,plate,7,3,,7,4,,0,24.0,40.0,,,0,1.0,30.0,96.98610485777697,31.097508876672258,,,0,1.0,30.0
810,0,1,,0,2,tomato_cut,3.2916666666666634,3,0,3,None_cut,3.3749999999999964,3,2,2,tomato,2,3,,2,4,tomato_salad,2,5,,4,0,tomato,5,0,tomato,6,0,plate,6,3,,6,4,,7,1,plate,7,3,,7,4,,0,24.0,40.0,,,0,1.0,30.0,97.8647356714021,30.208403768516384,,,0,1.0,30.0
811,0,1,,0,2,tomato_cut,3.33333333333333,3,0,3,None_cut,3.3749999999999964,3,2,2,tomato,2,3,,2,4,tomato_salad,2,5,,4,0,tomato,5,0,tomato,6,0,plate,6,3,,6,4,,7,1,plate,7,3,,7,4,,0,24.0,40.0,,,0,1.0,30.0,98.74336648502724,29.31929866036051,,,0,1.0,30.0
812,0,1,,0,2,tomato_cut,3.3749999999999964,3,0,3,None_cut,3.3749999999999964,3,2,2,tomato,2,3,,2,4,tomato_salad,2,5,,4,0,tomato,5,0,tomato,6,0,plate,6,3,,6,4,,7,1,plate,7,3,,7,4,,0,24.0,40.0,,,0,1.0,30.0,99.62199729865237,28.430193552204635,,,0,1.0,30.0
813,0,1,,0,2,tomato_cut,3.416666666666663,3,0,3,None_cut,3.3749999999999964,3,2,2,tomato,2,3,,2,4,tomato_salad,2,5,,4,0,tomato,5,0,tomato,6,0,plate,6,3,,6,4,,7,1,plate,7,3,,7,4,,0,24.0,40.0,,,0,1.0,30.0,100.50062811227751,27.54108844404876,,,0,1.0,30.0
814,0,1,,0,2,tomato_cut,3.4583333333333295,3,0,3,None_cut,3.3749999999999964,3,2,2,tomato,2,3,,2,4,tomato_salad,2,5,,4,0,tomato,5,0,tomato,6,0,plate,6,3,,6,4,,7,1,plate,7,3,,7,4,,0,24.0,40.0,,,0,1.0,30.0,101.37925892590265,26.651983335892623,,,0,1.0,30.0
815,0,1,,0,2,tomato_cut,3.499999999999996,3,0,3,None_cut,3.3749999999999964,3,2,2,tomato,2,3,,2,4,tomato_salad,2,5,,4,0,tomato,5,0,tomato,6,0,plate,6,3,,6,4,,7,1,plate,7,3,,7,4,,0,24.0,40.0,,,0,1.0,30.0,102.25788973952778,25.762878227736394,,,0,1.0,30.0
816,0,1,,0,2,tomato_cut,3.5416666666666625,3,0,3,None_cut,3.3749999999999964,3,2,2,tomato,2,3,,2,4,tomato_salad,2,5,,4,0,tomato,5,0,tomato,6,0,plate,6,3,,6,4,,7,1,plate,7,3,,7,4,,0,24.0,40.0,,,0,1.0,30.0,103.13652055315278,24.873773119580164,,,0,1.0,30.0
817,0,1,,0,2,tomato_cut,3.583333333333329,3,0,3,None_cut,3.3749999999999964,3,2,2,tomato,2,3,,2,4,tomato_salad,2,5,,4,0,tomato,5,0,tomato,6,0,plate,6,3,,6,4,,7,1,plate,7,3,,7,4,,0,24.0,40.0,,,0,1.0,30.0,104.0,24.0,,,0,1.0,30.0
818,0,1,,0,2,tomato_cut,3.6249999999999956,3,0,3,None_cut,3.3749999999999964,3,2,2,tomato,2,3,,2,4,tomato_salad,2,5,,4,0,tomato,5,0,tomato,6,0,plate,6,3,,6,4,,7,1,plate,7,3,,7,4,,0,24.0,40.0,,,0,1.0,30.0,104.0,24.0,,plate,0,1.0,30.0
819,0,1,,0,2,tomato_cut,3.666666666666662,3,0,3,None_cut,3.3749999999999964,3,2,2,tomato,2,3,,2,4,tomato_salad,2,5,,4,0,tomato,5,0,tomato,6,0,plate,6,3,,6,4,,7,1,plate,7,3,,7,4,,0,24.0,40.0,,,0,1.0,30.0,104.0,24.0,,plate,0,1.0,30.0
820,0,1,,0,2,tomato_cut,3.7083333333333286,3,0,3,None_cut,3.3749999999999964,3,2,2,tomato,2,3,,2,4,tomato_salad,2,5,,4,0,tomato,5,0,tomato,6,0,plate,6,3,,6,4,,7,1,plate,7,3,,7,4,,0,24.0,40.0,,,0,1.0,30.0,104.0,24.0,,plate,0,1.0,30.0
821,0,1,,0,2,tomato_cut,3.749999999999995,3,0,3,None_cut,3.3749999999999964,3,2,2,tomato,2,3,,2,4,tomato_salad,2,5,,4,0,tomato,5,0,tomato,6,0,plate,6,3,,6,4,,7,1,plate,7,3,,7,4,,0,24.0,40.0,,,0,1.0,30.0,104.0,24.0,,plate,0,1.0,30.0
822,0,1,,0,2,tomato_cut,3.7916666666666616,3,0,3,None_cut,3.3749999999999964,3,2,2,tomato,2,3,,2,4,tomato_salad,2,5,,4,0,tomato,5,0,tomato,6,0,plate,6,3,,6,4,,7,1,plate,7,3,,7,4,,0,24.0,40.0,,,0,1.0,30.0,104.0,24.0,,plate,0,1.0,30.0
823,0,1,,0,2,tomato_cut,3.833333333333328,3,0,3,None_cut,3.3749999999999964,3,2,2,tomato,2,3,,2,4,tomato_salad,2,5,,4,0,tomato,5,0,tomato,6,0,plate,6,3,,6,4,,7,1,plate,7,3,,7,4,,0,24.0,40.0,,,0,1.0,30.0,104.0,24.0,,plate,0,1.0,30.0
824,0,1,,0,2,tomato_cut,3.8749999999999947,3,0,3,None_cut,3.3749999999999964,3,2,2,tomato,2,3,,2,4,tomato_salad,2,5,,4,0,tomato,5,0,tomato,6,0,plate,6,3,,6,4,,7,1,plate,7,3,,7,4,,0,24.0,40.0,,,0,1.0,30.0,104.0,24.0,,plate,0,1.0,30.0
825,0,1,,0,2,tomato_cut,3.916666666666661,3,0,3,None_cut,3.3749999999999964,3,2,2,tomato,2,3,,2,4,tomato_salad,2,5,,4,0,tomato,5,0,tomato,6,0,plate,6,3,,6,4,,7,1,plate,7,3,,7,4,,0,24.0,40.0,,,0,1.0,30.0,104.0,24.0,,plate,0,1.0,30.0
826,0,1,,0,2,tomato_cut,3.9583333333333277,3,0,3,None_cut,3.3749999999999964,3,2,2,tomato,2,3,,2,4,tomato_salad,2,5,,4,0,tomato,5,0,tomato,6,0,plate,6,3,,6,4,,7,1,plate,7,3,,7,4,,0,24.0,40.0,,,0,1.0,30.0,104.0,24.0,,plate,0,1.0,30.0
827,0,1,,0,2,tomato_cut,3.9999999999999942,3,0,3,None_cut,3.3749999999999964,3,2,2,tomato,2,3,,2,4,tomato_salad,2,5,,4,0,tomato,5,0,tomato,6,0,plate,6,3,,6,4,,7,1,plate,7,3,,7,4,,0,24.0,40.0,,,0,1.0,30.0,104.0,24.0,,plate,0,1.0,30.0
828,0,1,,0,2,tomato_cut,4.0,3,0,3,None_cut,3.3749999999999964,3,2,2,tomato,2,3,,2,4,tomato_salad,2,5,,4,0,tomato,5,0,tomato,6,0,plate,6,3,,6,4,,7,1,plate,7,3,,7,4,,0,24.0,40.0,,,0,1.0,30.0,104.0,24.0,,plate,0,1.0,30.0
829,0,1,,0,2,tomato_cut,4.0,3,0,3,None_cut,3.3749999999999964,3,2,2,tomato,2,3,,2,4,tomato_salad,2,5,,4,0,tomato,5,0,tomato,6,0,plate,6,3,,6,4,,7,1,plate,7,3,,7,4,,0,24.0,40.0,,,0,1.0,30.0,104.0,24.0,,plate,0,1.0,30.0
830,0,1,,0,2,tomato_cut,4.0,3,0,3,None_cut,3.3749999999999964,3,2,2,tomato,2,3,,2,4,tomato_salad,2,5,,4,0,tomato,5,0,tomato,6,0,plate,6,3,,6,4,,7,1,plate,7,3,,7,4,,0,24.0,40.0,,,0,1.0,30.0,103.11611652351695,24.88388347648305,,plate,0,1.0,30.0
831,0,1,,0,2,tomato_cut,4.0,3,0,3,None_cut,3.3749999999999964,3,2,2,tomato,2,3,,2,4,tomato_salad,2,5,,4,0,tomato,5,0,tomato,6,0,plate,6,3,,6,4,,7,1,plate,7,3,,7,4,,0,24.0,40.0,,,0,1.0,30.0,102.2322330470339,25.7677669529661,,plate,0,1.0,30.0
832,0,1,,0,2,tomato_cut,4.0,3,0,3,None_cut,3.3749999999999964,3,2,2,tomato,2,3,,2,4,tomato_salad,2,5,,4,0,tomato,5,0,tomato,6,0,plate,6,3,,6,4,,7,1,plate,7,3,,7,4,,0,24.0,40.0,,,0,1.0,30.0,101.34834957055085,26.65165042944915,,plate,0,1.0,30.0
833,0,1,,0,2,tomato_cut,4.0,3,0,3,None_cut,3.3749999999999964,3,2,2,tomato,2,3,,2,4,tomato_salad,2,5,,4,0,tomato,5,0,tomato,6,0,plate,6,3,,6,4,,7,1,plate,7,3,,7,4,,0,24.0,40.0,,,0,1.0,30.0,100.4644660940678,27.535533905932198,,plate,0,1.0,30.0
834,0,1,,0,2,tomato_cut,4.0,3,0,3,None_cut,3.3749999999999964,3,2,2,tomato,2,3,,2,4,tomato_salad,2,5,,4,0,tomato,5,0,tomato,6,0,plate,6,3,,6,4,,7,1,plate,7,3,,7,4,,0,24.0,40.0,,,0,1.0,30.0,99.58058261758475,28.419417382415247,,plate,0,1.0,30.0
835,0,1,,0,2,tomato_cut,4.0,3,0,3,None_cut,3.3749999999999964,3,2,2,tomato,2,3,,2,4,tomato_salad,2,5,,4,0,tomato,5,0,tomato,6,0,plate,6,3,,6,4,,7,1,plate,7,3,,7,4,,0,24.0,40.0,,,0,1.0,30.0,98.6966991411017,29.303300858898297,,plate,0,1.0,30.0
836,0,1,,0,2,tomato_cut,4.0,3,0,3,None_cut,3.3749999999999964,3,2,2,tomato,2,3,,2,4,tomato_salad,2,5,,4,0,tomato,5,0,tomato,6,0,plate,6,3,,6,4,,7,1,plate,7,3,,7,4,,0,24.0,40.0,,,0,1.0,30.0,97.81281566461865,30.187184335381346,,plate,0,1.0,30.0
837,0,1,,0,2,tomato_cut,4.0,3,0,3,None_cut,3.3749999999999964,3,2,2,tomato,2,3,,2,4,tomato_salad,2,5,,4,0,tomato,5,0,tomato,6,0,plate,6,3,,6,4,,7,1,plate,7,3,,7,4,,0,24.0,40.0,,,0,1.0,30.0,96.9289321881356,31.071067811864395,,plate,0,1.0,30.0
838,0,1,,0,2,tomato_cut,4.0,3,0,3,None_cut,3.3749999999999964,3,2,2,tomato,2,3,,2,4,tomato_salad,2,5,,4,0,tomato,5,0,tomato,6,0,plate,6,3,,6,4,,7,1,plate,7,3,,7,4,,0,24.0,40.0,,,0,1.0,30.0,96.04504871165256,31.954951288347445,,plate,0,1.0,30.0
839,0,1,,0,2,tomato_cut,4.0,3,0,3,None_cut,3.3749999999999964,3,2,2,tomato,2,3,,2,4,tomato_salad,2,5,,4,0,tomato,5,0,tomato,6,0,plate,6,3,,6,4,,7,1,plate,7,3,,7,4,,0,24.0,40.0,,,0,1.0,30.0,95.1611652351695,32.838834764830494,,plate,0,1.0,30.0
840,0,1,,0,2,tomato_cut,4.0,3,0,3,None_cut,3.3749999999999964,3,2,2,tomato,2,3,,2,4,tomato_salad,2,5,,4,0,tomato,5,0,tomato,6,0,plate,6,3,,6,4,,7,1,plate,7,3,,7,4,,0,24.0,40.0,,,0,1.0,30.0,94.27728175868646,33.722718241313544,,plate,0,1.0,30.0
841,0,1,,0,2,tomato_cut,4.0,3,0,3,None_cut,3.3749999999999964,3,2,2,tomato,2,3,,2,4,tomato_salad,2,5,,4,0,tomato,5,0,tomato,6,0,plate,6,3,,6,4,,7,1,plate,7,3,,7,4,,0,24.0,40.0,,,0,1.0,30.0,93.07413427545379,34.06174056151039,,plate,0,1.0,30.0
842,0,1,,0,2,tomato_cut,4.0,3,0,3,None_cut,3.3749999999999964,3,2,2,tomato,2,3,,2,4,tomato_salad,2,5,,4,0,tomato,5,0,tomato,6,0,plate,6,3,,6,4,,7,1,plate,7,3,,7,4,,0,24.0,40.0,,,0,1.0,30.0,91.87098679222112,34.40076288170724,,plate,0,1.0,30.0
843,0,1,,0,2,tomato_cut,4.0,3,0,3,None_cut,3.3749999999999964,3,2,2,tomato,2,3,,2,4,tomato_salad,2,5,,4,0,tomato,5,0,tomato,6,0,plate,6,3,,6,4,,7,1,plate,7,3,,7,4,,0,24.0,40.0,,,0,1.0,30.0,90.66783930898845,34.739785201904084,,plate,0,1.0,30.0
844,0,1,,0,2,tomato_cut,4.0,3,0,3,None_cut,3.3749999999999964,3,2,2,tomato,2,3,,2,4,tomato_salad,2,5,,4,0,tomato,5,0,tomato,6,0,plate,6,3,,6,4,,7,1,plate,7,3,,7,4,,0,24.0,40.0,,,0,1.0,30.0,89.46469182575578,35.07880752210093,,plate,0,1.0,30.0
845,0,1,,0,2,tomato_cut,4.0,3,0,3,None_cut,3.3749999999999964,3,2,2,tomato,2,3,,2,4,tomato_salad,2,5,,4,0,tomato,5,0,tomato,6,0,plate,6,3,,6,4,,7,1,plate,7,3,,7,4,,0,24.0,40.0,,,0,1.0,30.0,88.26154434252311,35.41782984229778,,plate,0,1.0,30.0
846,0,1,,0,2,tomato_cut,4.0,3,0,3,None_cut,3.3749999999999964,3,2,2,tomato,2,3,,2,4,tomato_salad,2,5,,4,0,tomato,5,0,tomato,6,0,plate,6,3,,6,4,,7,1,plate,7,3,,7,4,,0,24.0,40.0,,,0,1.0,30.0,87.05839685929044,35.756852162494624,,plate,0,1.0,30.0
847,0,1,,0,2,tomato_cut,4.0,3,0,3,None_cut,3.3749999999999964,3,2,2,tomato,2,3,,2,4,tomato_salad,2,5,,4,0,tomato,5,0,tomato,6,0,plate,6,3,,6,4,,7,1,plate,7,3,,7,4,,0,24.0,40.0,,,0,1.0,30.0,85.85524937605777,36.09587448269147,,plate,0,1.0,30.0
848,0,1,,0,2,tomato_cut,4.0,3,0,3,None_cut,3.3749999999999964,3,2,2,tomato,2,3,,2,4,tomato_salad,2,5,,4,0,tomato,5,0,tomato,6,0,plate,6,3,,6,4,,7,1,plate,7,3,,7,4,,0,24.0,40.0,,,0,1.0,30.0,84.6521018928251,36.43489680288832,,plate,0,1.0,30.0
849,0,1,,0,2,tomato_cut,4.0,3,0,3,None_cut,3.3749999999999964,3,2,2,tomato,2,3,,2,4,tomato_salad,2,5,,4,0,tomato,5,0,tomato,6,0,plate,6,3,,6,4,,7,1,plate,7,3,,7,4,,0,24.0,40.0,,,0,1.0,30.0,83.44895440959243,36.773919123085165,,plate,0,1.0,30.0
850,0,1,,0,2,tomato_cut,4.0,3,0,3,None_cut,3.3749999999999964,3,2,2,tomato,2,3,,2,4,tomato_salad,2,5,,4,0,tomato,5,0,tomato,6,0,plate,6,3,,6,4,,7,1,plate,7,3,,7,4,,0,24.0,40.0,,,0,1.0,30.0,82.24580692635976,37.11294144328201,,plate,0,1.0,30.0
851,0,1,,0,2,tomato_cut,4.0,3,0,3,None_cut,3.3749999999999964,3,2,2,tomato,2,3,,2,4,tomato_salad,2,5,,4,0,tomato,5,0,tomato,6,0,plate,6,3,,6,4,,7,1,plate,7,3,,7,4,,0,24.0,40.0,,,0,1.0,30.0,81.04265944312709,37.45196376347873,,plate,0,1.0,30.0
852,0,1,,0,2,tomato_cut,4.0,3,0,3,None_cut,3.3749999999999964,3,2,2,tomato,2,3,,2,4,tomato_salad,2,5,,4,0,tomato,5,0,tomato,6,0,plate,6,3,,6,4,,7,1,plate,7,3,,7,4,,0,24.0,40.0,,,0,1.0,30.0,79.83951195989442,37.79098608367528,,plate,0,1.0,30.0
853,0,1,,0,2,tomato_cut,4.0,3,0,3,None_cut,3.3749999999999964,3,2,2,tomato,2,3,,2,4,tomato_salad,2,5,,4,0,tomato,5,0,tomato,6,0,plate,6,3,,6,4,,7,1,plate,7,3,,7,4,,0,24.0,40.0,,,0,1.0,30.0,78.63636447666175,38.130008403871834,,plate,0,1.0,30.0
854,0,1,,0,2,tomato_cut,4.0,3,0,3,None_cut,3.3749999999999964,3,2,2,tomato,2,3,,2,4,tomato_salad,2,5,,4,0,tomato,5,0,tomato,6,0,plate,6,3,,6,4,,7,1,plate,7,3,,7,4,,0,24.0,40.0,,,0,1.0,30.0,77.43321699342908,38.46903072406838,,plate,0,1.0,30.0
855,0,1,,0,2,tomato_cut,4.0,3,0,3,None_cut,3.3749999999999964,3,2,2,tomato,2,3,,2,4,tomato_salad,2,5,,4,0,tomato,5,0,tomato,6,0,plate,6,3,,6,4,,7,1,plate,7,3,,7,4,,0,24.0,40.0,,,0,1.0,30.0,76.23006951019642,38.80805304426494,,plate,0,1.0,30.0
856,0,1,,0,2,tomato_cut,4.0,3,0,3,None_cut,3.3749999999999964,3,2,2,tomato,2,3,,2,4,tomato_salad,2,5,,4,0,tomato,5,0,tomato,6,0,plate,6,3,,6,4,,7,1,plate,7,3,,7,4,,0,24.0,40.0,,,0,1.0,30.0,75.02692202696375,39.147075364461486,,plate,0,1.0,30.0
857,0,1,,0,2,tomato_cut,4.0,3,0,3,None_cut,3.3749999999999964,3,2,2,tomato,2,3,,2,4,tomato_salad,2,5,,4,0,tomato,5,0,tomato,6,0,plate,6,3,,6,4,,7,1,plate,7,3,,7,4,,0,24.0,40.0,,,0,1.0,30.0,73.82377454373108,39.48609768465804,,plate,0,1.0,30.0
858,0,1,,0,2,tomato_cut,4.0,3,0,3,None_cut,3.3749999999999964,3,2,2,tomato,2,3,,2,4,tomato_salad,2,5,,4,0,tomato,5,0,tomato,6,0,plate,6,3,,6,4,,7,1,plate,7,3,,7,4,,0,24.0,40.0,,,0,1.0,30.0,72.6206270604984,39.8251200048546,,plate,0,1.0,30.0
859,0,1,,0,2,tomato_cut,4.0,3,0,3,None_cut,3.3749999999999964,3,2,2,tomato,2,3,,2,4,tomato_salad,2,5,,4,0,tomato,5,0,tomato,6,0,plate,6,3,,6,4,,7,1,plate,7,3,,7,4,,0,24.0,40.0,,,0,1.0,30.0,71.6224544261936,40.51574398152332,,plate,0,1.0,30.0
860,0,1,,0,2,tomato_cut,4.0,3,0,3,None_cut,3.3749999999999964,3,2,2,tomato,2,3,,2,4,tomato_salad,2,5,,4,0,tomato,5,0,tomato,6,0,plate,6,3,,6,4,,7,1,plate,7,3,,7,4,,0,24.0,40.0,,,0,1.0,30.0,70.73465286438841,41.395691927061684,,plate,0,1.0,30.0
861,0,1,,0,2,tomato_cut,4.0,3,0,3,None_cut,3.3749999999999964,3,2,2,tomato,2,3,,2,4,tomato_salad,2,5,,4,0,tomato,5,0,tomato,6,0,plate,6,3,,6,4,,7,1,plate,7,3,,7,4,,0,24.0,40.0,,,0,1.0,30.0,69.84685130258322,42.275639872600046,,plate,0,1.0,30.0
862,0,1,,0,2,tomato_cut,4.0,3,0,3,None_cut,3.3749999999999964,3,2,2,tomato,2,3,,2,4,tomato_salad,2,5,,4,0,tomato,5,0,tomato,6,0,plate,6,3,,6,4,,7,1,plate,7,3,,7,4,,0,24.0,40.0,,,0,1.0,30.0,68.95904974077803,43.15558781813841,,plate,0,1.0,30.0
863,0,1,,0,2,tomato_cut,4.0,3,0,3,None_cut,3.3749999999999964,3,2,2,tomato,2,3,,2,4,tomato_salad,2,5,,4,0,tomato,5,0,tomato,6,0,plate,6,3,,6,4,,7,1,plate,7,3,,7,4,,0,24.0,40.0,,,0,1.0,30.0,68.07124817897284,44.03553576367677,,plate,0,1.0,30.0
864,0,1,,0,2,tomato_cut,4.0,3,0,3,None_cut,3.3749999999999964,3,2,2,tomato,2,3,,2,4,tomato_salad,2,5,,4,0,tomato,5,0,tomato,6,0,plate,6,3,,6,4,,7,1,plate,7,3,,7,4,,0,24.0,40.0,,,0,1.0,30.0,67.18344661716765,44.91548370921513,,plate,0,1.0,30.0
865,0,1,,0,2,tomato_cut,4.0,3,0,3,None_cut,3.3749999999999964,3,2,2,tomato,2,3,,2,4,tomato_salad,2,5,,4,0,tomato,5,0,tomato,6,0,plate,6,3,,6,4,,7,1,plate,7,3,,7,4,,0,24.0,40.0,,,0,1.0,30.0,66.29564505536246,45.79543165475349,,plate,0,1.0,30.0
866,0,1,,0,2,tomato_cut,4.0,3,0,3,None_cut,3.3749999999999964,3,2,2,tomato,2,3,,2,4,tomato_salad,2,5,,4,0,tomato,5,0,tomato,6,0,plate,6,3,,6,4,,7,1,plate,7,3,,7,4,,0,24.0,41.250000000000284,,,0,1.0,30.0,65.40784349355727,46.675379600291855,,plate,0,1.0,30.0
867,0,1,,0,2,tomato_cut,4.0,3,0,3,None_cut,3.3749999999999964,3,2,2,tomato,2,3,,2,4,tomato_salad,2,5,,4,0,tomato,5,0,tomato,6,0,plate,6,3,,6,4,,7,1,plate,7,3,,7,4,,0,24.0,42.50000000000057,,,0,1.0,30.0,64.52004193175208,47.55532754583022,,plate,0,1.0,30.0
868,0,1,,0,2,tomato_cut,4.0,3,0,3,None_cut,3.3749999999999964,3,2,2,tomato,2,3,,2,4,tomato_salad,2,5,,4,0,tomato,5,0,tomato,6,0,plate,6,3,,6,4,,7,1,plate,7,3,,7,4,,0,24.0,43.75000000000085,,,0,1.0,30.0,63.632240369946885,48.43527549136858,,plate,0,1.0,30.0
869,0,1,,0,2,tomato_cut,4.0,3,0,3,None_cut,3.3749999999999964,3,2,2,tomato,2,3,,2,4,tomato_salad,2,5,,4,0,tomato,5,0,tomato,6,0,plate,6,3,,6,4,,7,1,plate,7,3,,7,4,,0,24.0,45.00000000000114,,,0,1.0,30.0,62.744438808141695,49.31522343690694,,plate,0,1.0,30.0
870,0,1,,0,2,tomato_cut,4.0,3,0,3,None_cut,3.3749999999999964,3,2,2,tomato,2,3,,2,4,tomato_salad,2,5,,4,0,tomato,5,0,tomato,6,0,plate,6,3,,6,4,,7,1,plate,7,3,,7,4,,0,24.0,46.25000000000142,,,0,1.0,30.0,61.856637246336504,50.1951713824453,,plate,0,1.0,30.0
871,0,1,,0,2,tomato_cut,4.0,3,0,3,None_cut,3.3749999999999964,3,2,2,tomato,2,3,,2,4,tomato_salad,2,5,,4,0,tomato,5,0,tomato,6,0,plate,6,3,,6,4,,7,1,plate,7,3,,7,4,,0,24.0,47.500000000001705,,,0,1.0,30.0,60.968835684531314,51.075119327983664,,plate,0,1.0,30.0
872,0,1,,0,2,tomato_cut,4.0,3,0,3,None_cut,3.3749999999999964,3,2,2,tomato,2,3,,2,4,tomato_salad,2,5,,4,0,tomato,5,0,tomato,6,0,plate,6,3,,6,4,,7,1,plate,7,3,,7,4,,0,24.0,48.75000000000199,,,0,1.0,30.0,60.08103412272612,51.955067273522026,,plate,0,1.0,30.0
873,0,1,,0,2,tomato_cut,4.0,3,0,3,None_cut,3.3749999999999964,3,2,2,tomato,2,3,,2,4,tomato_salad,2,5,,4,0,tomato,5,0,tomato,6,0,plate,6,3,,6,4,,7,1,plate,7,3,,7,4,,0,24.0,50.000000000002274,,,0,1.0,30.0,59.19323256092093,52.83501521906025,,plate,0,1.0,30.0
874,0,1,,0,2,tomato_cut,4.0,3,0,3,None_cut,3.3749999999999964,3,2,2,tomato,2,3,,2,4,tomato_salad,2,5,,4,0,tomato,5,0,tomato,6,0,plate,6,3,,6,4,,7,1,plate,7,3,,7,4,,0,24.0,51.25000000000256,,,0,1.0,30.0,58.30543099911574,53.71496316459842,,plate,0,1.0,30.0
875,0,1,,0,2,tomato_cut,4.0,3,0,3,None_cut,3.3749999999999964,3,2,2,tomato,2,3,,2,4,tomato_salad,2,5,,4,0,tomato,5,0,tomato,6,0,plate,6,3,,6,4,,7,1,plate,7,3,,7,4,,0,24.0,52.50000000000284,,,0,1.0,30.0,57.41762943731055,54.59491111013659,,plate,0,1.0,30.0
876,0,1,,0,2,tomato_cut,4.0,3,0,3,None_cut,3.3749999999999964,3,2,2,tomato,2,3,,2,4,tomato_salad,2,5,,4,0,tomato,5,0,tomato,6,0,plate,6,3,,6,4,,7,1,plate,7,3,,7,4,,0,24.0,53.750000000003126,,,0,1.0,30.0,56.52982787550536,55.47485905567476,,plate,0,1.0,30.0
877,0,1,,0,2,tomato_cut,4.0,3,0,3,None_cut,3.3749999999999964,3,2,2,tomato,2,3,,2,4,tomato_salad,2,5,,4,0,tomato,5,0,tomato,6,0,plate,6,3,,6,4,,7,1,plate,7,3,,7,4,,0,24.0,55.00000000000341,,,0,1.0,30.0,56.0,56.0,,plate,0,1.0,30.0
878,0,1,,0,2,tomato_cut,4.0,3,0,3,None_cut,3.3749999999999964,3,2,2,tomato,2,3,plate,2,4,tomato_salad,2,5,,4,0,tomato,5,0,tomato,6,0,plate,6,3,,6,4,,7,1,plate,7,3,,7,4,,0,24.0,56.250000000003695,,,0,1.0,30.0,56.0,56.0,,,0,1.0,30.0
879,0,1,,0,2,tomato_cut,4.0,3,0,3,None_cut,3.3749999999999964,3,2,2,tomato,2,3,plate,2,4,tomato_salad,2,5,,4,0,tomato,5,0,tomato,6,0,plate,6,3,,6,4,,7,1,plate,7,3,,7,4,,0,24.0,57.50000000000398,,,0,1.0,30.0,56.0,56.0,,,0,1.0,30.0
880,0,1,,0,2,tomato_cut,4.0,3,0,3,None_cut,3.3749999999999964,3,2,2,tomato,2,3,plate,2,4,tomato_salad,2,5,,4,0,tomato,5,0,tomato,6,0,plate,6,3,,6,4,,7,1,plate,7,3,,7,4,,0,24.0,58.75000000000426,,,0,1.0,30.0,56.0,56.0,,,0,1.0,30.0
881,0,1,,0,2,tomato_cut,4.0,3,0,3,None_cut,3.3749999999999964,3,2,2,tomato,2,3,plate,2,4,tomato_salad,2,5,,4,0,tomato,5,0,tomato,6,0,plate,6,3,,6,4,,7,1,plate,7,3,,7,4,,0,24.0,60.00000000000455,,,0,1.0,30.0,56.0,56.0,,,0,1.0,30.0
882,0,1,,0,2,tomato_cut,4.0,3,0,3,None_cut,3.3749999999999964,3,2,2,tomato,2,3,plate,2,4,tomato_salad,2,5,,4,0,tomato,5,0,tomato,6,0,plate,6,3,,6,4,,7,1,plate,7,3,,7,4,,0,24.0,61.25000000000483,,,0,1.0,30.0,56.0,56.0,,,0,1.0,30.0
883,0,1,,0,2,tomato_cut,4.0,3,0,3,None_cut,3.3749999999999964,3,2,2,tomato,2,3,plate,2,4,tomato_salad,2,5,,4,0,tomato,5,0,tomato,6,0,plate,6,3,,6,4,,7,1,plate,7,3,,7,4,,0,24.0,62.500000000005116,,,0,1.0,30.0,56.0,56.0,,,0,1.0,30.0
884,0,1,,0,2,tomato_cut,4.0,3,0,3,None_cut,3.3749999999999964,3,2,2,tomato,2,3,plate,2,4,tomato_salad,2,5,,4,0,tomato,5,0,tomato,6,0,plate,6,3,,6,4,,7,1,plate,7,3,,7,4,,0,24.0,63.7500000000054,,,0,1.0,30.0,56.0,56.0,,,0,1.0,30.0
885,0,1,,0,2,tomato_cut,4.0,3,0,3,None_cut,3.3749999999999964,3,2,2,tomato,2,3,plate,2,4,tomato_salad,2,5,,4,0,tomato,5,0,tomato,6,0,plate,6,3,,6,4,,7,1,plate,7,3,,7,4,,0,24.0,65.00000000000568,,,0,1.0,30.0,56.0,56.0,,,0,1.0,30.0
886,0,1,,0,2,tomato_cut,4.0,3,0,3,None_cut,3.3749999999999964,3,2,2,tomato,2,3,plate,2,4,tomato_salad,2,5,,4,0,tomato,5,0,tomato,6,0,plate,6,3,,6,4,,7,1,plate,7,3,,7,4,,0,24.0,66.25000000000597,,,0,1.0,30.0,56.0,56.0,,,0,1.0,30.0
887,0,1,,0,2,tomato_cut,4.0,3,0,3,None_cut,3.3749999999999964,3,2,2,tomato,2,3,plate,2,4,tomato_salad,2,5,,4,0,tomato,5,0,tomato,6,0,plate,6,3,,6,4,,7,1,plate,7,3,,7,4,,0,24.0,67.50000000000625,,,0,1.0,30.0,56.0,56.0,,,0,1.0,30.0
888,0,1,,0,2,tomato_cut,4.0,3,0,3,None_cut,3.3749999999999964,3,2,2,tomato,2,3,plate,2,4,tomato_salad,2,5,,4,0,tomato,5,0,tomato,6,0,plate,6,3,,6,4,,7,1,plate,7,3,,7,4,,0,24.0,68.75000000000654,,,0,1.0,30.0,56.0,56.0,,,0,1.0,30.0
889,0,1,,0,2,tomato_cut,4.0,3,0,3,None_cut,3.3749999999999964,3,2,2,tomato,2,3,plate,2,4,tomato_salad,2,5,,4,0,tomato,5,0,tomato,6,0,plate,6,3,,6,4,,7,1,plate,7,3,,7,4,,0,24.0,70.00000000000682,,,0,1.0,30.0,56.0,56.0,,,0,1.0,30.0
890,0,1,,0,2,tomato_cut,4.0,3,0,3,None_cut,3.3749999999999964,3,2,2,tomato,2,3,plate,2,4,tomato_salad,2,5,,4,0,tomato,5,0,tomato,6,0,plate,6,3,,6,4,,7,1,plate,7,3,,7,4,,0,24.0,71.2500000000071,,,0,1.0,30.0,56.0,56.0,,,0,1.0,30.0
891,0,1,,0,2,tomato_cut,4.0,3,0,3,None_cut,3.3749999999999964,3,2,2,tomato,2,3,plate,2,4,tomato_salad,2,5,,4,0,tomato,5,0,tomato,6,0,plate,6,3,,6,4,,7,1,plate,7,3,,7,4,,0,24.0,72.50000000000739,,,0,1.0,30.0,56.0,56.0,,,0,1.0,30.0
892,0,1,,0,2,tomato_cut,4.0,3,0,3,None_cut,3.3749999999999964,3,2,2,tomato,2,3,plate,2,4,tomato_salad,2,5,,4,0,tomato,5,0,tomato,6,0,plate,6,3,,6,4,,7,1,plate,7,3,,7,4,,0,24.0,73.75000000000767,,,0,1.0,30.0,56.0,57.250000000000284,,,0,1.0,30.0
893,0,1,,0,2,tomato_cut,4.0,3,0,3,None_cut,3.3749999999999964,3,2,2,tomato,2,3,plate,2,4,tomato_salad,2,5,,4,0,tomato,5,0,tomato,6,0,plate,6,3,,6,4,,7,1,plate,7,3,,7,4,,0,24.0,75.00000000000796,,,0,1.0,30.0,56.0,58.50000000000057,,,0,1.0,30.0
894,0,1,,0,2,tomato_cut,4.0,3,0,3,None_cut,3.3749999999999964,3,2,2,tomato,2,3,plate,2,4,tomato_salad,2,5,,4,0,tomato,5,0,tomato,6,0,plate,6,3,,6,4,,7,1,plate,7,3,,7,4,,0,24.0,76.25000000000824,,,0,1.0,30.0,56.0,59.75000000000085,,,0,1.0,30.0
895,0,1,,0,2,tomato_cut,4.0,3,0,3,None_cut,3.3749999999999964,3,2,2,tomato,2,3,plate,2,4,tomato_salad,2,5,,4,0,tomato,5,0,tomato,6,0,plate,6,3,,6,4,,7,1,plate,7,3,,7,4,,0,24.0,77.50000000000853,,,0,1.0,30.0,56.0,61.00000000000114,,,0,1.0,30.0
896,0,1,,0,2,tomato_cut,4.0,3,0,3,None_cut,3.3749999999999964,3,2,2,tomato,2,3,plate,2,4,tomato_salad,2,5,,4,0,tomato,5,0,tomato,6,0,plate,6,3,,6,4,,7,1,plate,7,3,,7,4,,0,24.0,78.75000000000881,,,0,1.0,30.0,56.0,62.25000000000142,,,0,1.0,30.0
897,0,1,,0,2,tomato_cut,4.0,3,0,3,None_cut,3.3749999999999964,3,2,2,tomato,2,3,plate,2,4,tomato_salad,2,5,,4,0,tomato,5,0,tomato,6,0,plate,6,3,,6,4,,7,1,plate,7,3,,7,4,,0,24.0,80.0000000000091,,,0,1.0,30.0,56.0,63.500000000001705,,,0,1.0,30.0
898,0,1,,0,2,tomato_cut,4.0,3,0,3,None_cut,3.3749999999999964,3,2,2,tomato,2,3,plate,2,4,tomato_salad,2,5,,4,0,tomato,5,0,tomato,6,0,plate,6,3,,6,4,,7,1,plate,7,3,,7,4,,0,24.0,81.25000000000938,,,0,1.0,30.0,56.0,64.75000000000199,,,0,1.0,30.0
899,0,1,,0,2,tomato_cut,4.0,3,0,3,None_cut,3.3749999999999964,3,2,2,tomato,2,3,plate,2,4,tomato_salad,2,5,,4,0,tomato,5,0,tomato,6,0,plate,6,3,,6,4,,7,1,plate,7,3,,7,4,,0,24.0,82.50000000000966,,,0,1.0,30.0,56.0,66.00000000000227,,,0,1.0,30.0
900,0,1,,0,2,tomato_cut,4.0,3,0,3,None_cut,3.3749999999999964,3,2,2,tomato,2,3,plate,2,4,tomato_salad,2,5,,4,0,tomato,5,0,tomato,6,0,plate,6,3,,6,4,,7,1,plate,7,3,,7,4,,0,24.0,83.75000000000995,,,0,1.0,30.0,56.0,67.25000000000256,,,0,1.0,30.0
901,0,1,,0,2,tomato_cut,4.0,3,0,3,None_cut,3.3749999999999964,3,2,2,tomato,2,3,plate,2,4,tomato_salad,2,5,,4,0,tomato,5,0,tomato,6,0,plate,6,3,,6,4,,7,1,plate,7,3,,7,4,,0,24.0,85.00000000001023,,,0,1.0,30.0,56.0,68.50000000000284,,,0,1.0,30.0
902,0,1,,0,2,tomato_cut,4.0,3,0,3,None_cut,3.3749999999999964,3,2,2,tomato,2,3,plate,2,4,tomato_salad,2,5,,4,0,tomato,5,0,tomato,6,0,plate,6,3,,6,4,,7,1,plate,7,3,,7,4,,0,24.0,86.25000000001052,,,0,1.0,30.0,56.0,69.75000000000313,,,0,1.0,30.0
903,0,1,,0,2,tomato_cut,4.0,3,0,3,None_cut,3.3749999999999964,3,2,2,tomato,2,3,plate,2,4,tomato_salad,2,5,,4,0,tomato,5,0,tomato,6,0,plate,6,3,,6,4,,7,1,plate,7,3,,7,4,,0,24.0,87.5000000000108,,,0,1.0,30.0,56.0,71.00000000000341,,,0,1.0,30.0
904,0,1,,0,2,tomato_cut,4.0,3,0,3,None_cut,3.3749999999999964,3,2,2,tomato,2,3,plate,2,4,tomato_salad,2,5,,4,0,tomato,5,0,tomato,6,0,plate,6,3,,6,4,,7,1,plate,7,3,,7,4,,0,24.66756619610841,88.47591077356992,,,0,1.0,30.0,56.0,72.0,,,0,1.0,30.0
905,0,1,,0,2,tomato_cut,4.0,3,0,3,None_cut,3.3749999999999964,3,2,2,tomato,2,3,plate,2,4,,2,5,,4,0,tomato,5,0,tomato,6,0,plate,6,3,,6,4,,7,1,plate,7,3,,7,4,,0,25.545942769935266,89.36526705456868,,,0,1.0,30.0,56.0,72.0,,tomato_salad,0,1.0,30.0
906,0,1,,0,2,tomato_cut,4.0,3,0,3,None_cut,3.3749999999999964,3,2,2,tomato,2,3,plate,2,4,,2,5,,4,0,tomato,5,0,tomato,6,0,plate,6,3,,6,4,,7,1,plate,7,3,,7,4,,0,26.42431934376212,90.25462333556743,,,0,1.0,30.0,56.0,72.0,,tomato_salad,0,1.0,30.0
907,0,1,,0,2,tomato_cut,4.0,3,0,3,None_cut,3.3749999999999964,3,2,2,tomato,2,3,plate,2,4,,2,5,,4,0,tomato,5,0,tomato,6,0,plate,6,3,,6,4,,7,1,plate,7,3,,7,4,,0,27.302695917588977,91.14397961656618,,,0,1.0,30.0,56.0,72.0,,tomato_salad,0,1.0,30.0
908,0,1,,0,2,tomato_cut,4.0,3,0,3,None_cut,3.3749999999999964,3,2,2,tomato,2,3,plate,2,4,,2,5,,4,0,tomato,5,0,tomato,6,0,plate,6,3,,6,4,,7,1,plate,7,3,,7,4,,0,28.181072491415833,92.03333589756494,,,0,1.0,30.0,56.0,72.0,,tomato_salad,0,1.0,30.0
909,0,1,,0,2,tomato_cut,4.0,3,0,3,None_cut,3.3749999999999964,3,2,2,tomato,2,3,plate,2,4,,2,5,,4,0,tomato,5,0,tomato,6,0,plate,6,3,,6,4,,7,1,plate,7,3,,7,4,,0,29.05944906524269,92.9226921785637,,,0,1.0,30.0,56.0,72.0,,tomato_salad,0,1.0,30.0
910,0,1,,0,2,tomato_cut,4.0,3,0,3,None_cut,3.3749999999999964,3,2,2,tomato,2,3,plate,2,4,,2,5,,4,0,tomato,5,0,tomato,6,0,plate,6,3,,6,4,,7,1,plate,7,3,,7,4,,0,29.937825639069217,93.81204845956245,,,0,1.0,30.0,56.0,72.0,,tomato_salad,0,1.0,30.0
911,0,1,,0,2,tomato_cut,4.0,3,0,3,None_cut,3.3749999999999964,3,2,2,tomato,2,3,plate,2,4,,2,5,,4,0,tomato,5,0,tomato,6,0,plate,6,3,,6,4,,7,1,plate,7,3,,7,4,,0,30.816202212895718,94.7014047405612,,,0,1.0,30.0,56.0,72.0,,tomato_salad,0,1.0,30.0
912,0,1,,0,2,tomato_cut,4.0,3,0,3,None_cut,3.3749999999999964,3,2,2,tomato,2,3,plate,2,4,,2,5,,4,0,tomato,5,0,tomato,6,0,plate,6,3,,6,4,,7,1,plate,7,3,,7,4,,0,31.694578786722218,95.59076102155996,,,0,1.0,30.0,56.0,72.0,,tomato_salad,0,1.0,30.0
913,0,1,,0,2,tomato_cut,4.0,3,0,3,None_cut,3.3749999999999964,3,2,2,tomato,2,3,plate,2,4,,2,5,,4,0,tomato,5,0,tomato,6,0,plate,6,3,,6,4,,7,1,plate,7,3,,7,4,,0,32.57295536054872,96.48011730255871,,,0,1.0,30.0,56.0,72.0,,tomato_salad,0,1.0,30.0
914,0,1,,0,2,tomato_cut,4.0,3,0,3,None_cut,3.3749999999999964,3,2,2,tomato,2,3,plate,2,4,,2,5,,4,0,tomato,5,0,tomato,6,0,plate,6,3,,6,4,,7,1,plate,7,3,,7,4,,0,33.45133193437522,97.36947358355746,,,0,1.0,30.0,56.0,72.0,,tomato_salad,0,1.0,30.0
915,0,1,,0,2,tomato_cut,4.0,3,0,3,None_cut,3.3749999999999964,3,2,2,tomato,2,3,plate,2,4,,2,5,,4,0,tomato,5,0,tomato,6,0,plate,6,3,,6,4,,7,1,plate,7,3,,7,4,,0,34.32970850820172,98.25882986455622,,,0,1.0,30.0,56.0,72.0,,tomato_salad,0,1.0,30.0
916,0,1,,0,2,tomato_cut,4.0,3,0,3,None_cut,3.3749999999999964,3,2,2,tomato,2,3,plate,2,4,,2,5,,4,0,tomato,5,0,tomato,6,0,plate,6,3,,6,4,,7,1,plate,7,3,,7,4,,0,35.20808508202822,99.14818614555497,,,0,1.0,30.0,56.0,72.0,,tomato_salad,0,1.0,30.0
917,0,1,,0,2,tomato_cut,4.0,3,0,3,None_cut,3.3749999999999964,3,2,2,tomato,2,3,plate,2,4,,2,5,,4,0,tomato,5,0,tomato,6,0,plate,6,3,,6,4,,7,1,plate,7,3,,7,4,,0,36.08646165585472,100.03754242655373,,,0,1.0,30.0,56.0,72.0,,tomato_salad,0,1.0,30.0
918,0,1,,0,2,tomato_cut,4.0,3,0,3,None_cut,3.3749999999999964,3,2,2,tomato,2,3,plate,2,4,,2,5,,4,0,tomato,5,0,tomato,6,0,plate,6,3,,6,4,,7,1,plate,7,3,,7,4,,0,36.96483822968122,100.92689870755248,,,0,1.0,30.0,56.0,72.0,,tomato_salad,0,1.0,30.0
919,0,1,,0,2,tomato_cut,4.0,3,0,3,None_cut,3.3749999999999964,3,2,2,tomato,2,3,plate,2,4,,2,5,,4,0,tomato,5,0,tomato,6,0,plate,6,3,,6,4,,7,1,plate,7,3,,7,4,,0,37.84321480350772,101.81625498855124,,,0,1.0,30.0,56.0,72.0,,tomato_salad,0,1.0,30.0
920,0,1,,0,2,tomato_cut,4.0,3,0,3,None_cut,3.3749999999999964,3,2,2,tomato,2,3,plate,2,4,,2,5,,4,0,tomato,5,0,tomato,6,0,plate,6,3,,6,4,,7,1,plate,7,3,,7,4,,0,38.72159137733422,102.70561126955039,,,0,1.0,30.0,56.0,72.0,,tomato_salad,0,1.0,30.0
921,0,1,,0,2,tomato_cut,4.0,3,0,3,None_cut,3.3749999999999964,3,2,2,tomato,2,3,plate,2,4,,2,5,,4,0,tomato,5,0,tomato,6,0,plate,6,3,,6,4,,7,1,plate,7,3,,7,4,,0,39.59996795116072,103.59496755055007,,,0,1.0,30.0,57.250000000000284,72.0,,tomato_salad,0,1.0,30.0
922,0,1,,0,2,tomato_cut,4.0,3,0,3,None_cut,3.3749999999999964,3,2,2,tomato,2,3,plate,2,4,,2,5,,4,0,tomato,5,0,tomato,6,0,plate,6,3,,6,4,,7,1,plate,7,3,,7,4,,0,40.49047625129634,103.144703231137,,,0,1.0,30.0,58.50000000000057,72.0,,tomato_salad,0,1.0,30.0
923,0,1,,0,2,tomato_cut,4.0,3,0,3,None_cut,3.3749999999999964,3,2,2,tomato,2,3,plate,2,4,,2,5,,4,0,tomato,5,0,tomato,6,0,plate,6,3,,6,4,,7,1,plate,7,3,,7,4,,0,41.384815622898,102.27140082738306,,,0,1.0,30.0,59.75000000000085,72.0,,tomato_salad,0,1.0,30.0
924,0,1,,0,2,tomato_cut,4.0,3,0,3,None_cut,3.3749999999999964,3,2,2,tomato,2,3,plate,2,4,,2,5,,4,0,tomato,5,0,tomato,6,0,plate,6,3,,6,4,,7,1,plate,7,3,,7,4,,0,42.27915499449966,101.39809842362912,,,0,1.0,30.0,61.00000000000114,72.0,,tomato_salad,0,1.0,30.0
925,0,1,,0,2,tomato_cut,4.0,3,0,3,None_cut,3.3749999999999964,3,2,2,tomato,2,3,plate,2,4,,2,5,,4,0,tomato,5,0,tomato,6,0,plate,6,3,,6,4,,7,1,plate,7,3,,7,4,,0,43.17349436610132,100.52479601987518,,,0,1.0,30.0,62.25000000000142,72.0,,tomato_salad,0,1.0,30.0
926,0,1,,0,2,tomato_cut,4.0,3,0,3,None_cut,3.3749999999999964,3,2,2,tomato,2,3,plate,2,4,,2,5,,4,0,tomato,5,0,tomato,6,0,plate,6,3,,6,4,,7,1,plate,7,3,,7,4,,0,44.06783373770298,99.65149361612124,,,0,1.0,30.0,63.500000000001705,72.0,,tomato_salad,0,1.0,30.0
927,0,1,,0,2,tomato_cut,4.0,3,0,3,None_cut,3.3749999999999964,3,2,2,tomato,2,3,plate,2,4,,2,5,,4,0,tomato,5,0,tomato,6,0,plate,6,3,,6,4,,7,1,plate,7,3,,7,4,,0,44.96217310930464,98.7781912123673,,,0,1.0,30.0,64.75000000000199,72.0,,tomato_salad,0,1.0,30.0
928,0,1,,0,2,tomato_cut,4.0,3,0,3,None_cut,3.3749999999999964,3,2,2,tomato,2,3,plate,2,4,,2,5,,4,0,tomato,5,0,tomato,6,0,plate,6,3,,6,4,,7,1,plate,7,3,,7,4,,0,45.856512480906304,97.90488880861336,,,0,1.0,30.0,66.00000000000227,72.0,,tomato_salad,0,1.0,30.0
929,0,1,,0,2,tomato_cut,4.0,3,0,3,None_cut,3.3749999999999964,3,2,2,tomato,2,3,plate,2,4,,2,5,,4,0,tomato,5,0,tomato,6,0,plate,6,3,,6,4,,7,1,plate,7,3,,7,4,,0,46.750851852507964,97.03158640485942,,,0,1.0,30.0,67.25000000000256,72.0,,tomato_salad,0,1.0,30.0
930,0,1,,0,2,tomato_cut,4.0,3,0,3,None_cut,3.3749999999999964,3,2,2,tomato,2,3,plate,2,4,,2,5,,4,0,tomato,5,0,tomato,6,0,plate,6,3,,6,4,,7,1,plate,7,3,,7,4,,0,47.645191224109624,96.15828400110549,,,0,1.0,30.0,68.50000000000284,72.0,,tomato_salad,0,1.0,30.0
931,0,1,,0,2,tomato_cut,4.0,3,0,3,None_cut,3.3749999999999964,3,2,2,tomato,2,3,plate,2,4,,2,5,,4,0,tomato,5,0,tomato,6,0,plate,6,3,,6,4,,7,1,plate,7,3,,7,4,,0,48.539530595711284,95.28498159735155,,,0,1.0,30.0,69.75000000000313,72.0,,tomato_salad,0,1.0,30.0
932,0,1,,0,2,tomato_cut,4.0,3,0,3,None_cut,3.3749999999999964,3,2,2,tomato,2,3,plate,2,4,,2,5,,4,0,tomato,5,0,tomato,6,0,plate,6,3,,6,4,,7,1,plate,7,3,,7,4,,0,49.433869967312944,94.41167919359702,,,0,1.0,30.0,71.00000000000341,72.0,,tomato_salad,0,1.0,30.0
933,0,1,,0,2,tomato_cut,4.0,3,0,3,None_cut,3.3749999999999964,3,2,2,tomato,2,3,plate,2,4,,2,5,,4,0,tomato,5,0,tomato,6,0,plate,6,3,,6,4,,7,1,plate,7,3,,7,4,,0,50.328209338914604,93.5383767898421,,,0,1.0,30.0,72.2500000000037,72.0,,tomato_salad,0,1.0,30.0
934,0,1,,0,2,tomato_cut,4.0,3,0,3,None_cut,3.3749999999999964,3,2,2,tomato,2,3,plate,2,4,,2,5,,4,0,tomato,5,0,tomato,6,0,plate,6,3,,6,4,,7,1,plate,7,3,,7,4,,0,51.222548710516264,92.66507438608718,,,0,1.0,30.0,73.50000000000398,72.0,,tomato_salad,0,1.0,30.0
935,0,1,,0,2,tomato_cut,4.0,3,0,3,None_cut,3.3749999999999964,3,2,2,tomato,2,3,plate,2,4,,2,5,,4,0,tomato,5,0,tomato,6,0,plate,6,3,,6,4,,7,1,plate,7,3,,7,4,,0,52.116888082117924,91.79177198233225,,,0,1.0,30.0,74.75000000000426,72.0,,tomato_salad,0,1.0,30.0
936,0,1,,0,2,tomato_cut,4.0,3,0,3,None_cut,3.3749999999999964,3,2,2,tomato,2,3,plate,2,4,,2,5,,4,0,tomato,5,0,tomato,6,0,plate,6,3,,6,4,,7,1,plate,7,3,,7,4,,0,53.011227453719584,90.91846957857733,,,0,1.0,30.0,76.00000000000455,72.0,,tomato_salad,0,1.0,30.0
937,0,1,,0,2,tomato_cut,4.0,3,0,3,None_cut,3.3749999999999964,3,2,2,tomato,2,3,plate,2,4,,2,5,,4,0,tomato,5,0,tomato,6,0,plate,6,3,,6,4,,7,1,plate,7,3,,7,4,,0,53.905566825321245,90.04516717482241,,,0,1.0,30.0,77.25000000000483,72.0,,tomato_salad,0,1.0,30.0
938,0,1,,0,2,tomato_cut,4.0,3,0,3,None_cut,3.3749999999999964,3,2,2,tomato,2,3,plate,2,4,,2,5,,4,0,tomato,5,0,tomato,6,0,plate,6,3,,6,4,,7,1,plate,7,3,,7,4,,0,54.799906196922905,89.17186477106749,,,0,1.0,30.0,78.50000000000512,72.0,,tomato_salad,0,1.0,30.0
939,0,1,,0,2,tomato_cut,4.0,3,0,3,None_cut,3.3749999999999964,3,2,2,tomato,2,3,plate,2,4,,2,5,,4,0,tomato,5,0,tomato,6,0,plate,6,3,,6,4,,7,1,plate,7,3,,7,4,,0,55.694245568524565,88.29856236731256,,,0,1.0,30.0,79.7500000000054,72.0,,tomato_salad,0,1.0,30.0
940,0,1,,0,2,tomato_cut,4.0,3,0,3,None_cut,3.3749999999999964,3,2,2,tomato,2,3,plate,2,4,,2,5,,4,0,tomato,5,0,tomato,6,0,plate,6,3,,6,4,,7,1,plate,7,3,,7,4,,0,56.57949582572894,87.41606070901427,,,0,1.0,30.0,81.00000000000568,72.0,,tomato_salad,0,1.0,30.0
941,0,1,,0,2,tomato_cut,4.0,3,0,3,None_cut,3.3749999999999964,3,2,2,tomato,2,3,plate,2,4,,2,5,,4,0,tomato,5,0,tomato,6,0,plate,6,3,,6,4,,7,1,plate,7,3,,7,4,,0,57.46350665824278,86.53230460691462,,,0,1.0,30.0,82.25000000000597,72.0,,tomato_salad,0,1.0,30.0
942,0,1,,0,2,tomato_cut,4.0,3,0,3,None_cut,3.3749999999999964,3,2,2,tomato,2,3,plate,2,4,,2,5,,4,0,tomato,5,0,tomato,6,0,plate,6,3,,6,4,,7,1,plate,7,3,,7,4,,0,58.347517490756616,85.64854850481497,,,0,1.0,30.0,83.50000000000625,72.0,,tomato_salad,0,1.0,30.0
943,0,1,,0,2,tomato_cut,4.0,3,0,3,None_cut,3.3749999999999964,3,2,2,tomato,2,3,plate,2,4,,2,5,,4,0,tomato,5,0,tomato,6,0,plate,6,3,,6,4,,7,1,plate,7,3,,7,4,,0,59.23152832327045,84.76479240271532,,,0,1.0,30.0,84.75000000000654,72.0,,tomato_salad,0,1.0,30.0
944,0,1,,0,2,tomato_cut,4.0,3,0,3,None_cut,3.3749999999999964,3,2,2,tomato,2,3,plate,2,4,,2,5,,4,0,tomato,5,0,tomato,6,0,plate,6,3,,6,4,,7,1,plate,7,3,,7,4,,0,60.11553915578429,83.88103630061566,,,0,1.0,30.0,86.00000000000682,72.0,,tomato_salad,0,1.0,30.0
945,0,1,,0,2,tomato_cut,4.0,3,0,3,None_cut,3.3749999999999964,3,2,2,tomato,2,3,plate,2,4,,2,5,,4,0,tomato,5,0,tomato,6,0,plate,6,3,,6,4,,7,1,plate,7,3,,7,4,,0,60.99954998829813,82.99728019851601,,,0,1.0,30.0,87.2500000000071,72.0,,tomato_salad,0,1.0,30.0
946,0,1,,0,2,tomato_cut,4.0,3,0,3,None_cut,3.3749999999999964,3,2,2,tomato,2,3,plate,2,4,,2,5,,4,0,tomato,5,0,tomato,6,0,plate,6,3,,6,4,,7,1,plate,7,3,,7,4,,0,61.883560820811965,82.11352409641636,,,0,1.0,30.0,88.0,72.0,,tomato_salad,0,1.0,30.0
947,0,1,,0,2,tomato_cut,4.0,3,0,3,None_cut,3.3749999999999964,3,2,2,tomato,2,3,plate,2,4,,2,5,,4,0,tomato,5,0,tomato,6,0,plate,6,3,,6,4,,7,1,plate,7,3,,7,4,,1,62.7675716533258,81.2297679943167,,,0,1.0,30.0,88.0,72.0,,,1,1.0,30.0
948,0,1,,0,2,tomato_cut,4.0,3,0,3,None_cut,3.3749999999999964,3,2,2,tomato,2,3,plate,2,4,,2,5,,4,0,tomato,5,0,tomato,6,0,plate,6,3,,6,4,,7,1,plate,7,3,,7,4,,1,63.65158248583964,80.34601189221705,,,0,1.0,30.0,88.0,72.0,,,1,1.0,30.0
949,0,1,,0,2,tomato_cut,4.0,3,0,3,None_cut,3.3749999999999964,3,2,2,tomato,2,3,plate,2,4,,2,5,,4,0,tomato,5,0,tomato,6,0,plate,6,3,,6,4,,7,1,plate,7,3,,7,4,,1,64.5355933183539,79.4622557901174,,,0,1.0,30.0,88.0,72.0,,,1,1.0,30.0
950,0,1,,0,2,tomato_cut,4.0,3,0,3,None_cut,3.3749999999999964,3,2,2,tomato,2,3,plate,2,4,,2,5,,4,0,tomato,5,0,tomato,6,0,plate,6,3,,6,4,,7,1,plate,7,3,,7,4,,1,65.41960415086845,78.57849968801774,,,0,1.0,30.0,88.0,72.0,,,1,1.0,30.0
951,0,1,,0,2,tomato_cut,4.0,3,0,3,None_cut,3.3749999999999964,3,2,2,tomato,2,3,plate,2,4,,2,5,,4,0,tomato,5,0,tomato,6,0,plate,6,3,,6,4,,7,1,plate,7,3,,7,4,,1,66.303614983383,77.69474358591809,,,0,1.0,30.0,88.0,72.0,,,1,1.0,30.0
952,0,1,,0,2,tomato_cut,4.0,3,0,3,None_cut,3.3749999999999964,3,2,2,tomato,2,3,plate,2,4,,2,5,,4,0,tomato,5,0,tomato,6,0,plate,6,3,,6,4,,7,1,plate,7,3,,7,4,,1,67.18762581589755,76.81098748381844,,,0,1.0,30.0,88.0,72.0,,,1,1.0,30.0
953,0,1,,0,2,tomato_cut,4.0,3,0,3,None_cut,3.3749999999999964,3,2,2,tomato,2,3,plate,2,4,,2,5,,4,0,tomato,5,0,tomato,6,0,plate,6,3,,6,4,,7,1,plate,7,3,,7,4,,1,68.0716366484121,75.92723138171878,,,0,1.0,30.0,88.0,72.0,,,1,1.0,30.0
954,0,1,,0,2,tomato_cut,4.0,3,0,3,None_cut,3.3749999999999964,3,2,2,tomato,2,3,plate,2,4,,2,5,,4,0,tomato,5,0,tomato,6,0,plate,6,3,,6,4,,7,1,plate,7,3,,7,4,,1,68.95564748092664,75.04347527961913,,,0,1.0,30.0,88.0,72.0,,,1,1.0,30.0
955,0,1,,0,2,tomato_cut,4.0,3,0,3,None_cut,3.3749999999999964,3,2,2,tomato,2,3,plate,2,4,,2,5,,4,0,tomato,5,0,tomato,6,0,plate,6,3,,6,4,,7,1,plate,7,3,,7,4,,1,69.83965831344119,74.15971917751948,,,0,1.0,30.0,88.0,72.0,,,1,1.0,30.0
956,0,1,,0,2,tomato_cut,4.0,3,0,3,None_cut,3.3749999999999964,3,2,2,tomato,2,3,plate,2,4,,2,5,,4,0,tomato,5,0,tomato,6,0,plate,6,3,,6,4,,7,1,plate,7,3,,7,4,,1,70.72366914595574,73.27596307541982,,,0,1.0,30.0,88.0,72.0,,,1,1.0,30.0
957,0,1,,0,2,tomato_cut,4.0,3,0,3,None_cut,3.3749999999999964,3,2,2,tomato,2,3,plate,2,4,,2,5,,4,0,tomato,5,0,tomato,6,0,plate,6,3,,6,4,,7,1,plate,7,3,,7,4,,1,71.60767997847029,72.39220697332017,,,0,1.0,30.0,88.0,72.0,,,1,1.0,30.0
958,0,1,,0,2,tomato_cut,4.0,3,0,3,None_cut,3.3749999999999964,3,2,2,tomato,2,3,plate,2,4,,2,5,,4,0,tomato,5,0,tomato,6,0,plate,6,3,,6,4,,7,1,plate,7,3,,7,4,,1,72.49159268648845,71.50835273241076,,,0,1.0,30.0,88.0,72.0,,,1,1.0,30.0
959,0,1,,0,2,tomato_cut,4.0,3,0,3,None_cut,3.3749999999999964,3,2,2,tomato,2,3,plate,2,4,,2,5,,4,0,tomato,5,0,tomato,6,0,plate,6,3,,6,4,,7,1,plate,7,3,,7,4,,1,73.37547771836651,70.62447081132423,,,0,1.0,30.0,88.0,72.0,,,1,1.0,30.0
960,0,1,,0,2,tomato_cut,4.0,3,0,3,None_cut,3.3749999999999964,3,2,2,tomato,2,3,plate,2,4,,2,5,,4,0,tomato,5,0,tomato,6,0,plate,6,3,,6,4,,7,1,plate,7,3,,7,4,,1,74.25936275024428,69.7405888902377,,,0,1.0,30.0,88.0,72.0,,,1,1.0,30.0
961,0,1,,0,2,tomato_cut,4.0,3,0,3,None_cut,3.3749999999999964,3,2,2,tomato,2,3,plate,2,4,,2,5,,4,0,tomato,5,0,tomato,6,0,plate,6,3,,6,4,,7,1,plate,7,3,,7,4,,1,75.14324778212206,68.85670696915118,,,0,1.0,30.0,88.0,72.0,,,1,1.0,30.0
962,0,1,,0,2,tomato_cut,4.0,3,0,3,None_cut,3.3749999999999964,3,2,2,tomato,2,3,plate,2,4,,2,5,,4,0,tomato,5,0,tomato,6,0,plate,6,3,,6,4,,7,1,plate,7,3,,7,4,,1,76.02713281399984,67.97282504806465,,,0,1.0,30.0,88.0,70.74999999999972,,,1,1.0,30.0
963,0,1,,0,2,tomato_cut,4.0,3,0,3,None_cut,3.3749999999999964,3,2,2,tomato,2,3,plate,2,4,,2,5,,4,0,tomato,5,0,tomato,6,0,plate,6,3,,6,4,,7,1,plate,7,3,,7,4,,1,76.91101784587761,67.08894312697812,,,0,1.0,30.0,88.0,69.49999999999943,,,1,1.0,30.0
964,0,1,,0,2,tomato_cut,4.0,3,0,3,None_cut,3.3749999999999964,3,2,2,tomato,2,3,plate,2,4,,2,5,,4,0,tomato,5,0,tomato,6,0,plate,6,3,,6,4,,7,1,plate,7,3,,7,4,,1,77.79490287775539,66.2050612058916,,,0,1.0,30.0,88.0,68.24999999999915,,,1,1.0,30.0
965,0,1,,0,2,tomato_cut,4.0,3,0,3,None_cut,3.3749999999999964,3,2,2,tomato,2,3,plate,2,4,,2,5,,4,0,tomato,5,0,tomato,6,0,plate,6,3,,6,4,,7,1,plate,7,3,,7,4,,1,78.67878790963317,65.32117928480507,,,0,1.0,30.0,88.0,66.99999999999886,,,1,1.0,30.0
966,0,1,,0,2,tomato_cut,4.0,3,0,3,None_cut,3.3749999999999964,3,2,2,tomato,2,3,plate,2,4,,2,5,,4,0,tomato,5,0,tomato,6,0,plate,6,3,,6,4,,7,1,plate,7,3,,7,4,,1,79.56267294151094,64.43729736371854,,,0,1.0,30.0,88.0,65.74999999999858,,,1,1.0,30.0
967,0,1,,0,2,tomato_cut,4.0,3,0,3,None_cut,3.3749999999999964,3,2,2,tomato,2,3,plate,2,4,,2,5,,4,0,tomato,5,0,tomato,6,0,plate,6,3,,6,4,,7,1,plate,7,3,,7,4,,1,80.44655797338872,63.553415442632016,,,0,1.0,30.0,88.0,64.4999999999983,,,1,1.0,30.0
968,0,1,,0,2,tomato_cut,4.0,3,0,3,None_cut,3.3749999999999964,3,2,2,tomato,2,3,plate,2,4,,2,5,,4,0,tomato,5,0,tomato,6,0,plate,6,3,,6,4,,7,1,plate,7,3,,7,4,,1,81.33044300526649,62.66953352154549,,,0,1.0,30.0,88.0,63.24999999999801,,,1,1.0,30.0
969,0,1,,0,2,tomato_cut,4.0,3,0,3,None_cut,3.3749999999999964,3,2,2,tomato,2,3,plate,2,4,,2,5,,4,0,tomato,5,0,tomato,6,0,plate,6,3,,6,4,,7,1,plate,7,3,,7,4,,1,82.21432803714427,61.78565160045896,,,0,1.0,30.0,88.0,61.999999999997726,,,1,1.0,30.0
970,0,1,,0,2,tomato_cut,4.0,3,0,3,None_cut,3.3749999999999964,3,2,2,tomato,2,3,plate,2,4,,2,5,,4,0,tomato,5,0,tomato,6,0,plate,6,3,,6,4,,7,1,plate,7,3,,7,4,,1,83.09821306902205,60.901769679372435,,,0,1.0,30.0,88.0,60.74999999999744,,,1,1.0,30.0
971,0,1,,0,2,tomato_cut,4.0,3,0,3,None_cut,3.3749999999999964,3,2,2,tomato,2,3,plate,2,4,,2,5,,4,0,tomato,5,0,tomato,6,0,plate,6,3,,6,4,,7,1,plate,7,3,,7,4,,1,83.98209810089982,60.01788775828591,,,0,1.0,30.0,88.0,59.49999999999716,,,1,1.0,30.0
972,0,1,,0,2,tomato_cut,4.0,3,0,3,None_cut,3.3749999999999964,3,2,2,tomato,2,3,plate,2,4,,2,5,,4,0,tomato,5,0,tomato,6,0,plate,6,3,,6,4,,7,1,plate,7,3,,7,4,,1,84.8659831327776,59.13400583719938,,,0,1.0,30.0,88.0,58.249999999996874,,,1,1.0,30.0
973,0,1,,0,2,tomato_cut,4.0,3,0,3,None_cut,3.3749999999999964,3,2,2,tomato,2,3,plate,2,4,,2,5,,4,0,tomato,5,0,tomato,6,0,plate,6,3,,6,4,,7,1,plate,7,3,,7,4,,1,85.74986816465537,58.250123916112855,,,0,1.0,30.0,88.0,56.99999999999659,,,1,1.0,30.0
974,0,1,,0,2,tomato_cut,4.0,3,0,3,None_cut,3.3749999999999964,3,2,2,tomato,2,3,plate,2,4,,2,5,,4,0,tomato,5,0,tomato,6,0,plate,6,3,,6,4,,7,1,plate,7,3,,7,4,,1,86.63375319653315,57.36624199502633,,,0,1.0,30.0,88.0,55.749999999996305,,,1,1.0,30.0
975,0,1,,0,2,tomato_cut,4.0,3,0,3,None_cut,3.3749999999999964,3,2,2,tomato,2,3,plate,2,4,,2,5,,4,0,tomato,5,0,tomato,6,0,plate,6,3,,6,4,,7,1,plate,7,3,,7,4,,1,87.51763822841093,56.4823600739398,,,0,1.0,30.0,88.0,54.49999999999602,,,1,1.0,30.0
976,0,1,,0,2,tomato_cut,4.0,3,0,3,None_cut,3.3749999999999964,3,2,2,tomato,2,3,plate,2,4,,2,5,,4,0,tomato,5,0,tomato,6,0,plate,6,3,,6,4,,7,1,plate,7,3,,7,4,,1,87.81094952274462,55.34958232092202,,,0,1.0,30.0,88.0,53.24999999999574,,,1,1.0,30.0
977,0,1,,0,2,tomato_cut,4.0,3,0,3,None_cut,3.3749999999999964,3,2,2,tomato,2,3,plate,2,4,,2,5,,4,0,tomato,5,0,tomato,6,0,plate,6,3,,6,4,,7,1,plate,7,3,,7,4,,1,87.82634376411706,54.09967711758363,,,0,1.0,30.0,88.0,51.99999999999545,,,1,1.0,30.0
978,0,1,,0,2,tomato_cut,4.0,3,0,3,None_cut,3.3749999999999964,3,2,2,tomato,2,3,plate,2,4,,2,5,,4,0,tomato,5,0,tomato,6,0,plate,6,3,,6,4,,7,1,plate,7,3,,7,4,,1,87.84173800548955,52.849771914245245,,,0,1.0,30.0,88.0,50.74999999999517,,,1,1.0,30.0
979,0,1,,0,2,tomato_cut,4.0,3,0,3,None_cut,3.3749999999999964,3,2,2,tomato,2,3,plate,2,4,,2,5,,4,0,tomato,5,0,tomato,6,0,plate,6,3,,6,4,,7,1,plate,7,3,,7,4,,1,87.85713224686204,51.59986671090686,,,0,1.0,30.0,88.0,49.499999999994884,,,1,1.0,30.0
980,0,1,,0,2,tomato_cut,4.0,3,0,3,None_cut,3.3749999999999964,3,2,2,tomato,2,3,plate,2,4,,2,5,,4,0,tomato,5,0,tomato,6,0,plate,6,3,,6,4,,7,1,plate,7,3,,7,4,,1,87.87252648823453,50.34996150756847,,,0,1.0,30.0,88.0,48.2499999999946,,,1,1.0,30.0
981,0,1,,0,2,tomato_cut,4.0,3,0,3,None_cut,3.3749999999999964,3,2,2,tomato,2,3,plate,2,4,,2,5,,4,0,tomato,5,0,tomato,6,0,plate,6,3,,6,4,,7,1,plate,7,3,,7,4,,1,87.88792072960702,49.10005630423009,,,0,1.0,30.0,88.0,46.999999999994316,,,1,1.0,30.0
982,0,1,,0,2,tomato_cut,4.0,3,0,3,None_cut,3.3749999999999964,3,2,2,tomato,2,3,plate,2,4,,2,5,,4,0,tomato,5,0,tomato,6,0,plate,6,3,,6,4,,7,1,plate,7,3,,7,4,,1,87.90331497097951,47.8501511008917,,,0,1.0,30.0,88.0,45.74999999999403,,,1,1.0,30.0
983,0,1,,0,2,tomato_cut,4.0,3,0,3,None_cut,3.3749999999999964,3,2,2,tomato,2,3,plate,2,4,,2,5,,4,0,tomato,5,0,tomato,6,0,plate,6,3,,6,4,,7,1,plate,7,3,,7,4,,1,87.918709212352,46.600245897553314,,,0,1.0,30.0,88.0,44.49999999999375,,,1,1.0,30.0
984,0,1,,0,2,tomato_cut,4.0,3,0,3,None_cut,3.3749999999999964,3,2,2,tomato,2,3,plate,2,4,,2,5,,4,0,tomato,5,0,tomato,6,0,plate,6,3,,6,4,,7,1,plate,7,3,,7,4,,1,87.93410345372448,45.35034069421493,,,0,1.0,30.0,88.0,43.24999999999346,,,1,1.0,30.0
985,0,1,,0,2,tomato_cut,4.0,3,0,3,None_cut,3.3749999999999964,3,2,2,tomato,2,3,plate,2,4,,2,5,,4,0,tomato,5,0,tomato,6,0,plate,6,3,,6,4,,7,1,plate,7,3,,7,4,,1,87.94949769509697,44.10043549087654,,,0,1.0,30.0,88.0,41.99999999999318,,,1,1.0,30.0
986,0,1,,0,2,tomato_cut,4.0,3,0,3,None_cut,3.3749999999999964,3,2,2,tomato,2,3,plate,2,4,,2,5,,4,0,tomato,5,0,tomato,6,0,plate,6,3,,6,4,,7,1,plate,7,3,,7,4,,1,87.96489193646946,42.850530287538156,,,0,1.0,30.0,88.0,40.749999999992895,,,1,1.0,30.0
987,0,1,,0,2,tomato_cut,4.0,3,0,3,None_cut,3.3749999999999964,3,2,2,tomato,2,3,plate,2,4,,2,5,,4,0,tomato,5,0,tomato,6,0,plate,6,3,,6,4,,7,1,plate,7,3,,7,4,,1,87.98028617784195,41.60062508419977,,,0,1.0,30.0,88.49189088134324,39.70196048263347,,,1,1.0,30.0
988,0,1,,0,2,tomato_cut,4.0,3,0,3,None_cut,3.3749999999999964,3,2,2,tomato,2,3,plate,2,4,,2,5,,4,0,tomato,5,0,tomato,6,0,plate,6,3,,6,4,,7,1,plate,7,3,,7,4,,1,87.99568041921444,40.350719880861384,,,0,1.0,30.0,89.37026745517045,38.812604201634024,,,1,1.0,30.0
989,0,1,,0,2,tomato_cut,4.0,3,0,3,None_cut,3.3749999999999964,3,2,2,tomato,2,3,plate,2,4,,2,5,,4,0,tomato,5,0,tomato,6,0,plate,6,3,,6,4,,7,1,plate,7,3,,7,4,,1,88.76220637195516,39.41482530569477,,,0,1.0,30.0,90.24864402899766,37.92324792063456,,,1,1.0,30.0
990,0,1,,0,2,tomato_cut,4.0,3,0,3,None_cut,3.3749999999999964,3,2,2,tomato,2,3,plate,2,4,,2,5,,4,0,tomato,5,0,tomato,6,0,plate,6,3,,6,4,,7,1,plate,7,3,,7,4,,1,89.64097039650952,38.52585185887566,,,0,1.0,30.0,91.12702060282487,37.033891639635094,,,1,1.0,30.0
991,0,1,,0,2,tomato_cut,4.0,3,0,3,None_cut,3.3749999999999964,3,2,2,tomato,2,3,plate,2,4,,2,5,,4,0,tomato,5,0,tomato,6,0,plate,6,3,,6,4,,7,1,plate,7,3,,7,4,,1,90.51973442106387,37.63687841205669,,,0,1.0,30.0,92.00539717665208,36.14453535863563,,,1,1.0,30.0
992,0,1,,0,2,tomato_cut,4.0,3,0,3,None_cut,3.3749999999999964,3,2,2,tomato,2,3,plate,2,4,,2,5,,4,0,tomato,5,0,tomato,6,0,plate,6,3,,6,4,,7,1,plate,7,3,,7,4,,1,91.39849844561823,36.74790496523805,,,0,1.0,30.0,92.88377375047929,35.255179077636164,,,1,1.0,30.0
993,0,1,,0,2,tomato_cut,4.0,3,0,3,None_cut,3.3749999999999964,3,2,2,tomato,2,3,plate,2,4,,2,5,,4,0,tomato,5,0,tomato,6,0,plate,6,3,,6,4,,7,1,plate,7,3,,7,4,,1,92.27726247017259,35.858931518419425,,,0,1.0,30.0,93.7621503243065,34.3658227966367,,,1,1.0,30.0
994,0,1,,0,2,tomato_cut,4.0,3,0,3,None_cut,3.3749999999999964,3,2,2,tomato,2,3,plate,2,4,,2,5,,4,0,tomato,5,0,tomato,6,0,plate,6,3,,6,4,,7,1,plate,7,3,,7,4,,1,93.15602649472694,34.9699580716008,,,0,1.0,30.0,94.64052689813371,33.476466515637235,,,1,1.0,30.0
995,0,1,,0,2,tomato_cut,4.0,3,0,3,None_cut,3.3749999999999964,3,2,2,tomato,2,3,plate,2,4,,2,5,,4,0,tomato,5,0,tomato,6,0,plate,6,3,,6,4,,7,1,plate,7,3,,7,4,,1,94.0347905192813,34.080984624782175,,,0,1.0,30.0,95.51890347196093,32.58711023463777,,,1,1.0,30.0
996,0,1,,0,2,tomato_cut,4.0,3,0,3,None_cut,3.3749999999999964,3,2,2,tomato,2,3,plate,2,4,,2,5,,4,0,tomato,5,0,tomato,6,0,plate,6,3,,6,4,,7,1,plate,7,3,,7,4,,1,94.91355454383566,33.19201117796354,,,0,1.0,30.0,96.39728004578814,31.697753953638426,,,1,1.0,30.0
997,0,1,,0,2,tomato_cut,4.0,3,0,3,None_cut,3.3749999999999964,3,2,2,tomato,2,3,plate,2,4,,2,5,,4,0,tomato,5,0,tomato,6,0,plate,6,3,,6,4,,7,1,plate,7,3,,7,4,,1,95.79231856839002,32.30303773114491,,,0,1.0,30.0,97.27565661961488,30.808397672639316,,,1,1.0,30.0
998,0,1,,0,2,tomato_cut,4.0,3,0,3,None_cut,3.3749999999999964,3,2,2,tomato,2,3,plate,2,4,,2,5,,4,0,tomato,5,0,tomato,6,0,plate,6,3,,6,4,,7,1,plate,7,3,,7,4,,1,96.67108259294437,31.4140642843262,,,0,1.0,30.0,98.15403319344124,29.919041391640206,,,1,1.0,30.0
999,0,1,,0,2,tomato_cut,4.0,3,0,3,None_cut,3.3749999999999964,3,2,2,tomato,2,3,plate,2,4,,2,5,,4,0,tomato,5,0,tomato,6,0,plate,6,3,,6,4,,7,1,plate,7,3,,7,4,,1,97.54984661749873,30.52509083750745,,,0,1.0,30.0,99.03240976726761,29.029685110641097,,,1,1.0,30.0
1000,0,1,,0,2,tomato_cut,4.0,3,0,3,None_cut,3.3749999999999964,3,2,2,tomato,2,3,plate,2,4,,2,5,,4,0,tomato,5,0,tomato,6,0,plate,6,3,,6,4,,7,1,plate,7,3,,7,4,,1,98.42861064205309,29.636117390688696,,,0,1.0,30.0,99.91078634109397,28.140328829641987,,,1,1.0,30.0
1001,0,1,,0,2,tomato_cut,4.0,3,0,3,None_cut,3.3749999999999964,3,2,2,tomato,2,3,plate,2,4,,2,5,,4,0,tomato,5,0,tomato,6,0,plate,6,3,,6,4,,7,1,plate,7,3,,7,4,,1,99.30737466660744,28.747143943869943,,,0,1.0,30.0,100.78916291492033,27.250972548642878,,,1,1.0,30.0
1002,0,1,,0,2,tomato_cut,4.0,3,0,3,None_cut,3.3749999999999964,3,2,2,tomato,2,3,plate,2,4,,2,5,,4,0,tomato,5,0,tomato,6,0,plate,6,3,,6,4,,7,1,plate,7,3,,7,4,,1,100.1861386911618,27.85817049705119,,,0,1.0,30.0,101.66753948874668,26.361616267643768,,,1,1.0,30.0
1003,0,1,,0,2,tomato_cut,4.0,3,0,3,None_cut,3.3749999999999964,3,2,2,tomato,2,3,plate,2,4,,2,5,,4,0,tomato,5,0,tomato,6,0,plate,6,3,,6,4,,7,1,plate,7,3,,7,4,,1,101.06490271571616,26.969197050232438,,,0,1.0,30.0,102.54591606257304,25.47225998664466,,,1,1.0,30.0
1004,0,1,,0,2,tomato_cut,4.0,3,0,3,None_cut,3.3749999999999964,3,2,2,tomato,2,3,plate,2,4,,2,5,,4,0,tomato,5,0,tomato,6,0,plate,6,3,,6,4,,7,1,plate,7,3,,7,4,,1,101.94366674027052,26.080223603413685,,,0,1.0,30.0,103.4242926363994,24.58290370564555,,,1,1.0,30.0
1005,0,1,,0,2,tomato_cut,4.0,3,0,3,None_cut,3.3749999999999964,3,2,2,tomato,2,3,plate,2,4,,2,5,,4,0,tomato,5,0,tomato,6,0,plate,6,3,,6,4,,7,1,plate,7,3,,7,4,,1,102.82243076482487,25.191250156595277,,,0,1.0,30.0,104.0,24.0,,,1,1.0,30.0
1006,0,1,,0,2,tomato_cut,4.0,3,0,3,None_cut,3.3749999999999964,3,2,2,tomato,2,3,plate,2,4,,2,5,,4,0,tomato,5,0,tomato,6,0,plate,6,3,,6,4,,7,1,plate,7,3,,7,4,,1,103.70119478937923,24.302276709776883,,,0,1.0,30.0,104.0,24.0,,plate,1,1.0,30.0
1007,0,1,,0,2,tomato_cut,4.0,3,0,3,None_cut,3.3749999999999964,3,2,2,tomato,2,3,plate,2,4,,2,5,,4,0,tomato,5,0,tomato,6,0,plate,6,3,,6,4,,7,1,plate,7,3,,7,4,,1,104.0,24.0,,,0,1.0,30.0,104.0,24.0,,plate,1,1.0,30.0
1008,0,1,,0,2,tomato_cut,4.0,3,0,3,None_cut,3.3749999999999964,3,2,2,tomato,2,3,plate,2,4,,2,5,,4,0,tomato,5,0,tomato,6,0,plate,6,3,,6,4,,7,1,plate,7,3,,7,4,,1,104.0,24.0,,plate,0,1.0,30.0,104.0,24.0,,plate,1,1.0,30.0
1009,0,1,,0,2,tomato_cut,4.0,3,0,3,None_cut,3.3749999999999964,3,2,2,tomato,2,3,plate,2,4,,2,5,,4,0,tomato,5,0,tomato,6,0,plate,6,3,,6,4,,7,1,plate,7,3,,7,4,,1,104.0,24.0,,plate,0,1.0,30.0,104.0,24.0,,plate,1,1.0,30.0
1010,0,1,,0,2,tomato_cut,4.0,3,0,3,None_cut,3.3749999999999964,3,2,2,tomato,2,3,plate,2,4,,2,5,,4,0,tomato,5,0,tomato,6,0,plate,6,3,,6,4,,7,1,plate,7,3,,7,4,,1,104.0,24.0,,plate,0,1.0,30.0,104.0,24.0,,plate,1,1.0,30.0
1011,0,1,,0,2,tomato_cut,4.0,3,0,3,None_cut,3.3749999999999964,3,2,2,tomato,2,3,plate,2,4,,2,5,,4,0,tomato,5,0,tomato,6,0,plate,6,3,,6,4,,7,1,plate,7,3,,7,4,,1,104.0,24.0,,plate,0,1.0,30.0,104.0,24.0,,plate,1,1.0,30.0
1012,0,1,,0,2,tomato_cut,4.0,3,0,3,None_cut,3.3749999999999964,3,2,2,tomato,2,3,plate,2,4,,2,5,,4,0,tomato,5,0,tomato,6,0,plate,6,3,,6,4,,7,1,plate,7,3,,7,4,,1,104.0,24.0,,plate,0,1.0,30.0,104.0,24.0,,plate,1,1.0,30.0
1013,0,1,,0,2,tomato_cut,4.0,3,0,3,None_cut,3.3749999999999964,3,2,2,tomato,2,3,plate,2,4,,2,5,,4,0,tomato,5,0,tomato,6,0,plate,6,3,,6,4,,7,1,plate,7,3,,7,4,,1,104.0,24.0,,plate,0,1.0,30.0,104.0,24.0,,plate,1,1.0,30.0
1014,0,1,,0,2,tomato_cut,4.0,3,0,3,None_cut,3.3749999999999964,3,2,2,tomato,2,3,plate,2,4,,2,5,,4,0,tomato,5,0,tomato,6,0,plate,6,3,,6,4,,7,1,plate,7,3,,7,4,,1,104.0,24.0,,plate,0,1.0,30.0,104.0,24.0,,plate,1,1.0,30.0
1015,0,1,,0,2,tomato_cut,4.0,3,0,3,None_cut,3.3749999999999964,3,2,2,tomato,2,3,plate,2,4,,2,5,,4,0,tomato,5,0,tomato,6,0,plate,6,3,,6,4,,7,1,plate,7,3,,7,4,,1,104.0,24.0,,plate,0,1.0,30.0,104.0,24.0,,plate,1,1.0,30.0
1016,0,1,,0,2,tomato_cut,4.0,3,0,3,None_cut,3.3749999999999964,3,2,2,tomato,2,3,plate,2,4,,2,5,,4,0,tomato,5,0,tomato,6,0,plate,6,3,,6,4,,7,1,plate,7,3,,7,4,,1,104.0,24.0,,plate,0,1.0,30.0,104.0,24.0,,plate,1,1.0,30.0
1017,0,1,,0,2,tomato_cut,4.0,3,0,3,None_cut,3.3749999999999964,3,2,2,tomato,2,3,plate,2,4,,2,5,,4,0,tomato,5,0,tomato,6,0,plate,6,3,,6,4,,7,1,plate,7,3,,7,4,,1,104.0,24.0,,plate,0,1.0,30.0,104.0,24.0,,plate,1,1.0,30.0
1018,0,1,,0,2,tomato_cut,4.0,3,0,3,None_cut,3.3749999999999964,3,2,2,tomato,2,3,plate,2,4,,2,5,,4,0,tomato,5,0,tomato,6,0,plate,6,3,,6,4,,7,1,plate,7,3,,7,4,,1,104.0,24.0,,plate,0,1.0,30.0,104.0,24.0,,plate,1,1.0,30.0
1019,0,1,,0,2,tomato_cut,4.0,3,0,3,None_cut,3.3749999999999964,3,2,2,tomato,2,3,plate,2,4,,2,5,,4,0,tomato,5,0,tomato,6,0,plate,6,3,,6,4,,7,1,plate,7,3,,7,4,,1,104.0,24.0,,plate,0,1.0,30.0,104.0,24.0,,plate,1,1.0,30.0
1020,0,1,,0,2,tomato_cut,4.0,3,0,3,None_cut,3.3749999999999964,3,2,2,tomato,2,3,plate,2,4,,2,5,,4,0,tomato,5,0,tomato,6,0,plate,6,3,,6,4,,7,1,plate,7,3,,7,4,,1,104.0,24.0,,plate,0,1.0,30.0,104.0,24.0,,plate,1,1.0,30.0
1021,0,1,,0,2,tomato_cut,4.0,3,0,3,None_cut,3.3749999999999964,3,2,2,tomato,2,3,plate,2,4,,2,5,,4,0,tomato,5,0,tomato,6,0,plate,6,3,,6,4,,7,1,plate,7,3,,7,4,,1,104.0,24.0,,plate,0,1.0,30.0,103.11611652351695,24.88388347648305,,plate,1,1.0,30.0
1022,0,1,,0,2,tomato_cut,4.0,3,0,3,None_cut,3.3749999999999964,3,2,2,tomato,2,3,plate,2,4,,2,5,,4,0,tomato,5,0,tomato,6,0,plate,6,3,,6,4,,7,1,plate,7,3,,7,4,,1,104.0,24.0,,plate,0,1.0,30.0,102.2322330470339,25.7677669529661,,plate,1,1.0,30.0
1023,0,1,,0,2,tomato_cut,4.0,3,0,3,None_cut,3.3749999999999964,3,2,2,tomato,2,3,plate,2,4,,2,5,,4,0,tomato,5,0,tomato,6,0,plate,6,3,,6,4,,7,1,plate,7,3,,7,4,,1,104.0,24.0,,plate,0,1.0,30.0,101.34834957055085,26.65165042944915,,plate,1,1.0,30.0
1024,0,1,,0,2,tomato_cut,4.0,3,0,3,None_cut,3.3749999999999964,3,2,2,tomato,2,3,plate,2,4,,2,5,,4,0,tomato,5,0,tomato,6,0,plate,6,3,,6,4,,7,1,plate,7,3,,7,4,,1,104.0,24.0,,plate,0,1.0,30.0,100.4644660940678,27.535533905932198,,plate,1,1.0,30.0
1025,0,1,,0,2,tomato_cut,4.0,3,0,3,None_cut,3.3749999999999964,3,2,2,tomato,2,3,plate,2,4,,2,5,,4,0,tomato,5,0,tomato,6,0,plate,6,3,,6,4,,7,1,plate,7,3,,7,4,,1,104.0,24.0,,plate,0,1.0,30.0,99.58058261758475,28.419417382415247,,plate,1,1.0,30.0
1026,0,1,,0,2,tomato_cut,4.0,3,0,3,None_cut,3.3749999999999964,3,2,2,tomato,2,3,plate,2,4,,2,5,,4,0,tomato,5,0,tomato,6,0,plate,6,3,,6,4,,7,1,plate,7,3,,7,4,,1,104.0,24.0,,plate,0,1.0,30.0,98.6966991411017,29.303300858898297,,plate,1,1.0,30.0
1027,0,1,,0,2,tomato_cut,4.0,3,0,3,None_cut,3.3749999999999964,3,2,2,tomato,2,3,plate,2,4,,2,5,,4,0,tomato,5,0,tomato,6,0,plate,6,3,,6,4,,7,1,plate,7,3,,7,4,,1,104.0,24.0,,plate,0,1.0,30.0,97.81281566461865,30.187184335381346,,plate,1,1.0,30.0
1028,0,1,,0,2,tomato_cut,4.0,3,0,3,None_cut,3.3749999999999964,3,2,2,tomato,2,3,plate,2,4,,2,5,,4,0,tomato,5,0,tomato,6,0,plate,6,3,,6,4,,7,1,plate,7,3,,7,4,,1,104.0,24.0,,plate,0,1.0,30.0,96.9289321881356,31.071067811864395,,plate,1,1.0,30.0
1029,0,1,,0,2,tomato_cut,4.0,3,0,3,None_cut,3.3749999999999964,3,2,2,tomato,2,3,plate,2,4,,2,5,,4,0,tomato,5,0,tomato,6,0,plate,6,3,,6,4,,7,1,plate,7,3,,7,4,,1,104.0,24.0,,plate,0,1.0,30.0,96.04504871165256,31.954951288347445,,plate,1,1.0,30.0
1030,0,1,,0,2,tomato_cut,4.0,3,0,3,None_cut,3.3749999999999964,3,2,2,tomato,2,3,plate,2,4,,2,5,,4,0,tomato,5,0,tomato,6,0,plate,6,3,,6,4,,7,1,plate,7,3,,7,4,,1,104.0,24.0,,plate,0,1.0,30.0,95.1611652351695,32.838834764830494,,plate,1,1.0,30.0
1031,0,1,,0,2,tomato_cut,4.0,3,0,3,None_cut,3.3749999999999964,3,2,2,tomato,2,3,plate,2,4,,2,5,,4,0,tomato,5,0,tomato,6,0,plate,6,3,,6,4,,7,1,plate,7,3,,7,4,,1,104.0,24.0,,plate,0,1.0,30.0,94.27728175868646,33.722718241313544,,plate,1,1.0,30.0
1032,0,1,,0,2,tomato_cut,4.0,3,0,3,None_cut,3.3749999999999964,3,2,2,tomato,2,3,plate,2,4,,2,5,,4,0,tomato,5,0,tomato,6,0,plate,6,3,,6,4,,7,1,plate,7,3,,7,4,,1,104.0,24.0,,plate,0,1.0,30.0,93.3933982822034,34.60660171779659,,plate,1,1.0,30.0
1033,0,1,,0,2,tomato_cut,4.0,3,0,3,None_cut,3.3749999999999964,3,2,2,tomato,2,3,plate,2,4,,2,5,,4,0,tomato,5,0,tomato,6,0,plate,6,3,,6,4,,7,1,plate,7,3,,7,4,,1,104.0,24.0,,plate,0,1.0,30.0,92.50951480572036,35.49048519427964,,plate,1,1.0,30.0
1034,0,1,,0,2,tomato_cut,4.0,3,0,3,None_cut,3.3749999999999964,3,2,2,tomato,2,3,plate,2,4,,2,5,,4,0,tomato,5,0,tomato,6,0,plate,6,3,,6,4,,7,1,plate,7,3,,7,4,,1,104.0,24.0,,plate,0,1.0,30.0,91.62563132923731,36.37436867076269,,plate,1,1.0,30.0
1035,0,1,,0,2,tomato_cut,4.0,3,0,3,None_cut,3.3749999999999964,3,2,2,tomato,2,3,plate,2,4,,2,5,,4,0,tomato,5,0,tomato,6,0,plate,6,3,,6,4,,7,1,plate,7,3,,7,4,,1,104.0,24.0,,plate,0,1.0,30.0,90.74174785275426,37.25825214724574,,plate,1,1.0,30.0
1036,0,1,,0,2,tomato_cut,4.0,3,0,3,None_cut,3.3749999999999964,3,2,2,tomato,2,3,plate,2,4,,2,5,,4,0,tomato,5,0,tomato,6,0,plate,6,3,,6,4,,7,1,plate,7,3,,7,4,,1,104.0,24.0,,plate,0,1.0,30.0,89.85786437627121,38.14213562372879,,plate,1,1.0,30.0
1037,0,1,,0,2,tomato_cut,4.0,3,0,3,None_cut,3.3749999999999964,3,2,2,tomato,2,3,plate,2,4,,2,5,,4,0,tomato,5,0,tomato,6,0,plate,6,3,,6,4,,7,1,plate,7,3,,7,4,,1,104.0,24.0,,plate,0,1.0,30.0,88.97398089978816,39.02601910021184,,plate,1,1.0,30.0
1038,0,1,,0,2,tomato_cut,4.0,3,0,3,None_cut,3.3749999999999964,3,2,2,tomato,2,3,plate,2,4,,2,5,,4,0,tomato,5,0,tomato,6,0,plate,6,3,,6,4,,7,1,plate,7,3,,7,4,,1,104.0,24.0,,plate,0,1.0,30.0,88.09009742330511,39.90990257669489,,plate,1,1.0,30.0
1039,0,1,,0,2,tomato_cut,4.0,3,0,3,None_cut,3.3749999999999964,3,2,2,tomato,2,3,plate,2,4,,2,5,,4,0,tomato,5,0,tomato,6,0,plate,6,3,,6,4,,7,1,plate,7,3,,7,4,,1,104.0,24.0,,plate,0,1.0,30.0,87.20621394682206,40.79378605317794,,plate,1,1.0,30.0
1040,0,1,,0,2,tomato_cut,4.0,3,0,3,None_cut,3.3749999999999964,3,2,2,tomato,2,3,plate,2,4,,2,5,,4,0,tomato,5,0,tomato,6,0,plate,6,3,,6,4,,7,1,plate,7,3,,7,4,,1,104.0,24.0,,plate,0,1.0,30.0,86.32233047033901,41.67766952966099,,plate,1,1.0,30.0
1041,0,1,,0,2,tomato_cut,4.0,3,0,3,None_cut,3.3749999999999964,3,2,2,tomato,2,3,plate,2,4,,2,5,,4,0,tomato,5,0,tomato,6,0,plate,6,3,,6,4,,7,1,plate,7,3,,7,4,,1,104.0,24.0,,plate,0,1.0,30.0,85.43844699385596,42.56155300614404,,plate,1,1.0,30.0
1042,0,1,,0,2,tomato_cut,4.0,3,0,3,None_cut,3.3749999999999964,3,2,2,tomato,2,3,plate,2,4,,2,5,,4,0,tomato,5,0,tomato,6,0,plate,6,3,,6,4,,7,1,plate,7,3,,7,4,,1,104.0,24.0,,plate,0,1.0,30.0,84.55456351737291,43.44543648262709,,plate,1,1.0,30.0
1043,0,1,,0,2,tomato_cut,4.0,3,0,3,None_cut,3.3749999999999964,3,2,2,tomato,2,3,plate,2,4,,2,5,,4,0,tomato,5,0,tomato,6,0,plate,6,3,,6,4,,7,1,plate,7,3,,7,4,,1,104.0,24.0,,plate,0,1.0,30.0,83.67068004088986,44.32931995911014,,plate,1,1.0,30.0
1044,0,1,,0,2,tomato_cut,4.0,3,0,3,None_cut,3.3749999999999964,3,2,2,tomato,2,3,plate,2,4,,2,5,,4,0,tomato,5,0,tomato,6,0,plate,6,3,,6,4,,7,1,plate,7,3,,7,4,,1,104.0,24.0,,plate,0,1.0,30.0,82.78679656440681,45.213203435593186,,plate,1,1.0,30.0
1045,0,1,,0,2,tomato_cut,4.0,3,0,3,None_cut,3.3749999999999964,3,2,2,tomato,2,3,plate,2,4,,2,5,,4,0,tomato,5,0,tomato,6,0,plate,6,3,,6,4,,7,1,plate,7,3,,7,4,,1,104.0,24.0,,plate,0,1.0,30.0,81.90291308792376,46.097086912076236,,plate,1,1.0,30.0
1046,0,1,,0,2,tomato_cut,4.0,3,0,3,None_cut,3.3749999999999964,3,2,2,tomato,2,3,plate,2,4,,2,5,,4,0,tomato,5,0,tomato,6,0,plate,6,3,,6,4,,7,1,plate,7,3,,7,4,,1,104.0,24.0,,plate,0,1.0,30.0,81.01902961144071,46.980970388559285,,plate,1,1.0,30.0
1047,0,1,,0,2,tomato_cut,4.0,3,0,3,None_cut,3.3749999999999964,3,2,2,tomato,2,3,plate,2,4,,2,5,,4,0,tomato,5,0,tomato,6,0,plate,6,3,,6,4,,7,1,plate,7,3,,7,4,,1,104.0,24.0,,plate,0,1.0,30.0,80.13514613495767,47.864853865042335,,plate,1,1.0,30.0
1048,0,1,,0,2,tomato_cut,4.0,3,0,3,None_cut,3.3749999999999964,3,2,2,tomato,2,3,plate,2,4,,2,5,,4,0,tomato,5,0,tomato,6,0,plate,6,3,,6,4,,7,1,plate,7,3,,7,4,,1,104.0,24.0,,plate,0,1.0,30.0,79.25126265847462,48.748737341525384,,plate,1,1.0,30.0
1049,0,1,,0,2,tomato_cut,4.0,3,0,3,None_cut,3.3749999999999964,3,2,2,tomato,2,3,plate,2,4,,2,5,,4,0,tomato,5,0,tomato,6,0,plate,6,3,,6,4,,7,1,plate,7,3,,7,4,,1,104.0,24.0,,plate,0,1.0,30.0,78.36737918199157,49.632620818008434,,plate,1,1.0,30.0
1050,0,1,,0,2,tomato_cut,4.0,3,0,3,None_cut,3.3749999999999964,3,2,2,tomato,2,3,plate,2,4,,2,5,,4,0,tomato,5,0,tomato,6,0,plate,6,3,,6,4,,7,1,plate,7,3,,7,4,,1,104.0,24.0,,plate,0,1.0,30.0,77.48349570550852,50.51650429449148,,plate,1,1.0,30.0
1051,0,1,,0,2,tomato_cut,4.0,3,0,3,None_cut,3.3749999999999964,3,2,2,tomato,2,3,plate,2,4,,2,5,,4,0,tomato,5,0,tomato,6,0,plate,6,3,,6,4,,7,1,plate,7,3,,7,4,,1,104.0,24.0,,plate,0,1.0,30.0,76.59961222902547,51.40038777097453,,plate,1,1.0,30.0
1052,0,1,,0,2,tomato_cut,4.0,3,0,3,None_cut,3.3749999999999964,3,2,2,tomato,2,3,plate,2,4,,2,5,,4,0,tomato,5,0,tomato,6,0,plate,6,3,,6,4,,7,1,plate,7,3,,7,4,,1,104.0,24.0,,plate,0,1.0,30.0,75.71572875254242,52.28427124745758,,plate,1,1.0,30.0
1053,0,1,,0,2,tomato_cut,4.0,3,0,3,None_cut,3.3749999999999964,3,2,2,tomato,2,3,plate,2,4,,2,5,,4,0,tomato,5,0,tomato,6,0,plate,6,3,,6,4,,7,1,plate,7,3,,7,4,,1,104.0,24.0,,plate,0,1.0,30.0,74.83184527605937,53.16815472394063,,plate,1,1.0,30.0
1054,0,1,,0,2,tomato_cut,4.0,3,0,3,None_cut,3.3749999999999964,3,2,2,tomato,2,3,plate,2,4,,2,5,,4,0,tomato,5,0,tomato,6,0,plate,6,3,,6,4,,7,1,plate,7,3,,7,4,,1,104.0,24.0,,plate,0,1.0,30.0,73.94796179957632,54.05203820042368,,plate,1,1.0,30.0
1055,0,1,,0,2,tomato_cut,4.0,3,0,3,None_cut,3.3749999999999964,3,2,2,tomato,2,3,plate,2,4,,2,5,,4,0,tomato,5,0,tomato,6,0,plate,6,3,,6,4,,7,1,plate,7,3,,7,4,,1,104.0,24.0,,plate,0,1.0,30.0,73.06407832309327,54.93592167690673,,plate,1,1.0,30.0
1056,0,1,,0,2,tomato_cut,4.0,3,0,3,None_cut,3.3749999999999964,3,2,2,tomato,2,3,plate,2,4,,2,5,,4,0,tomato,5,0,tomato,6,0,plate,6,3,,6,4,,7,1,plate,7,3,,7,4,,1,104.0,24.0,,plate,0,1.0,30.0,72.18019484661022,55.81980515338978,,plate,1,1.0,30.0
1057,0,1,,0,2,tomato_cut,4.0,3,0,3,None_cut,3.3749999999999964,3,2,2,tomato,2,3,plate,2,4,,2,5,,4,0,tomato,5,0,tomato,6,0,plate,6,3,,6,4,,7,1,plate,7,3,,7,4,,1,104.0,24.0,,plate,0,1.0,30.0,71.29631137012717,56.70368862987283,,plate,1,1.0,30.0
1058,0,1,,0,2,tomato_cut,4.0,3,0,3,None_cut,3.3749999999999964,3,2,2,tomato,2,3,plate,2,4,,2,5,,4,0,tomato,5,0,tomato,6,0,plate,6,3,,6,4,,7,1,plate,7,3,,7,4,,1,104.0,24.0,,plate,0,1.0,30.0,70.41242789364412,57.58757210635588,,plate,1,1.0,30.0
1059,0,1,,0,2,tomato_cut,4.0,3,0,3,None_cut,3.3749999999999964,3,2,2,tomato,2,3,plate,2,4,,2,5,,4,0,tomato,5,0,tomato,6,0,plate,6,3,,6,4,,7,1,plate,7,3,,7,4,,1,104.0,24.0,,plate,0,1.0,30.0,69.52854441716107,58.47145558283893,,plate,1,1.0,30.0
1060,0,1,,0,2,tomato_cut,4.0,3,0,3,None_cut,3.3749999999999964,3,2,2,tomato,2,3,plate,2,4,,2,5,,4,0,tomato,5,0,tomato,6,0,plate,6,3,,6,4,,7,1,plate,7,3,,7,4,,1,104.0,24.0,,plate,0,1.0,30.0,68.64466094067802,59.35533905932198,,plate,1,1.0,30.0
1061,0,1,,0,2,tomato_cut,4.0,3,0,3,None_cut,3.3749999999999964,3,2,2,tomato,2,3,plate,2,4,,2,5,,4,0,tomato,5,0,tomato,6,0,plate,6,3,,6,4,,7,1,plate,7,3,,7,4,,1,104.0,24.0,,plate,0,1.0,30.0,67.76077746419497,60.23922253580503,,plate,1,1.0,30.0
1062,0,1,,0,2,tomato_cut,4.0,3,0,3,None_cut,3.3749999999999964,3,2,2,tomato,2,3,plate,2,4,,2,5,,4,0,tomato,5,0,tomato,6,0,plate,6,3,,6,4,,7,1,plate,7,3,,7,4,,1,104.0,24.0,,plate,0,1.0,30.0,66.87689398771192,61.123106012288076,,plate,1,1.0,30.0
1063,0,1,,0,2,tomato_cut,4.0,3,0,3,None_cut,3.3749999999999964,3,2,2,tomato,2,3,plate,2,4,,2,5,,4,0,tomato,5,0,tomato,6,0,plate,6,3,,6,4,,7,1,plate,7,3,,7,4,,1,104.0,24.0,,plate,0,1.0,30.0,65.99301051122887,62.006989488771126,,plate,1,1.0,30.0
1064,0,1,,0,2,tomato_cut,4.0,3,0,3,None_cut,3.3749999999999964,3,2,2,tomato,2,3,plate,2,4,,2,5,,4,0,tomato,5,0,tomato,6,0,plate,6,3,,6,4,,7,1,plate,7,3,,7,4,,1,104.0,24.0,,plate,0,1.0,30.0,65.10912703474582,62.890872965254175,,plate,1,1.0,30.0
1065,0,1,,0,2,tomato_cut,4.0,3,0,3,None_cut,3.3749999999999964,3,2,2,tomato,2,3,plate,2,4,,2,5,,4,0,tomato,5,0,tomato,6,0,plate,6,3,,6,4,,7,1,plate,7,3,,7,4,,1,104.0,24.0,,plate,0,1.0,30.0,64.22524355826278,63.774756441737225,,plate,1,1.0,30.0
1066,0,1,,0,2,tomato_cut,4.0,3,0,3,None_cut,3.3749999999999964,3,2,2,tomato,2,3,plate,2,4,,2,5,,4,0,tomato,5,0,tomato,6,0,plate,6,3,,6,4,,7,1,plate,7,3,,7,4,,1,104.0,24.0,,plate,0,1.0,30.0,63.341360081779726,64.65863991822027,,plate,1,1.0,30.0
1067,0,1,,0,2,tomato_cut,4.0,3,0,3,None_cut,3.3749999999999964,3,2,2,tomato,2,3,plate,2,4,,2,5,,4,0,tomato,5,0,tomato,6,0,plate,6,3,,6,4,,7,1,plate,7,3,,7,4,,1,104.0,24.0,,plate,0,1.0,30.0,62.45747660529668,65.54252339470332,,plate,1,1.0,30.0
1068,0,1,,0,2,tomato_cut,4.0,3,0,3,None_cut,3.3749999999999964,3,2,2,tomato,2,3,plate,2,4,,2,5,,4,0,tomato,5,0,tomato,6,0,plate,6,3,,6,4,,7,1,plate,7,3,,7,4,,1,104.0,24.0,,plate,0,1.0,30.0,61.57359312881363,66.42640687118637,,plate,1,1.0,30.0
1069,0,1,,0,2,tomato_cut,4.0,3,0,3,None_cut,3.3749999999999964,3,2,2,tomato,2,3,plate,2,4,,2,5,,4,0,tomato,5,0,tomato,6,0,plate,6,3,,6,4,,7,1,plate,7,3,,7,4,,1,104.0,24.0,,plate,0,1.0,30.0,60.68970965233058,67.31029034766942,,plate,1,1.0,30.0
1070,0,1,,0,2,tomato_cut,4.0,3,0,3,None_cut,3.3749999999999964,3,2,2,tomato,2,3,plate,2,4,,2,5,,4,0,tomato,5,0,tomato,6,0,plate,6,3,,6,4,,7,1,plate,7,3,,7,4,,1,104.0,24.0,,plate,0,1.0,30.0,59.80582617584753,68.19417382415247,,plate,1,1.0,30.0
1071,0,1,,0,2,tomato_cut,4.0,3,0,3,None_cut,3.3749999999999964,3,2,2,tomato,2,3,plate,2,4,,2,5,,4,0,tomato,5,0,tomato,6,0,plate,6,3,,6,4,,7,1,plate,7,3,,7,4,,1,104.0,24.0,,plate,0,1.0,30.0,58.92194269936448,69.07805730063552,,plate,1,1.0,30.0
1072,0,1,,0,2,tomato_cut,4.0,3,0,3,None_cut,3.3749999999999964,3,2,2,tomato,2,3,plate,2,4,,2,5,,4,0,tomato,5,0,tomato,6,0,plate,6,3,,6,4,,7,1,plate,7,3,,7,4,,1,104.0,24.0,,plate,0,1.0,30.0,58.03805922288143,69.96194077711857,,plate,1,1.0,30.0
1073,0,1,,0,2,tomato_cut,4.0,3,0,3,None_cut,3.3749999999999964,3,2,2,tomato,2,3,plate,2,4,,2,5,,4,0,tomato,5,0,tomato,6,0,plate,6,3,,6,4,,7,1,plate,7,3,,7,4,,1,104.0,24.0,,plate,0,1.0,30.0,57.15417574639838,70.84582425360162,,plate,1,1.0,30.0
1074,0,1,,0,2,tomato_cut,4.0,3,0,3,None_cut,3.3749999999999964,3,2,2,tomato,2,3,plate,2,4,,2,5,,4,0,tomato,5,0,tomato,6,0,plate,6,3,,6,4,,7,1,plate,7,3,,7,4,,1,104.0,24.0,,plate,0,1.0,30.0,56.27029226991533,71.72970773008467,,plate,1,1.0,30.0
1075,0,1,,0,2,tomato_cut,4.0,3,0,3,None_cut,3.3749999999999964,3,2,2,tomato,2,3,plate,2,4,,2,5,,4,0,tomato,5,0,tomato,6,0,plate,6,3,,6,4,,7,1,plate,7,3,,7,4,,1,104.0,24.0,,plate,0,1.0,30.0,56.0,72.0,,plate,1,1.0,30.0
1076,0,1,,0,2,tomato_cut,4.0,3,0,3,None_cut,3.3749999999999964,3,2,2,tomato,2,3,plate,2,4,plate,2,5,,4,0,tomato,5,0,tomato,6,0,plate,6,3,,6,4,,7,1,plate,7,3,,7,4,,1,104.0,24.0,,plate,0,1.0,30.0,56.0,72.0,,,1,1.0,30.0
1077,0,1,,0,2,tomato_cut,4.0,3,0,3,None_cut,3.3749999999999964,3,2,2,tomato,2,3,plate,2,4,plate,2,5,,4,0,tomato,5,0,tomato,6,0,plate,6,3,,6,4,,7,1,plate,7,3,,7,4,,1,104.0,24.0,,plate,0,1.0,30.0,56.0,72.0,,,1,1.0,30.0
1078,0,1,,0,2,tomato_cut,4.0,3,0,3,None_cut,3.3749999999999964,3,2,2,tomato,2,3,plate,2,4,plate,2,5,,4,0,tomato,5,0,tomato,6,0,plate,6,3,,6,4,,7,1,plate,7,3,,7,4,,1,104.0,24.0,,plate,0,1.0,30.0,56.0,72.0,,,1,1.0,30.0
1079,0,1,,0,2,tomato_cut,4.0,3,0,3,None_cut,3.3749999999999964,3,2,2,tomato,2,3,plate,2,4,plate,2,5,,4,0,tomato,5,0,tomato,6,0,plate,6,3,,6,4,,7,1,plate,7,3,,7,4,,1,104.0,24.0,,plate,0,1.0,30.0,56.0,72.0,,,1,1.0,30.0
1080,0,1,,0,2,tomato_cut,4.0,3,0,3,None_cut,3.3749999999999964,3,2,2,tomato,2,3,plate,2,4,plate,2,5,,4,0,tomato,5,0,tomato,6,0,plate,6,3,,6,4,,7,1,plate,7,3,,7,4,,1,104.0,24.0,,plate,0,1.0,30.0,56.0,72.0,,,1,1.0,30.0
1081,0,1,,0,2,tomato_cut,4.0,3,0,3,None_cut,3.3749999999999964,3,2,2,tomato,2,3,plate,2,4,plate,2,5,,4,0,tomato,5,0,tomato,6,0,plate,6,3,,6,4,,7,1,plate,7,3,,7,4,,1,104.0,24.0,,plate,0,1.0,30.0,56.0,72.0,,,1,1.0,30.0
1082,0,1,,0,2,tomato_cut,4.0,3,0,3,None_cut,3.3749999999999964,3,2,2,tomato,2,3,plate,2,4,plate,2,5,,4,0,tomato,5,0,tomato,6,0,plate,6,3,,6,4,,7,1,plate,7,3,,7,4,,1,104.0,24.0,,plate,0,1.0,30.0,56.0,72.0,,,1,1.0,30.0
1083,0,1,,0,2,tomato_cut,4.0,3,0,3,None_cut,3.3749999999999964,3,2,2,tomato,2,3,plate,2,4,plate,2,5,,4,0,tomato,5,0,tomato,6,0,plate,6,3,,6,4,,7,1,plate,7,3,,7,4,,1,104.0,24.0,,plate,0,1.0,30.0,56.0,72.0,,,1,1.0,30.0
1084,0,1,,0,2,tomato_cut,4.0,3,0,3,None_cut,3.3749999999999964,3,2,2,tomato,2,3,plate,2,4,plate,2,5,,4,0,tomato,5,0,tomato,6,0,plate,6,3,,6,4,,7,1,plate,7,3,,7,4,,1,104.0,24.0,,plate,0,1.0,30.0,56.0,72.0,,,1,1.0,30.0
1085,0,1,,0,2,tomato_cut,4.0,3,0,3,None_cut,3.3749999999999964,3,2,2,tomato,2,3,plate,2,4,plate,2,5,,4,0,tomato,5,0,tomato,6,0,plate,6,3,,6,4,,7,1,plate,7,3,,7,4,,1,104.0,24.0,,plate,0,1.0,30.0,56.0,72.0,,,1,1.0,30.0
1086,0,1,,0,2,tomato_cut,4.0,3,0,3,None_cut,3.3749999999999964,3,2,2,tomato,2,3,plate,2,4,plate,2,5,,4,0,tomato,5,0,tomato,6,0,plate,6,3,,6,4,,7,1,plate,7,3,,7,4,,1,104.0,24.0,,plate,0,1.0,30.0,56.0,72.0,,,1,1.0,30.0
1087,0,1,,0,2,tomato_cut,4.0,3,0,3,None_cut,3.3749999999999964,3,2,2,tomato,2,3,plate,2,4,plate,2,5,,4,0,tomato,5,0,tomato,6,0,plate,6,3,,6,4,,7,1,plate,7,3,,7,4,,1,104.0,24.0,,plate,0,1.0,30.0,56.0,72.0,,,1,1.0,30.0
1088,0,1,,0,2,tomato_cut,4.0,3,0,3,None_cut,3.3749999999999964,3,2,2,tomato,2,3,plate,2,4,plate,2,5,,4,0,tomato,5,0,tomato,6,0,plate,6,3,,6,4,,7,1,plate,7,3,,7,4,,1,104.0,24.0,,plate,0,1.0,30.0,56.0,72.0,,,1,1.0,30.0
1089,0,1,,0,2,tomato_cut,4.0,3,0,3,None_cut,3.3749999999999964,3,2,2,tomato,2,3,plate,2,4,plate,2,5,,4,0,tomato,5,0,tomato,6,0,plate,6,3,,6,4,,7,1,plate,7,3,,7,4,,1,104.0,24.0,,plate,0,1.0,30.0,56.0,72.0,,,1,1.0,30.0
1090,0,1,,0,2,tomato_cut,4.0,3,0,3,None_cut,3.3749999999999964,3,2,2,tomato,2,3,plate,2,4,plate,2,5,,4,0,tomato,5,0,tomato,6,0,plate,6,3,,6,4,,7,1,plate,7,3,,7,4,,1,104.0,24.0,,plate,0,1.0,30.0,56.0,72.0,,,1,1.0,30.0
1091,0,1,,0,2,tomato_cut,4.0,3,0,3,None_cut,3.3749999999999964,3,2,2,tomato,2,3,plate,2,4,plate,2,5,,4,0,tomato,5,0,tomato,6,0,plate,6,3,,6,4,,7,1,plate,7,3,,7,4,,1,104.0,24.0,,plate,0,1.0,30.0,56.0,72.0,,,1,1.0,30.0
1092,0,1,,0,2,tomato_cut,4.0,3,0,3,None_cut,3.3749999999999964,3,2,2,tomato,2,3,plate,2,4,plate,2,5,,4,0,tomato,5,0,tomato,6,0,plate,6,3,,6,4,,7,1,plate,7,3,,7,4,,1,104.0,24.0,,plate,0,1.0,30.0,56.0,72.0,,,1,1.0,30.0
1093,0,1,,0,2,tomato_cut,4.0,3,0,3,None_cut,3.3749999999999964,3,2,2,tomato,2,3,plate,2,4,plate,2,5,,4,0,tomato,5,0,tomato,6,0,plate,6,3,,6,4,,7,1,plate,7,3,,7,4,,1,104.0,24.0,,plate,0,1.0,30.0,56.0,72.0,,,1,1.0,30.0
1094,0,1,,0,2,tomato_cut,4.0,3,0,3,None_cut,3.3749999999999964,3,2,2,tomato,2,3,plate,2,4,plate,2,5,,4,0,tomato,5,0,tomato,6,0,plate,6,3,,6,4,,7,1,plate,7,3,,7,4,,1,104.0,24.0,,plate,0,1.0,30.0,56.0,72.0,,,1,1.0,30.0
1095,0,1,,0,2,tomato_cut,4.0,3,0,3,None_cut,3.3749999999999964,3,2,2,tomato,2,3,plate,2,4,plate,2,5,,4,0,tomato,5,0,tomato,6,0,plate,6,3,,6,4,,7,1,plate,7,3,,7,4,,1,104.0,24.0,,plate,0,1.0,30.0,56.0,72.0,,,1,1.0,30.0
1096,0,1,,0,2,tomato_cut,4.0,3,0,3,None_cut,3.3749999999999964,3,2,2,tomato,2,3,plate,2,4,plate,2,5,,4,0,tomato,5,0,tomato,6,0,plate,6,3,,6,4,,7,1,plate,7,3,,7,4,,1,104.0,24.0,,plate,0,1.0,30.0,56.0,72.0,,,1,1.0,30.0
1097,0,1,,0,2,tomato_cut,4.0,3,0,3,None_cut,3.3749999999999964,3,2,2,tomato,2,3,plate,2,4,plate,2,5,,4,0,tomato,5,0,tomato,6,0,plate,6,3,,6,4,,7,1,plate,7,3,,7,4,,1,104.0,24.0,,plate,0,1.0,30.0,56.0,72.0,,,1,1.0,30.0
1098,0,1,,0,2,tomato_cut,4.0,3,0,3,None_cut,3.3749999999999964,3,2,2,tomato,2,3,plate,2,4,plate,2,5,,4,0,tomato,5,0,tomato,6,0,plate,6,3,,6,4,,7,1,plate,7,3,,7,4,,1,104.0,24.0,,plate,0,1.0,30.0,56.0,72.0,,,1,1.0,30.0
1099,0,1,,0,2,tomato_cut,4.0,3,0,3,None_cut,3.3749999999999964,3,2,2,tomato,2,3,plate,2,4,plate,2,5,,4,0,tomato,5,0,tomato,6,0,plate,6,3,,6,4,,7,1,plate,7,3,,7,4,,1,104.0,24.0,,plate,0,1.0,30.0,56.0,72.0,,,1,1.0,30.0
1100,0,1,,0,2,tomato_cut,4.0,3,0,3,None_cut,3.3749999999999964,3,2,2,tomato,2,3,plate,2,4,plate,2,5,,4,0,tomato,5,0,tomato,6,0,plate,6,3,,6,4,,7,1,plate,7,3,,7,4,,1,104.0,24.0,,plate,0,1.0,30.0,56.0,72.0,,,1,1.0,30.0
1101,0,1,,0,2,tomato_cut,4.0,3,0,3,None_cut,3.3749999999999964,3,2,2,tomato,2,3,plate,2,4,plate,2,5,,4,0,tomato,5,0,tomato,6,0,plate,6,3,,6,4,,7,1,plate,7,3,,7,4,,1,104.0,24.0,,plate,0,1.0,30.0,56.0,72.0,,,1,1.0,30.0
1102,0,1,,0,2,tomato_cut,4.0,3,0,3,None_cut,3.3749999999999964,3,2,2,tomato,2,3,plate,2,4,plate,2,5,,4,0,tomato,5,0,tomato,6,0,plate,6,3,,6,4,,7,1,plate,7,3,,7,4,,1,104.0,24.0,,plate,0,1.0,30.0,56.88388347648305,71.11611652351695,,,1,1.0,30.0
1103,0,1,,0,2,tomato_cut,4.0,3,0,3,None_cut,3.3749999999999964,3,2,2,tomato,2,3,plate,2,4,plate,2,5,,4,0,tomato,5,0,tomato,6,0,plate,6,3,,6,4,,7,1,plate,7,3,,7,4,,1,104.0,24.0,,plate,0,1.0,30.0,57.7677669529661,70.2322330470339,,,1,1.0,30.0
1104,0,1,,0,2,tomato_cut,4.0,3,0,3,None_cut,3.3749999999999964,3,2,2,tomato,2,3,plate,2,4,plate,2,5,,4,0,tomato,5,0,tomato,6,0,plate,6,3,,6,4,,7,1,plate,7,3,,7,4,,1,104.0,24.0,,plate,0,1.0,30.0,58.65165042944915,69.34834957055085,,,1,1.0,30.0
1105,0,1,,0,2,tomato_cut,4.0,3,0,3,None_cut,3.3749999999999964,3,2,2,tomato,2,3,plate,2,4,plate,2,5,,4,0,tomato,5,0,tomato,6,0,plate,6,3,,6,4,,7,1,plate,7,3,,7,4,,1,104.0,24.0,,plate,0,1.0,30.0,59.5355339059322,68.4644660940678,,,1,1.0,30.0
1106,0,1,,0,2,tomato_cut,4.0,3,0,3,None_cut,3.3749999999999964,3,2,2,tomato,2,3,plate,2,4,plate,2,5,,4,0,tomato,5,0,tomato,6,0,plate,6,3,,6,4,,7,1,plate,7,3,,7,4,,1,104.0,24.0,,plate,0,1.0,30.0,60.41941738241525,67.58058261758475,,,1,1.0,30.0
1107,0,1,,0,2,tomato_cut,4.0,3,0,3,None_cut,3.3749999999999964,3,2,2,tomato,2,3,plate,2,4,plate,2,5,,4,0,tomato,5,0,tomato,6,0,plate,6,3,,6,4,,7,1,plate,7,3,,7,4,,1,104.0,24.0,,plate,0,1.0,30.0,61.3033008588983,66.6966991411017,,,1,1.0,30.0
1108,0,1,,0,2,tomato_cut,4.0,3,0,3,None_cut,3.3749999999999964,3,2,2,tomato,2,3,plate,2,4,plate,2,5,,4,0,tomato,5,0,tomato,6,0,plate,6,3,,6,4,,7,1,plate,7,3,,7,4,,1,104.0,24.0,,plate,0,1.0,30.0,62.187184335381346,65.81281566461865,,,1,1.0,30.0
1109,0,1,,0,2,tomato_cut,4.0,3,0,3,None_cut,3.3749999999999964,3,2,2,tomato,2,3,plate,2,4,plate,2,5,,4,0,tomato,5,0,tomato,6,0,plate,6,3,,6,4,,7,1,plate,7,3,,7,4,,1,104.0,24.0,,plate,0,1.0,30.0,63.071067811864395,64.9289321881356,,,1,1.0,30.0
1110,0,1,,0,2,tomato_cut,4.0,3,0,3,None_cut,3.3749999999999964,3,2,2,tomato,2,3,plate,2,4,plate,2,5,,4,0,tomato,5,0,tomato,6,0,plate,6,3,,6,4,,7,1,plate,7,3,,7,4,,1,104.0,24.0,,plate,0,1.0,30.0,63.954951288347445,64.04504871165256,,,1,1.0,30.0
1111,0,1,,0,2,tomato_cut,4.0,3,0,3,None_cut,3.3749999999999964,3,2,2,tomato,2,3,plate,2,4,plate,2,5,,4,0,tomato,5,0,tomato,6,0,plate,6,3,,6,4,,7,1,plate,7,3,,7,4,,1,104.0,24.0,,plate,0,1.0,30.0,64.8388347648305,63.161165235169506,,,1,1.0,30.0
1112,0,1,,0,2,tomato_cut,4.0,3,0,3,None_cut,3.3749999999999964,3,2,2,tomato,2,3,plate,2,4,plate,2,5,,4,0,tomato,5,0,tomato,6,0,plate,6,3,,6,4,,7,1,plate,7,3,,7,4,,1,104.0,24.0,,plate,0,1.0,30.0,65.72271824131354,62.277281758686456,,,1,1.0,30.0
1113,0,1,,0,2,tomato_cut,4.0,3,0,3,None_cut,3.3749999999999964,3,2,2,tomato,2,3,plate,2,4,plate,2,5,,4,0,tomato,5,0,tomato,6,0,plate,6,3,,6,4,,7,1,plate,7,3,,7,4,,1,104.0,24.0,,plate,0,1.0,30.0,66.6066017177966,61.39339828220341,,,1,1.0,30.0
1114,0,1,,0,2,tomato_cut,4.0,3,0,3,None_cut,3.3749999999999964,3,2,2,tomato,2,3,plate,2,4,plate,2,5,,4,0,tomato,5,0,tomato,6,0,plate,6,3,,6,4,,7,1,plate,7,3,,7,4,,1,104.0,24.0,,plate,0,1.0,30.0,67.49048519427964,60.50951480572036,,,1,1.0,30.0
1115,0,1,,0,2,tomato_cut,4.0,3,0,3,None_cut,3.3749999999999964,3,2,2,tomato,2,3,plate,2,4,plate,2,5,,4,0,tomato,5,0,tomato,6,0,plate,6,3,,6,4,,7,1,plate,7,3,,7,4,,1,104.0,24.0,,plate,0,1.0,30.0,68.37436867076269,59.62563132923731,,,1,1.0,30.0
1116,0,1,,0,2,tomato_cut,4.0,3,0,3,None_cut,3.3749999999999964,3,2,2,tomato,2,3,plate,2,4,plate,2,5,,4,0,tomato,5,0,tomato,6,0,plate,6,3,,6,4,,7,1,plate,7,3,,7,4,,1,104.0,24.0,,plate,0,1.0,30.0,69.25825214724574,58.74174785275426,,,1,1.0,30.0
1117,0,1,,0,2,tomato_cut,4.0,3,0,3,None_cut,3.3749999999999964,3,2,2,tomato,2,3,plate,2,4,plate,2,5,,4,0,tomato,5,0,tomato,6,0,plate,6,3,,6,4,,7,1,plate,7,3,,7,4,,1,104.0,24.0,,plate,0,1.0,30.0,70.14213562372879,57.85786437627121,,,1,1.0,30.0
1118,0,1,,0,2,tomato_cut,4.0,3,0,3,None_cut,3.3749999999999964,3,2,2,tomato,2,3,plate,2,4,plate,2,5,,4,0,tomato,5,0,tomato,6,0,plate,6,3,,6,4,,7,1,plate,7,3,,7,4,,1,104.0,24.0,,plate,0,1.0,30.0,71.02601910021184,56.97398089978816,,,1,1.0,30.0
1119,0,1,,0,2,tomato_cut,4.0,3,0,3,None_cut,3.3749999999999964,3,2,2,tomato,2,3,plate,2,4,plate,2,5,,4,0,tomato,5,0,tomato,6,0,plate,6,3,,6,4,,7,1,plate,7,3,,7,4,,1,104.0,24.0,,plate,0,1.0,30.0,71.90990257669489,56.09009742330511,,,1,1.0,30.0
1120,0,1,,0,2,tomato_cut,4.0,3,0,3,None_cut,3.3749999999999964,3,2,2,tomato,2,3,plate,2,4,plate,2,5,,4,0,tomato,5,0,tomato,6,0,plate,6,3,,6,4,,7,1,plate,7,3,,7,4,,1,104.0,24.0,,plate,0,1.0,30.0,72.79378605317794,55.20621394682206,,,1,1.0,30.0
1121,0,1,,0,2,tomato_cut,4.0,3,0,3,None_cut,3.3749999999999964,3,2,2,tomato,2,3,plate,2,4,plate,2,5,,4,0,tomato,5,0,tomato,6,0,plate,6,3,,6,4,,7,1,plate,7,3,,7,4,,1,104.0,24.0,,plate,0,1.0,30.0,73.67766952966099,54.32233047033901,,,1,1.0,30.0
1122,0,1,,0,2,tomato_cut,4.0,3,0,3,None_cut,3.3749999999999964,3,2,2,tomato,2,3,plate,2,4,plate,2,5,,4,0,tomato,5,0,tomato,6,0,plate,6,3,,6,4,,7,1,plate,7,3,,7,4,,1,104.0,24.0,,plate,0,1.0,30.0,74.56155300614404,53.43844699385596,,,1,1.0,30.0
1123,0,1,,0,2,tomato_cut,4.0,3,0,3,None_cut,3.3749999999999964,3,2,2,tomato,2,3,plate,2,4,plate,2,5,,4,0,tomato,5,0,tomato,6,0,plate,6,3,,6,4,,7,1,plate,7,3,,7,4,,1,104.0,24.0,,plate,0,1.0,30.0,75.44543648262709,52.55456351737291,,,1,1.0,30.0
1124,0,1,,0,2,tomato_cut,4.0,3,0,3,None_cut,3.3749999999999964,3,2,2,tomato,2,3,plate,2,4,plate,2,5,,4,0,tomato,5,0,tomato,6,0,plate,6,3,,6,4,,7,1,plate,7,3,,7,4,,1,104.0,24.0,,plate,0,1.0,30.0,76.32931995911014,51.67068004088986,,,1,1.0,30.0
1125,0,1,,0,2,tomato_cut,4.0,3,0,3,None_cut,3.3749999999999964,3,2,2,tomato,2,3,plate,2,4,plate,2,5,,4,0,tomato,5,0,tomato,6,0,plate,6,3,,6,4,,7,1,plate,7,3,,7,4,,1,104.0,24.0,,plate,0,1.0,30.0,77.21320343559319,50.786796564406814,,,1,1.0,30.0
1126,0,1,,0,2,tomato_cut,4.0,3,0,3,None_cut,3.3749999999999964,3,2,2,tomato,2,3,plate,2,4,plate,2,5,,4,0,tomato,5,0,tomato,6,0,plate,6,3,,6,4,,7,1,plate,7,3,,7,4,,1,104.0,24.0,,plate,0,1.0,30.0,78.09708691207624,49.902913087923764,,,1,1.0,30.0
1127,0,1,,0,2,tomato_cut,4.0,3,0,3,None_cut,3.3749999999999964,3,2,2,tomato,2,3,plate,2,4,plate,2,5,,4,0,tomato,5,0,tomato,6,0,plate,6,3,,6,4,,7,1,plate,7,3,,7,4,,1,104.0,24.0,,plate,0,1.0,30.0,78.98097038855929,49.019029611440715,,,1,1.0,30.0
1128,0,1,,0,2,tomato_cut,4.0,3,0,3,None_cut,3.3749999999999964,3,2,2,tomato,2,3,plate,2,4,plate,2,5,,4,0,tomato,5,0,tomato,6,0,plate,6,3,,6,4,,7,1,plate,7,3,,7,4,,1,104.0,24.0,,plate,0,1.0,30.0,79.86485386504233,48.135146134957665,,,1,1.0,30.0
1129,0,1,,0,2,tomato_cut,4.0,3,0,3,None_cut,3.3749999999999964,3,2,2,tomato,2,3,plate,2,4,plate,2,5,,4,0,tomato,5,0,tomato,6,0,plate,6,3,,6,4,,7,1,plate,7,3,,7,4,,1,104.0,24.0,,plate,0,1.0,30.0,80.74873734152538,47.251262658474616,,,1,1.0,30.0
1130,0,1,,0,2,tomato_cut,4.0,3,0,3,None_cut,3.3749999999999964,3,2,2,tomato,2,3,plate,2,4,plate,2,5,,4,0,tomato,5,0,tomato,6,0,plate,6,3,,6,4,,7,1,plate,7,3,,7,4,,1,104.0,24.0,,plate,0,1.0,30.0,81.63262081800843,46.367379181991566,,,1,1.0,30.0
1131,0,1,,0,2,tomato_cut,4.0,3,0,3,None_cut,3.3749999999999964,3,2,2,tomato,2,3,plate,2,4,plate,2,5,,4,0,tomato,5,0,tomato,6,0,plate,6,3,,6,4,,7,1,plate,7,3,,7,4,,1,104.0,24.0,,plate,0,1.0,30.0,82.51650429449148,45.48349570550852,,,1,1.0,30.0
1132,0,1,,0,2,tomato_cut,4.0,3,0,3,None_cut,3.3749999999999964,3,2,2,tomato,2,3,plate,2,4,plate,2,5,,4,0,tomato,5,0,tomato,6,0,plate,6,3,,6,4,,7,1,plate,7,3,,7,4,,1,104.0,24.0,,plate,0,1.0,30.0,83.40038777097453,44.59961222902547,,,1,1.0,30.0
1133,0,1,,0,2,tomato_cut,4.0,3,0,3,None_cut,3.3749999999999964,3,2,2,tomato,2,3,plate,2,4,plate,2,5,,4,0,tomato,5,0,tomato,6,0,plate,6,3,,6,4,,7,1,plate,7,3,,7,4,,1,104.0,24.0,,plate,0,1.0,30.0,84.28427124745758,43.71572875254242,,,1,1.0,30.0
1134,0,1,,0,2,tomato_cut,4.0,3,0,3,None_cut,3.3749999999999964,3,2,2,tomato,2,3,plate,2,4,plate,2,5,,4,0,tomato,5,0,tomato,6,0,plate,6,3,,6,4,,7,1,plate,7,3,,7,4,,1,104.0,24.0,,plate,0,1.0,30.0,85.16815472394063,42.83184527605937,,,1,1.0,30.0
1135,0,1,,0,2,tomato_cut,4.0,3,0,3,None_cut,3.3749999999999964,3,2,2,tomato,2,3,plate,2,4,plate,2,5,,4,0,tomato,5,0,tomato,6,0,plate,6,3,,6,4,,7,1,plate,7,3,,7,4,,1,104.0,24.0,,plate,0,1.0,30.0,86.05203820042368,41.94796179957632,,,1,1.0,30.0
1136,0,1,,0,2,tomato_cut,4.0,3,0,3,None_cut,3.3749999999999964,3,2,2,tomato,2,3,plate,2,4,plate,2,5,,4,0,tomato,5,0,tomato,6,0,plate,6,3,,6,4,,7,1,plate,7,3,,7,4,,1,104.0,24.0,,plate,0,1.0,30.0,86.93592167690673,41.06407832309327,,,1,1.0,30.0
1137,0,1,,0,2,tomato_cut,4.0,3,0,3,None_cut,3.3749999999999964,3,2,2,tomato,2,3,plate,2,4,plate,2,5,,4,0,tomato,5,0,tomato,6,0,plate,6,3,,6,4,,7,1,plate,7,3,,7,4,,1,104.0,24.0,,plate,0,1.0,30.0,87.81980515338978,40.18019484661022,,,1,1.0,30.0
1138,0,1,,0,2,tomato_cut,4.0,3,0,3,None_cut,3.3749999999999964,3,2,2,tomato,2,3,plate,2,4,plate,2,5,,4,0,tomato,5,0,tomato,6,0,plate,6,3,,6,4,,7,1,plate,7,3,,7,4,,1,104.0,24.0,,plate,0,1.0,30.0,88.70368862987283,39.29631137012717,,,1,1.0,30.0
1139,0,1,,0,2,tomato_cut,4.0,3,0,3,None_cut,3.3749999999999964,3,2,2,tomato,2,3,plate,2,4,plate,2,5,,4,0,tomato,5,0,tomato,6,0,plate,6,3,,6,4,,7,1,plate,7,3,,7,4,,1,104.0,24.0,,plate,0,1.0,30.0,89.58757210635588,38.41242789364412,,,1,1.0,30.0
1140,0,1,,0,2,tomato_cut,4.0,3,0,3,None_cut,3.3749999999999964,3,2,2,tomato,2,3,plate,2,4,plate,2,5,,4,0,tomato,5,0,tomato,6,0,plate,6,3,,6,4,,7,1,plate,7,3,,7,4,,1,104.0,24.0,,plate,0,1.0,30.0,90.47145558283893,37.52854441716107,,,1,1.0,30.0
1141,0,1,,0,2,tomato_cut,4.0,3,0,3,None_cut,3.3749999999999964,3,2,2,tomato,2,3,plate,2,4,plate,2,5,,4,0,tomato,5,0,tomato,6,0,plate,6,3,,6,4,,7,1,plate,7,3,,7,4,,1,104.0,24.0,,plate,0,1.0,30.0,91.35533905932198,36.64466094067802,,,1,1.0,30.0
1142,0,1,,0,2,tomato_cut,4.0,3,0,3,None_cut,3.3749999999999964,3,2,2,tomato,2,3,plate,2,4,plate,2,5,,4,0,tomato,5,0,tomato,6,0,plate,6,3,,6,4,,7,1,plate,7,3,,7,4,,1,104.0,24.0,,plate,0,1.0,30.0,92.23922253580503,35.76077746419497,,,1,1.0,30.0
1143,0,1,,0,2,tomato_cut,4.0,3,0,3,None_cut,3.3749999999999964,3,2,2,tomato,2,3,plate,2,4,plate,2,5,,4,0,tomato,5,0,tomato,6,0,plate,6,3,,6,4,,7,1,plate,7,3,,7,4,,1,104.0,24.0,,plate,0,1.0,30.0,93.12310601228808,34.876893987711924,,,1,1.0,30.0
1144,0,1,,0,2,tomato_cut,4.0,3,0,3,None_cut,3.3749999999999964,3,2,2,tomato,2,3,plate,2,4,plate,2,5,,4,0,tomato,5,0,tomato,6,0,plate,6,3,,6,4,,7,1,plate,7,3,,7,4,,1,104.0,24.0,,plate,0,1.0,30.0,94.00698948877113,33.993010511228874,,,1,1.0,30.0
1145,0,1,,0,2,tomato_cut,4.0,3,0,3,None_cut,3.3749999999999964,3,2,2,tomato,2,3,plate,2,4,plate,2,5,,4,0,tomato,5,0,tomato,6,0,plate,6,3,,6,4,,7,1,plate,7,3,,7,4,,1,104.0,24.0,,plate,0,1.0,30.0,94.89087296525418,33.109127034745825,,,1,1.0,30.0
1146,0,1,,0,2,tomato_cut,4.0,3,0,3,None_cut,3.3749999999999964,3,2,2,tomato,2,3,plate,2,4,plate,2,5,,4,0,tomato,5,0,tomato,6,0,plate,6,3,,6,4,,7,1,plate,7,3,,7,4,,1,104.0,24.0,,plate,0,1.0,30.0,95.77475644173722,32.225243558262775,,,1,1.0,30.0
1147,0,1,,0,2,tomato_cut,4.0,3,0,3,None_cut,3.3749999999999964,3,2,2,tomato,2,3,plate,2,4,plate,2,5,,4,0,tomato,5,0,tomato,6,0,plate,6,3,,6,4,,7,1,plate,7,3,,7,4,,1,104.0,24.0,,plate,0,1.0,30.0,96.65863991822027,31.341360081779726,,,1,1.0,30.0
1148,0,1,,0,2,tomato_cut,4.0,3,0,3,None_cut,3.3749999999999964,3,2,2,tomato,2,3,plate,2,4,plate,2,5,,4,0,tomato,5,0,tomato,6,0,plate,6,3,,6,4,,7,1,plate,7,3,,7,4,,1,104.0,24.0,,plate,0,1.0,30.0,97.54252339470332,30.457476605296677,,,1,1.0,30.0
1149,0,1,,0,2,tomato_cut,4.0,3,0,3,None_cut,3.3749999999999964,3,2,2,tomato,2,3,plate,2,4,plate,2,5,,4,0,tomato,5,0,tomato,6,0,plate,6,3,,6,4,,7,1,plate,7,3,,7,4,,1,104.0,24.0,,plate,0,1.0,30.0,98.42640687118637,29.573593128813627,,,1,1.0,30.0
1150,0,1,,0,2,tomato_cut,4.0,3,0,3,None_cut,3.3749999999999964,3,2,2,tomato,2,3,plate,2,4,plate,2,5,,4,0,tomato,5,0,tomato,6,0,plate,6,3,,6,4,,7,1,plate,7,3,,7,4,,1,104.0,24.0,,plate,0,1.0,30.0,99.31029034766942,28.689709652330578,,,1,1.0,30.0
1151,0,1,,0,2,tomato_cut,4.0,3,0,3,None_cut,3.3749999999999964,3,2,2,tomato,2,3,plate,2,4,plate,2,5,,4,0,tomato,5,0,tomato,6,0,plate,6,3,,6,4,,7,1,plate,7,3,,7,4,,1,103.11611652351695,24.88388347648305,,plate,0,1.0,30.0,100.19417382415247,27.80582617584753,,,1,1.0,30.0
1152,0,1,,0,2,tomato_cut,4.0,3,0,3,None_cut,3.3749999999999964,3,2,2,tomato,2,3,plate,2,4,plate,2,5,,4,0,tomato,5,0,tomato,6,0,plate,6,3,,6,4,,7,1,plate,7,3,,7,4,,1,102.2322330470339,25.7677669529661,,plate,0,1.0,30.0,101.07805730063552,26.92194269936448,,,1,1.0,30.0
1153,0,1,,0,2,tomato_cut,4.0,3,0,3,None_cut,3.3749999999999964,3,2,2,tomato,2,3,plate,2,4,plate,2,5,,4,0,tomato,5,0,tomato,6,0,plate,6,3,,6,4,,7,1,plate,7,3,,7,4,,1,101.34834957055085,26.65165042944915,,plate,0,1.0,30.0,101.96194077711857,26.03805922288143,,,1,1.0,30.0
1154,0,1,,0,2,tomato_cut,4.0,3,0,3,None_cut,3.3749999999999964,3,2,2,tomato,2,3,plate,2,4,plate,2,5,,4,0,tomato,5,0,tomato,6,0,plate,6,3,,6,4,,7,1,plate,7,3,,7,4,,1,100.4644660940678,27.535533905932198,,plate,0,1.0,30.0,102.84582425360162,25.15417574639838,,,1,1.0,30.0
1155,0,1,,0,2,tomato_cut,4.0,3,0,3,None_cut,3.3749999999999964,3,2,2,tomato,2,3,plate,2,4,plate,2,5,,4,0,tomato,5,0,tomato,6,0,plate,6,3,,6,4,,7,1,plate,7,3,,7,4,,1,99.58058261758475,28.419417382415247,,plate,0,1.0,30.0,103.72970773008467,24.27029226991533,,,1,1.0,30.0
1156,0,1,,0,2,tomato_cut,4.0,3,0,3,None_cut,3.3749999999999964,3,2,2,tomato,2,3,plate,2,4,plate,2,5,,4,0,tomato,5,0,tomato,6,0,plate,6,3,,6,4,,7,1,plate,7,3,,7,4,,1,98.6966991411017,29.303300858898297,,plate,0,1.0,30.0,104.0,24.0,,,1,1.0,30.0
1157,0,1,,0,2,tomato_cut,4.0,3,0,3,None_cut,3.3749999999999964,3,2,2,tomato,2,3,plate,2,4,plate,2,5,,4,0,tomato,5,0,tomato,6,0,plate,6,3,,6,4,,7,1,plate,7,3,,7,4,,1,97.81281566461865,30.187184335381346,,plate,0,1.0,30.0,104.0,24.0,,plate,1,1.0,30.0
1158,0,1,,0,2,tomato_cut,4.0,3,0,3,None_cut,3.3749999999999964,3,2,2,tomato,2,3,plate,2,4,plate,2,5,,4,0,tomato,5,0,tomato,6,0,plate,6,3,,6,4,,7,1,plate,7,3,,7,4,,1,96.9289321881356,31.071067811864395,,plate,0,1.0,30.0,104.0,24.0,,plate,1,1.0,30.0
1159,0,1,,0,2,tomato_cut,4.0,3,0,3,None_cut,3.3749999999999964,3,2,2,tomato,2,3,plate,2,4,plate,2,5,,4,0,tomato,5,0,tomato,6,0,plate,6,3,,6,4,,7,1,plate,7,3,,7,4,,1,96.04504871165256,31.954951288347445,,plate,0,1.0,30.0,104.0,24.0,,plate,1,1.0,30.0
1160,0,1,,0,2,tomato_cut,4.0,3,0,3,None_cut,3.3749999999999964,3,2,2,tomato,2,3,plate,2,4,plate,2,5,,4,0,tomato,5,0,tomato,6,0,plate,6,3,,6,4,,7,1,plate,7,3,,7,4,,1,95.1611652351695,32.838834764830494,,plate,0,1.0,30.0,104.0,24.0,,plate,1,1.0,30.0
1161,0,1,,0,2,tomato_cut,4.0,3,0,3,None_cut,3.3749999999999964,3,2,2,tomato,2,3,plate,2,4,plate,2,5,,4,0,tomato,5,0,tomato,6,0,plate,6,3,,6,4,,7,1,plate,7,3,,7,4,,1,94.27728175868646,33.722718241313544,,plate,0,1.0,30.0,104.0,24.0,,plate,1,1.0,30.0
1162,0,1,,0,2,tomato_cut,4.0,3,0,3,None_cut,3.3749999999999964,3,2,2,tomato,2,3,plate,2,4,plate,2,5,,4,0,tomato,5,0,tomato,6,0,plate,6,3,,6,4,,7,1,plate,7,3,,7,4,,1,93.3933982822034,34.60660171779659,,plate,0,1.0,30.0,104.0,24.0,,plate,1,1.0,30.0
1163,0,1,,0,2,tomato_cut,4.0,3,0,3,None_cut,3.3749999999999964,3,2,2,tomato,2,3,plate,2,4,plate,2,5,,4,0,tomato,5,0,tomato,6,0,plate,6,3,,6,4,,7,1,plate,7,3,,7,4,,1,92.50951480572036,35.49048519427964,,plate,0,1.0,30.0,104.0,24.0,,plate,1,1.0,30.0
1164,0,1,,0,2,tomato_cut,4.0,3,0,3,None_cut,3.3749999999999964,3,2,2,tomato,2,3,plate,2,4,plate,2,5,,4,0,tomato,5,0,tomato,6,0,plate,6,3,,6,4,,7,1,plate,7,3,,7,4,,1,91.62563132923731,36.37436867076269,,plate,0,1.0,30.0,104.0,24.0,,plate,1,1.0,30.0
1165,0,1,,0,2,tomato_cut,4.0,3,0,3,None_cut,3.3749999999999964,3,2,2,tomato,2,3,plate,2,4,plate,2,5,,4,0,tomato,5,0,tomato,6,0,plate,6,3,,6,4,,7,1,plate,7,3,,7,4,,1,90.74174785275426,37.25825214724574,,plate,0,1.0,30.0,104.0,24.0,,plate,1,1.0,30.0
1166,0,1,,0,2,tomato_cut,4.0,3,0,3,None_cut,3.3749999999999964,3,2,2,tomato,2,3,plate,2,4,plate,2,5,,4,0,tomato,5,0,tomato,6,0,plate,6,3,,6,4,,7,1,plate,7,3,,7,4,,1,89.85786437627121,38.14213562372879,,plate,0,1.0,30.0,104.0,24.0,,plate,1,1.0,30.0
1167,0,1,,0,2,tomato_cut,4.0,3,0,3,None_cut,3.3749999999999964,3,2,2,tomato,2,3,plate,2,4,plate,2,5,,4,0,tomato,5,0,tomato,6,0,plate,6,3,,6,4,,7,1,plate,7,3,,7,4,,1,88.97398089978816,39.02601910021184,,plate,0,1.0,30.0,104.0,24.0,,plate,1,1.0,30.0
1168,0,1,,0,2,tomato_cut,4.0,3,0,3,None_cut,3.3749999999999964,3,2,2,tomato,2,3,plate,2,4,plate,2,5,,4,0,tomato,5,0,tomato,6,0,plate,6,3,,6,4,,7,1,plate,7,3,,7,4,,1,88.19434681531624,39.95382555869017,,plate,0,1.0,30.0,104.0,24.0,,plate,1,1.0,30.0
1169,0,1,,0,2,tomato_cut,4.0,3,0,3,None_cut,3.3749999999999964,3,2,2,tomato,2,3,plate,2,4,plate,2,5,,4,0,tomato,5,0,tomato,6,0,plate,6,3,,6,4,,7,1,plate,7,3,,7,4,,1,88.17920827225925,41.203733885133886,,plate,0,1.0,30.0,104.0,24.0,,plate,1,1.0,30.0
1170,0,1,,0,2,tomato_cut,4.0,3,0,3,None_cut,3.3749999999999964,3,2,2,tomato,2,3,plate,2,4,plate,2,5,,4,0,tomato,5,0,tomato,6,0,plate,6,3,,6,4,,7,1,plate,7,3,,7,4,,1,88.16406972920225,42.4536422115776,,plate,0,1.0,30.0,104.0,24.0,,plate,1,1.0,30.0
1171,0,1,,0,2,tomato_cut,4.0,3,0,3,None_cut,3.3749999999999964,3,2,2,tomato,2,3,plate,2,4,plate,2,5,,4,0,tomato,5,0,tomato,6,0,plate,6,3,,6,4,,7,1,plate,7,3,,7,4,,1,88.14893118614526,43.70355053802132,,plate,0,1.0,30.0,104.0,24.0,,plate,1,1.0,30.0
1172,0,1,,0,2,tomato_cut,4.0,3,0,3,None_cut,3.3749999999999964,3,2,2,tomato,2,3,plate,2,4,plate,2,5,,4,0,tomato,5,0,tomato,6,0,plate,6,3,,6,4,,7,1,plate,7,3,,7,4,,1,88.13379264308827,44.953458864465034,,plate,0,1.0,30.0,104.0,24.0,,plate,1,1.0,30.0
1173,0,1,,0,2,tomato_cut,4.0,3,0,3,None_cut,3.3749999999999964,3,2,2,tomato,2,3,plate,2,4,plate,2,5,,4,0,tomato,5,0,tomato,6,0,plate,6,3,,6,4,,7,1,plate,7,3,,7,4,,1,88.11865410003128,46.20336719090875,,plate,0,1.0,30.0,104.0,24.0,,plate,1,1.0,30.0
1174,0,1,,0,2,tomato_cut,4.0,3,0,3,None_cut,3.3749999999999964,3,2,2,tomato,2,3,plate,2,4,plate,2,5,,4,0,tomato,5,0,tomato,6,0,plate,6,3,,6,4,,7,1,plate,7,3,,7,4,,1,88.10351555697429,47.453275517352466,,plate,0,1.0,30.0,104.0,24.0,,plate,1,1.0,30.0
1175,0,1,,0,2,tomato_cut,4.0,3,0,3,None_cut,3.3749999999999964,3,2,2,tomato,2,3,plate,2,4,plate,2,5,,4,0,tomato,5,0,tomato,6,0,plate,6,3,,6,4,,7,1,plate,7,3,,7,4,,1,88.0883770139173,48.70318384379618,,plate,0,1.0,30.0,104.0,24.0,,plate,1,1.0,30.0
1176,0,1,,0,2,tomato_cut,4.0,3,0,3,None_cut,3.3749999999999964,3,2,2,tomato,2,3,plate,2,4,plate,2,5,,4,0,tomato,5,0,tomato,6,0,plate,6,3,,6,4,,7,1,plate,7,3,,7,4,,1,88.0732384708603,49.9530921702399,,plate,0,1.0,30.0,104.0,24.0,,plate,1,1.0,30.0
1177,0,1,,0,2,tomato_cut,4.0,3,0,3,None_cut,3.3749999999999964,3,2,2,tomato,2,3,plate,2,4,plate,2,5,,4,0,tomato,5,0,tomato,6,0,plate,6,3,,6,4,,7,1,plate,7,3,,7,4,,1,88.05809992780331,51.203000496683615,,plate,0,1.0,30.0,104.0,24.0,,plate,1,1.0,30.0
1178,0,1,,0,2,tomato_cut,4.0,3,0,3,None_cut,3.3749999999999964,3,2,2,tomato,2,3,plate,2,4,plate,2,5,,4,0,tomato,5,0,tomato,6,0,plate,6,3,,6,4,,7,1,plate,7,3,,7,4,,1,88.04296138474632,52.45290882312733,,plate,0,1.0,30.0,104.0,24.0,,plate,1,1.0,30.0
1179,0,1,,0,2,tomato_cut,4.0,3,0,3,None_cut,3.3749999999999964,3,2,2,tomato,2,3,plate,2,4,plate,2,5,,4,0,tomato,5,0,tomato,6,0,plate,6,3,,6,4,,7,1,plate,7,3,,7,4,,1,88.02782284168917,53.70281714957105,,plate,0,1.0,30.0,104.0,24.0,,plate,1,1.0,30.0
1180,0,1,,0,2,tomato_cut,4.0,3,0,3,None_cut,3.3749999999999964,3,2,2,tomato,2,3,plate,2,4,plate,2,5,,4,0,tomato,5,0,tomato,6,0,plate,6,3,,6,4,,7,1,plate,7,3,,7,4,,1,88.01268429863147,54.95272547601476,,plate,0,1.0,30.0,104.0,24.0,,plate,1,1.0,30.0
1181,0,1,,0,2,tomato_cut,4.0,3,0,3,None_cut,3.3749999999999964,3,2,2,tomato,2,3,plate,2,4,plate,2,5,,4,0,tomato,5,0,tomato,6,0,plate,6,3,,6,4,,7,1,plate,7,3,,7,4,,1,87.72126494341975,56.08721304982993,,plate,0,1.0,30.0,104.0,24.0,,plate,1,1.0,30.0
1182,0,1,,0,2,tomato_cut,4.0,3,0,3,None_cut,3.3749999999999964,3,2,2,tomato,2,3,plate,2,4,plate,2,5,,4,0,tomato,5,0,tomato,6,0,plate,6,3,,6,4,,7,1,plate,7,3,,7,4,,1,86.84274886238072,56.97643152430942,,plate,0,1.0,30.0,104.0,24.0,,plate,1,1.0,30.0
1183,0,1,,0,2,tomato_cut,4.0,3,0,3,None_cut,3.3749999999999964,3,2,2,tomato,2,3,plate,2,4,plate,2,5,,4,0,tomato,5,0,tomato,6,0,plate,6,3,,6,4,,7,1,plate,7,3,,7,4,,1,85.96423278134168,57.86564999878891,,plate,0,1.0,30.0,104.0,24.0,,plate,1,1.0,30.0
1184,0,1,,0,2,tomato_cut,4.0,3,0,3,None_cut,3.3749999999999964,3,2,2,tomato,2,3,plate,2,4,plate,2,5,,4,0,tomato,5,0,tomato,6,0,plate,6,3,,6,4,,7,1,plate,7,3,,7,4,,1,85.08571670030264,58.7548684732684,,plate,0,1.0,30.0,104.0,24.0,,plate,1,1.0,30.0
1185,0,1,,0,2,tomato_cut,4.0,3,0,3,None_cut,3.3749999999999964,3,2,2,tomato,2,3,plate,2,4,plate,2,5,,4,0,tomato,5,0,tomato,6,0,plate,6,3,,6,4,,7,1,plate,7,3,,7,4,,1,84.2072006192636,59.644086947747894,,plate,0,1.0,30.0,104.0,24.0,,plate,1,1.0,30.0
1186,0,1,,0,2,tomato_cut,4.0,3,0,3,None_cut,3.3749999999999964,3,2,2,tomato,2,3,plate,2,4,plate,2,5,,4,0,tomato,5,0,tomato,6,0,plate,6,3,,6,4,,7,1,plate,7,3,,7,4,,1,83.32868453822456,60.533305422227386,,plate,0,1.0,30.0,104.0,24.0,,plate,1,1.0,30.0
1187,0,1,,0,2,tomato_cut,4.0,3,0,3,None_cut,3.3749999999999964,3,2,2,tomato,2,3,plate,2,4,plate,2,5,,4,0,tomato,5,0,tomato,6,0,plate,6,3,,6,4,,7,1,plate,7,3,,7,4,,1,82.45016845718553,61.42252389670688,,plate,0,1.0,30.0,104.0,24.0,,plate,1,1.0,30.0
1188,0,1,,0,2,tomato_cut,4.0,3,0,3,None_cut,3.3749999999999964,3,2,2,tomato,2,3,plate,2,4,plate,2,5,,4,0,tomato,5,0,tomato,6,0,plate,6,3,,6,4,,7,1,plate,7,3,,7,4,,1,81.57165237614649,62.31174237118637,,plate,0,1.0,30.0,104.0,24.0,,plate,1,1.0,30.0
1189,0,1,,0,2,tomato_cut,4.0,3,0,3,None_cut,3.3749999999999964,3,2,2,tomato,2,3,plate,2,4,plate,2,5,,4,0,tomato,5,0,tomato,6,0,plate,6,3,,6,4,,7,1,plate,7,3,,7,4,,1,80.69313629510745,63.20096084566586,,plate,0,1.0,30.0,104.0,24.0,,plate,1,1.0,30.0
1190,0,1,,0,2,tomato_cut,4.0,3,0,3,None_cut,3.3749999999999964,3,2,2,tomato,2,3,plate,2,4,plate,2,5,,4,0,tomato,5,0,tomato,6,0,plate,6,3,,6,4,,7,1,plate,7,3,,7,4,,1,79.81462021406841,64.09017932014535,,plate,0,1.0,30.0,104.0,24.0,,plate,1,1.0,30.0
1191,0,1,,0,2,tomato_cut,4.0,3,0,3,None_cut,3.3749999999999964,3,2,2,tomato,2,3,plate,2,4,plate,2,5,,4,0,tomato,5,0,tomato,6,0,plate,6,3,,6,4,,7,1,plate,7,3,,7,4,,1,78.93610413302937,64.97939779462484,,plate,0,1.0,30.0,104.0,24.0,,plate,1,1.0,30.0
1192,0,1,,0,2,tomato_cut,4.0,3,0,3,None_cut,3.3749999999999964,3,2,2,tomato,2,3,plate,2,4,plate,2,5,,4,0,tomato,5,0,tomato,6,0,plate,6,3,,6,4,,7,1,plate,7,3,,7,4,,1,78.05758805199034,65.86861626910434,,plate,0,1.0,30.0,104.0,24.0,,plate,1,1.0,30.0
1193,0,1,,0,2,tomato_cut,4.0,3,0,3,None_cut,3.3749999999999964,3,2,2,tomato,2,3,plate,2,4,plate,2,5,,4,0,tomato,5,0,tomato,6,0,plate,6,3,,6,4,,7,1,plate,7,3,,7,4,,1,77.1790719709513,66.75783474358383,,plate,0,1.0,30.0,104.0,24.0,,plate,1,1.0,30.0
1194,0,1,,0,2,tomato_cut,4.0,3,0,3,None_cut,3.3749999999999964,3,2,2,tomato,2,3,plate,2,4,plate,2,5,,4,0,tomato,5,0,tomato,6,0,plate,6,3,,6,4,,7,1,plate,7,3,,7,4,,1,76.30055588991226,67.64705321806332,,plate,0,1.0,30.0,104.0,24.0,,plate,1,1.0,30.0
1195,0,1,,0,2,tomato_cut,4.0,3,0,3,None_cut,3.3749999999999964,3,2,2,tomato,2,3,plate,2,4,plate,2,5,,4,0,tomato,5,0,tomato,6,0,plate,6,3,,6,4,,7,1,plate,7,3,,7,4,,1,75.42203980887322,68.53627169254281,,plate,0,1.0,30.0,104.0,24.0,,plate,1,1.0,30.0
1196,0,1,,0,2,tomato_cut,4.0,3,0,3,None_cut,3.3749999999999964,3,2,2,tomato,2,3,plate,2,4,plate,2,5,,4,0,tomato,5,0,tomato,6,0,plate,6,3,,6,4,,7,1,plate,7,3,,7,4,,1,74.54352372783418,69.4254901670223,,plate,0,1.0,30.0,104.0,24.0,,plate,1,1.0,30.0
1197,0,1,,0,2,tomato_cut,4.0,3,0,3,None_cut,3.3749999999999964,3,2,2,tomato,2,3,plate,2,4,plate,2,5,,4,0,tomato,5,0,tomato,6,0,plate,6,3,,6,4,,7,1,plate,7,3,,7,4,,1,73.66500764679418,70.3147086415018,,plate,0,1.0,30.0,104.0,24.0,,plate,1,1.0,30.0
1198,0,1,,0,2,tomato_cut,4.0,3,0,3,None_cut,3.3749999999999964,3,2,2,tomato,2,3,plate,2,4,plate,2,5,,4,0,tomato,5,0,tomato,6,0,plate,6,3,,6,4,,7,1,plate,7,3,,7,4,,1,72.78649156575383,71.20392711598129,,plate,0,1.0,30.0,104.0,24.0,,plate,1,1.0,30.0
1199,0,1,,0,2,tomato_cut,4.0,3,0,3,None_cut,3.3749999999999964,3,2,2,tomato,2,3,plate,2,4,plate,2,5,,4,0,tomato,5,0,tomato,6,0,plate,6,3,,6,4,,7,1,plate,7,3,,7,4,,1,71.90627804155518,72.09145851305374,,plate,0,1.0,30.0,104.0,24.0,,plate,1,1.0,30.0
1200,0,1,,0,2,tomato_cut,4.0,3,0,3,None_cut,3.3749999999999964,3,2,2,tomato,2,3,plate,2,4,plate,2,5,,4,0,tomato,5,0,tomato,6,0,plate,6,3,,6,4,,7,1,plate,7,3,,7,4,,1,71.02245745064515,72.97540487063623,,plate,0,1.0,30.0,104.0,24.0,,plate,1,1.0,30.0
1201,0,1,,0,2,tomato_cut,4.0,3,0,3,None_cut,3.3749999999999964,3,2,2,tomato,2,3,plate,2,4,plate,2,5,,4,0,tomato,5,0,tomato,6,0,plate,6,3,,6,4,,7,1,plate,7,3,,7,4,,1,70.13863685973512,73.85935122821871,,plate,0,1.0,30.0,104.0,24.0,,plate,1,1.0,30.0
1202,0,1,,0,2,tomato_cut,4.0,3,0,3,None_cut,3.3749999999999964,3,2,2,tomato,2,3,plate,2,4,plate,2,5,,4,0,tomato,5,0,tomato,6,0,plate,6,3,,6,4,,7,1,plate,7,3,,7,4,,1,69.25481626882508,74.7432975858012,,plate,0,1.0,30.0,104.0,24.0,,plate,1,1.0,30.0
1203,0,1,,0,2,tomato_cut,4.0,3,0,3,None_cut,3.3749999999999964,3,2,2,tomato,2,3,plate,2,4,plate,2,5,,4,0,tomato,5,0,tomato,6,0,plate,6,3,,6,4,,7,1,plate,7,3,,7,4,,1,68.37099567791455,75.62724394338369,,plate,0,1.0,30.0,104.0,24.0,,plate,1,1.0,30.0
1204,0,1,,0,2,tomato_cut,4.0,3,0,3,None_cut,3.3749999999999964,3,2,2,tomato,2,3,plate,2,4,plate,2,5,,4,0,tomato,5,0,tomato,6,0,plate,6,3,,6,4,,7,1,plate,7,3,,7,4,,1,67.48717508700315,76.51119030096618,,plate,0,1.0,30.0,104.0,24.0,,plate,1,1.0,30.0
1205,0,1,,0,2,tomato_cut,4.0,3,0,3,None_cut,3.3749999999999964,3,2,2,tomato,2,3,plate,2,4,plate,2,5,,4,0,tomato,5,0,tomato,6,0,plate,6,3,,6,4,,7,1,plate,7,3,,7,4,,1,66.60335449609175,77.39513665854867,,plate,0,1.0,30.0,104.0,24.0,,plate,1,1.0,30.0
1206,0,1,,0,2,tomato_cut,4.0,3,0,3,None_cut,3.3749999999999964,3,2,2,tomato,2,3,plate,2,4,plate,2,5,,4,0,tomato,5,0,tomato,6,0,plate,6,3,,6,4,,7,1,plate,7,3,,7,4,,1,65.71953390518036,78.27908301613115,,plate,0,1.0,30.0,104.0,24.0,,plate,1,1.0,30.0
1207,0,1,,0,2,tomato_cut,4.0,3,0,3,None_cut,3.3749999999999964,3,2,2,tomato,2,3,plate,2,4,plate,2,5,,4,0,tomato,5,0,tomato,6,0,plate,6,3,,6,4,,7,1,plate,7,3,,7,4,,1,64.83571331426894,79.16302937371364,,plate,0,1.0,30.0,104.0,24.0,,plate,1,1.0,30.0
1208,0,1,,0,2,tomato_cut,4.0,3,0,3,None_cut,3.3749999999999964,3,2,2,tomato,2,3,plate,2,4,plate,2,5,,4,0,tomato,5,0,tomato,6,0,plate,6,3,,6,4,,7,1,plate,7,3,,7,4,,1,63.95189272335759,80.04697573129613,,plate,0,1.0,30.0,104.0,24.0,,plate,1,1.0,30.0
1209,0,1,,0,2,tomato_cut,4.0,3,0,3,None_cut,3.3749999999999964,3,2,2,tomato,2,3,plate,2,4,plate,2,5,,4,0,tomato,5,0,tomato,6,0,plate,6,3,,6,4,,7,1,plate,7,3,,7,4,,1,63.068072132446844,80.93092208887862,,plate,0,1.0,30.0,104.0,24.0,,plate,1,1.0,30.0
1210,0,1,,0,2,tomato_cut,4.0,3,0,3,None_cut,3.3749999999999964,3,2,2,tomato,2,3,plate,2,4,plate,2,5,,4,0,tomato,5,0,tomato,6,0,plate,6,3,,6,4,,7,1,plate,7,3,,7,4,,1,62.1842515415361,81.81486844646045,,plate,0,1.0,30.0,104.0,24.0,,plate,1,1.0,30.0
1211,0,1,,0,2,tomato_cut,4.0,3,0,3,None_cut,3.3749999999999964,3,2,2,tomato,2,3,plate,2,4,plate,2,5,,4,0,tomato,5,0,tomato,6,0,plate,6,3,,6,4,,7,1,plate,7,3,,7,4,,1,61.300430950625355,82.69881480404219,,plate,0,1.0,30.0,104.0,24.0,,plate,1,1.0,30.0
1212,0,1,,0,2,tomato_cut,4.0,3,0,3,None_cut,3.3749999999999964,3,2,2,tomato,2,3,plate,2,4,plate,2,5,,4,0,tomato,5,0,tomato,6,0,plate,6,3,,6,4,,7,1,plate,7,3,,7,4,,1,60.41661035971461,83.5827611616239,,plate,0,1.0,30.0,104.0,24.0,,plate,1,1.0,30.0
1213,0,1,,0,2,tomato_cut,4.0,3,0,3,None_cut,3.3749999999999964,3,2,2,tomato,2,3,plate,2,4,plate,2,5,,4,0,tomato,5,0,tomato,6,0,plate,6,3,,6,4,,7,1,plate,7,3,,7,4,,1,59.532789768803866,84.46670751920564,,plate,0,1.0,30.0,104.0,24.0,,plate,1,1.0,30.0
1214,0,1,,0,2,tomato_cut,4.0,3,0,3,None_cut,3.3749999999999964,3,2,2,tomato,2,3,plate,2,4,plate,2,5,,4,0,tomato,5,0,tomato,6,0,plate,6,3,,6,4,,7,1,plate,7,3,,7,4,,1,58.64896917789312,85.35065387678736,,plate,0,1.0,30.0,104.0,24.0,,plate,1,1.0,30.0
1215,0,1,,0,2,tomato_cut,4.0,3,0,3,None_cut,3.3749999999999964,3,2,2,tomato,2,3,plate,2,4,plate,2,5,,4,0,tomato,5,0,tomato,6,0,plate,6,3,,6,4,,7,1,plate,7,3,,7,4,,1,57.76514858698238,86.23460023436908,,plate,0,1.0,30.0,104.0,24.0,,plate,1,1.0,30.0
1216,0,1,,0,2,tomato_cut,4.0,3,0,3,None_cut,3.3749999999999964,3,2,2,tomato,2,3,plate,2,4,plate,2,5,,4,0,tomato,5,0,tomato,6,0,plate,6,3,,6,4,,7,1,plate,7,3,,7,4,,1,56.88132799607163,87.11854659195082,,plate,0,1.0,30.0,104.0,24.0,,plate,1,1.0,30.0
1217,0,1,,0,2,tomato_cut,4.0,3,0,3,None_cut,3.3749999999999964,3,2,2,tomato,2,3,plate,2,4,plate,2,5,,4,0,tomato,5,0,tomato,6,0,plate,6,3,,6,4,,7,1,plate,7,3,,7,4,,1,56.0,88.0,,plate,0,1.0,30.0,104.0,24.0,,plate,1,1.0,30.0
1218,0,1,,0,2,tomato_cut,4.0,3,0,3,None_cut,3.3749999999999964,3,2,2,tomato,2,3,plate,2,4,plate,2,5,plate,4,0,tomato,5,0,tomato,6,0,plate,6,3,,6,4,,7,1,plate,7,3,,7,4,,1,56.0,88.0,,,0,1.0,30.0,104.0,24.0,,plate,1,1.0,30.0
1219,0,1,,0,2,tomato_cut,4.0,3,0,3,None_cut,3.3749999999999964,3,2,2,tomato,2,3,plate,2,4,plate,2,5,plate,4,0,tomato,5,0,tomato,6,0,plate,6,3,,6,4,,7,1,plate,7,3,,7,4,,1,56.0,88.0,,,0,1.0,30.0,104.0,24.0,,plate,1,1.0,30.0
1220,0,1,,0,2,tomato_cut,4.0,3,0,3,None_cut,3.3749999999999964,3,2,2,tomato,2,3,plate,2,4,plate,2,5,plate,4,0,tomato,5,0,tomato,6,0,plate,6,3,,6,4,,7,1,plate,7,3,,7,4,,1,56.0,88.0,,,0,1.0,30.0,104.0,24.0,,plate,1,1.0,30.0
1221,0,1,,0,2,tomato_cut,4.0,3,0,3,None_cut,3.3749999999999964,3,2,2,tomato,2,3,plate,2,4,plate,2,5,plate,4,0,tomato,5,0,tomato,6,0,plate,6,3,,6,4,,7,1,plate,7,3,,7,4,,1,56.0,88.0,,,0,1.0,30.0,104.0,24.0,,plate,1,1.0,30.0
1222,0,1,,0,2,tomato_cut,4.0,3,0,3,None_cut,3.3749999999999964,3,2,2,tomato,2,3,plate,2,4,plate,2,5,plate,4,0,tomato,5,0,tomato,6,0,plate,6,3,,6,4,,7,1,plate,7,3,,7,4,,1,56.0,88.0,,,0,1.0,30.0,104.0,24.0,,plate,1,1.0,30.0
1223,0,1,,0,2,tomato_cut,4.0,3,0,3,None_cut,3.3749999999999964,3,2,2,tomato,2,3,plate,2,4,plate,2,5,plate,4,0,tomato,5,0,tomato,6,0,plate,6,3,,6,4,,7,1,plate,7,3,,7,4,,1,56.0,88.0,,,0,1.0,30.0,104.0,24.0,,plate,1,1.0,30.0
1224,0,1,,0,2,tomato_cut,4.0,3,0,3,None_cut,3.3749999999999964,3,2,2,tomato,2,3,plate,2,4,plate,2,5,plate,4,0,tomato,5,0,tomato,6,0,plate,6,3,,6,4,,7,1,plate,7,3,,7,4,,1,56.0,88.0,,,0,1.0,30.0,104.0,24.0,,plate,1,1.0,30.0
1225,0,1,,0,2,tomato_cut,4.0,3,0,3,None_cut,3.3749999999999964,3,2,2,tomato,2,3,plate,2,4,plate,2,5,plate,4,0,tomato,5,0,tomato,6,0,plate,6,3,,6,4,,7,1,plate,7,3,,7,4,,1,56.0,88.0,,,0,1.0,30.0,104.0,24.0,,plate,1,1.0,30.0
1226,0,1,,0,2,tomato_cut,4.0,3,0,3,None_cut,3.3749999999999964,3,2,2,tomato,2,3,plate,2,4,plate,2,5,plate,4,0,tomato,5,0,tomato,6,0,plate,6,3,,6,4,,7,1,plate,7,3,,7,4,,1,56.0,88.0,,,0,1.0,30.0,104.0,24.0,,plate,1,1.0,30.0
1227,0,1,,0,2,tomato_cut,4.0,3,0,3,None_cut,3.3749999999999964,3,2,2,tomato,2,3,plate,2,4,plate,2,5,plate,4,0,tomato,5,0,tomato,6,0,plate,6,3,,6,4,,7,1,plate,7,3,,7,4,,1,56.0,88.0,,,0,1.0,30.0,104.0,24.0,,plate,1,1.0,30.0
1228,0,1,,0,2,tomato_cut,4.0,3,0,3,None_cut,3.3749999999999964,3,2,2,tomato,2,3,plate,2,4,plate,2,5,plate,4,0,tomato,5,0,tomato,6,0,plate,6,3,,6,4,,7,1,plate,7,3,,7,4,,1,56.0,88.0,,,0,1.0,30.0,104.0,24.0,,plate,1,1.0,30.0
1229,0,1,,0,2,tomato_cut,4.0,3,0,3,None_cut,3.3749999999999964,3,2,2,tomato,2,3,plate,2,4,plate,2,5,plate,4,0,tomato,5,0,tomato,6,0,plate,6,3,,6,4,,7,1,plate,7,3,,7,4,,1,56.0,88.0,,,0,1.0,30.0,104.0,24.0,,plate,1,1.0,30.0
1230,0,1,,0,2,tomato_cut,4.0,3,0,3,None_cut,3.3749999999999964,3,2,2,tomato,2,3,plate,2,4,plate,2,5,plate,4,0,tomato,5,0,tomato,6,0,plate,6,3,,6,4,,7,1,plate,7,3,,7,4,,1,56.0,88.0,,,0,1.0,30.0,104.0,24.0,,plate,1,1.0,30.0
1231,0,1,,0,2,tomato_cut,4.0,3,0,3,None_cut,3.3749999999999964,3,2,2,tomato,2,3,plate,2,4,plate,2,5,plate,4,0,tomato,5,0,tomato,6,0,plate,6,3,,6,4,,7,1,plate,7,3,,7,4,,1,56.0,88.0,,,0,1.0,30.0,104.0,24.0,,plate,1,1.0,30.0
1232,0,1,,0,2,tomato_cut,4.0,3,0,3,None_cut,3.3749999999999964,3,2,2,tomato,2,3,plate,2,4,plate,2,5,plate,4,0,tomato,5,0,tomato,6,0,plate,6,3,,6,4,,7,1,plate,7,3,,7,4,,1,56.0,88.0,,,0,1.0,30.0,104.0,24.0,,plate,1,1.0,30.0
1233,0,1,,0,2,tomato_cut,4.0,3,0,3,None_cut,3.3749999999999964,3,2,2,tomato,2,3,plate,2,4,plate,2,5,plate,4,0,tomato,5,0,tomato,6,0,plate,6,3,,6,4,,7,1,plate,7,3,,7,4,,1,56.0,88.0,,,0,1.0,30.0,104.0,24.0,,plate,1,1.0,30.0
1234,0,1,,0,2,tomato_cut,4.0,3,0,3,None_cut,3.3749999999999964,3,2,2,tomato,2,3,plate,2,4,plate,2,5,plate,4,0,tomato,5,0,tomato,6,0,plate,6,3,,6,4,,7,1,plate,7,3,,7,4,,1,56.0,88.0,,,0,1.0,30.0,104.0,24.0,,plate,1,1.0,30.0
1235,0,1,,0,2,tomato_cut,4.0,3,0,3,None_cut,3.3749999999999964,3,2,2,tomato,2,3,plate,2,4,plate,2,5,plate,4,0,tomato,5,0,tomato,6,0,plate,6,3,,6,4,,7,1,plate,7,3,,7,4,,1,56.0,88.0,,,0,1.0,30.0,104.0,24.0,,plate,1,1.0,30.0
1236,0,1,,0,2,tomato_cut,4.0,3,0,3,None_cut,3.3749999999999964,3,2,2,tomato,2,3,plate,2,4,plate,2,5,plate,4,0,tomato,5,0,tomato,6,0,plate,6,3,,6,4,,7,1,plate,7,3,,7,4,,1,56.0,88.0,,,0,1.0,30.0,104.0,24.0,,plate,1,1.0,30.0
1237,0,1,,0,2,tomato_cut,4.0,3,0,3,None_cut,3.3749999999999964,3,2,2,tomato,2,3,plate,2,4,plate,2,5,plate,4,0,tomato,5,0,tomato,6,0,plate,6,3,,6,4,,7,1,plate,7,3,,7,4,,1,56.0,88.0,,,0,1.0,30.0,104.0,24.0,,plate,1,1.0,30.0
1238,0,1,,0,2,tomato_cut,4.0,3,0,3,None_cut,3.3749999999999964,3,2,2,tomato,2,3,plate,2,4,plate,2,5,plate,4,0,tomato,5,0,tomato,6,0,plate,6,3,,6,4,,7,1,plate,7,3,,7,4,,1,56.0,88.0,,,0,1.0,30.0,104.0,24.0,,plate,1,1.0,30.0
1239,0,1,,0,2,tomato_cut,4.0,3,0,3,None_cut,3.3749999999999964,3,2,2,tomato,2,3,plate,2,4,plate,2,5,plate,4,0,tomato,5,0,tomato,6,0,plate,6,3,,6,4,,7,1,plate,7,3,,7,4,,1,56.0,88.0,,,0,1.0,30.0,104.0,24.0,,plate,1,1.0,30.0
1240,0,1,,0,2,tomato_cut,4.0,3,0,3,None_cut,3.3749999999999964,3,2,2,tomato,2,3,plate,2,4,plate,2,5,plate,4,0,tomato,5,0,tomato,6,0,plate,6,3,,6,4,,7,1,plate,7,3,,7,4,,1,56.0,88.0,,,0,1.0,30.0,104.0,24.0,,plate,1,1.0,30.0
1241,0,1,,0,2,tomato_cut,4.0,3,0,3,None_cut,3.3749999999999964,3,2,2,tomato,2,3,plate,2,4,plate,2,5,plate,4,0,tomato,5,0,tomato,6,0,plate,6,3,,6,4,,7,1,plate,7,3,,7,4,,1,56.0,88.0,,,0,1.0,30.0,104.0,24.0,,plate,1,1.0,30.0
1242,0,1,,0,2,tomato_cut,4.0,3,0,3,None_cut,3.3749999999999964,3,2,2,tomato,2,3,plate,2,4,plate,2,5,plate,4,0,tomato,5,0,tomato,6,0,plate,6,3,,6,4,,7,1,plate,7,3,,7,4,,1,56.0,88.0,,,0,1.0,30.0,104.0,24.0,,plate,1,1.0,30.0
1243,0,1,,0,2,tomato_cut,4.0,3,0,3,None_cut,3.3749999999999964,3,2,2,tomato,2,3,plate,2,4,plate,2,5,plate,4,0,tomato,5,0,tomato,6,0,plate,6,3,,6,4,,7,1,plate,7,3,,7,4,,1,56.0,88.0,,,0,1.0,30.0,104.0,24.0,,plate,1,1.0,30.0
1244,0,1,,0,2,tomato_cut,4.0,3,0,3,None_cut,3.3749999999999964,3,2,2,tomato,2,3,plate,2,4,plate,2,5,plate,4,0,tomato,5,0,tomato,6,0,plate,6,3,,6,4,,7,1,plate,7,3,,7,4,,1,56.0,88.0,,,0,1.0,30.0,104.0,24.0,,plate,1,1.0,30.0
1245,0,1,,0,2,tomato_cut,4.0,3,0,3,None_cut,3.3749999999999964,3,2,2,tomato,2,3,plate,2,4,plate,2,5,plate,4,0,tomato,5,0,tomato,6,0,plate,6,3,,6,4,,7,1,plate,7,3,,7,4,,1,56.0,88.0,,,0,1.0,30.0,104.0,24.0,,plate,1,1.0,30.0
1246,0,1,,0,2,tomato_cut,4.0,3,0,3,None_cut,3.3749999999999964,3,2,2,tomato,2,3,plate,2,4,plate,2,5,plate,4,0,tomato,5,0,tomato,6,0,plate,6,3,,6,4,,7,1,plate,7,3,,7,4,,1,56.0,88.0,,,0,1.0,30.0,104.0,24.0,,plate,1,1.0,30.0
1247,0,1,,0,2,tomato_cut,4.0,3,0,3,None_cut,3.3749999999999964,3,2,2,tomato,2,3,plate,2,4,plate,2,5,plate,4,0,tomato,5,0,tomato,6,0,plate,6,3,,6,4,,7,1,plate,7,3,,7,4,,1,56.0,88.0,,,0,1.0,30.0,104.0,24.0,,plate,1,1.0,30.0
1248,0,1,,0,2,tomato_cut,4.0,3,0,3,None_cut,3.3749999999999964,3,2,2,tomato,2,3,plate,2,4,plate,2,5,plate,4,0,tomato,5,0,tomato,6,0,plate,6,3,,6,4,,7,1,plate,7,3,,7,4,,1,56.0,88.0,,,0,1.0,30.0,104.0,24.0,,plate,1,1.0,30.0
1249,0,1,,0,2,tomato_cut,4.0,3,0,3,None_cut,3.3749999999999964,3,2,2,tomato,2,3,plate,2,4,plate,2,5,plate,4,0,tomato,5,0,tomato,6,0,plate,6,3,,6,4,,7,1,plate,7,3,,7,4,,1,56.0,88.0,,,0,1.0,30.0,104.0,24.0,,plate,1,1.0,30.0
1250,0,1,,0,2,tomato_cut,4.0,3,0,3,None_cut,3.3749999999999964,3,2,2,tomato,2,3,plate,2,4,plate,2,5,plate,4,0,tomato,5,0,tomato,6,0,plate,6,3,,6,4,,7,1,plate,7,3,,7,4,,1,56.0,88.0,,,0,1.0,30.0,104.0,24.0,,plate,1,1.0,30.0
1251,0,1,,0,2,tomato_cut,4.0,3,0,3,None_cut,3.3749999999999964,3,2,2,tomato,2,3,plate,2,4,plate,2,5,plate,4,0,tomato,5,0,tomato,6,0,plate,6,3,,6,4,,7,1,plate,7,3,,7,4,,1,56.0,88.0,,,0,1.0,30.0,104.0,24.0,,plate,1,1.0,30.0
1252,0,1,,0,2,tomato_cut,4.0,3,0,3,None_cut,3.3749999999999964,3,2,2,tomato,2,3,plate,2,4,plate,2,5,plate,4,0,tomato,5,0,tomato,6,0,plate,6,3,,6,4,,7,1,plate,7,3,,7,4,,1,56.0,88.0,,,0,1.0,30.0,104.0,24.0,,plate,1,1.0,30.0
1253,0,1,,0,2,tomato_cut,4.0,3,0,3,None_cut,3.3749999999999964,3,2,2,tomato,2,3,plate,2,4,plate,2,5,plate,4,0,tomato,5,0,tomato,6,0,plate,6,3,,6,4,,7,1,plate,7,3,,7,4,,1,56.0,88.0,,,0,1.0,30.0,104.0,24.0,,plate,1,1.0,30.0
1254,0,1,,0,2,tomato_cut,4.0,3,0,3,None_cut,3.3749999999999964,3,2,2,tomato,2,3,plate,2,4,plate,2,5,plate,4,0,tomato,5,0,tomato,6,0,plate,6,3,,6,4,,7,1,plate,7,3,,7,4,,1,56.0,88.0,,,0,1.0,30.0,104.0,24.0,,plate,1,1.0,30.0
1255,0,1,,0,2,tomato_cut,4.0,3,0,3,None_cut,3.3749999999999964,3,2,2,tomato,2,3,plate,2,4,plate,2,5,plate,4,0,tomato,5,0,tomato,6,0,plate,6,3,,6,4,,7,1,plate,7,3,,7,4,,1,56.0,88.0,,,0,1.0,30.0,104.0,24.0,,plate,1,1.0,30.0
1256,0,1,,0,2,tomato_cut,4.0,3,0,3,None_cut,3.3749999999999964,3,2,2,tomato,2,3,plate,2,4,plate,2,5,plate,4,0,tomato,5,0,tomato,6,0,plate,6,3,,6,4,,7,1,plate,7,3,,7,4,,1,56.0,88.0,,,0,1.0,30.0,104.0,24.0,,plate,1,1.0,30.0
1257,0,1,,0,2,tomato_cut,4.0,3,0,3,None_cut,3.3749999999999964,3,2,2,tomato,2,3,plate,2,4,plate,2,5,plate,4,0,tomato,5,0,tomato,6,0,plate,6,3,,6,4,,7,1,plate,7,3,,7,4,,1,56.0,88.0,,,0,1.0,30.0,104.0,24.0,,plate,1,1.0,30.0
1258,0,1,,0,2,tomato_cut,4.0,3,0,3,None_cut,3.3749999999999964,3,2,2,tomato,2,3,plate,2,4,plate,2,5,plate,4,0,tomato,5,0,tomato,6,0,plate,6,3,,6,4,,7,1,plate,7,3,,7,4,,1,55.11611652351695,88.88388347648305,,,0,1.0,30.0,104.0,24.0,,plate,1,1.0,30.0
1259,0,1,,0,2,tomato_cut,4.0,3,0,3,None_cut,3.3749999999999964,3,2,2,tomato,2,3,plate,2,4,plate,2,5,plate,4,0,tomato,5,0,tomato,6,0,plate,6,3,,6,4,,7,1,plate,7,3,,7,4,,1,54.2322330470339,89.7677669529661,,,0,1.0,30.0,104.0,24.0,,plate,1,1.0,30.0
1260,0,1,,0,2,tomato_cut,4.0,3,0,3,None_cut,3.3749999999999964,3,2,2,tomato,2,3,plate,2,4,plate,2,5,plate,4,0,tomato,5,0,tomato,6,0,plate,6,3,,6,4,,7,1,plate,7,3,,7,4,,1,53.34834957055085,90.65165042944915,,,0,1.0,30.0,104.0,24.0,,plate,1,1.0,30.0
1261,0,1,,0,2,tomato_cut,4.0,3,0,3,None_cut,3.3749999999999964,3,2,2,tomato,2,3,plate,2,4,plate,2,5,plate,4,0,tomato,5,0,tomato,6,0,plate,6,3,,6,4,,7,1,plate,7,3,,7,4,,1,52.4644660940678,91.5355339059322,,,0,1.0,30.0,104.0,24.0,,plate,1,1.0,30.0
1262,0,1,,0,2,tomato_cut,4.0,3,0,3,None_cut,3.3749999999999964,3,2,2,tomato,2,3,plate,2,4,plate,2,5,plate,4,0,tomato,5,0,tomato,6,0,plate,6,3,,6,4,,7,1,plate,7,3,,7,4,,1,51.58058261758475,92.41941738241525,,,0,1.0,30.0,104.0,24.0,,plate,1,1.0,30.0
1263,0,1,,0,2,tomato_cut,4.0,3,0,3,None_cut,3.3749999999999964,3,2,2,tomato,2,3,plate,2,4,plate,2,5,plate,4,0,tomato,5,0,tomato,6,0,plate,6,3,,6,4,,7,1,plate,7,3,,7,4,,1,50.6966991411017,93.3033008588983,,,0,1.0,30.0,104.0,24.0,,plate,1,1.0,30.0
1264,0,1,,0,2,tomato_cut,4.0,3,0,3,None_cut,3.3749999999999964,3,2,2,tomato,2,3,plate,2,4,plate,2,5,plate,4,0,tomato,5,0,tomato,6,0,plate,6,3,,6,4,,7,1,plate,7,3,,7,4,,1,49.812815664618654,94.18718433538135,,,0,1.0,30.0,104.0,24.0,,plate,1,1.0,30.0
1265,0,1,,0,2,tomato_cut,4.0,3,0,3,None_cut,3.3749999999999964,3,2,2,tomato,2,3,plate,2,4,plate,2,5,plate,4,0,tomato,5,0,tomato,6,0,plate,6,3,,6,4,,7,1,plate,7,3,,7,4,,1,48.928932188135605,95.0710678118644,,,0,1.0,30.0,104.0,24.0,,plate,1,1.0,30.0
1266,0,1,,0,2,tomato_cut,4.0,3,0,3,None_cut,3.3749999999999964,3,2,2,tomato,2,3,plate,2,4,plate,2,5,plate,4,0,tomato,5,0,tomato,6,0,plate,6,3,,6,4,,7,1,plate,7,3,,7,4,,1,48.045048711652555,95.95495128834744,,,0,1.0,30.0,104.0,24.0,,plate,1,1.0,30.0
1267,0,1,,0,2,tomato_cut,4.0,3,0,3,None_cut,3.3749999999999964,3,2,2,tomato,2,3,plate,2,4,plate,2,5,plate,4,0,tomato,5,0,tomato,6,0,plate,6,3,,6,4,,7,1,plate,7,3,,7,4,,1,47.161165235169506,96.8388347648305,,,0,1.0,30.0,104.0,24.0,,plate,1,1.0,30.0
1268,0,1,,0,2,tomato_cut,4.0,3,0,3,None_cut,3.3749999999999964,3,2,2,tomato,2,3,plate,2,4,plate,2,5,plate,4,0,tomato,5,0,tomato,6,0,plate,6,3,,6,4,,7,1,plate,7,3,,7,4,,1,46.277281758686456,97.72271824131354,,,0,1.0,30.0,104.0,24.0,,plate,1,1.0,30.0
1269,0,1,,0,2,tomato_cut,4.0,3,0,3,None_cut,3.3749999999999964,3,2,2,tomato,2,3,plate,2,4,plate,2,5,plate,4,0,tomato,5,0,tomato,6,0,plate,6,3,,6,4,,7,1,plate,7,3,,7,4,,1,45.39339828220341,98.6066017177966,,,0,1.0,30.0,104.0,24.0,,plate,1,1.0,30.0
1270,0,1,,0,2,tomato_cut,4.0,3,0,3,None_cut,3.3749999999999964,3,2,2,tomato,2,3,plate,2,4,plate,2,5,plate,4,0,tomato,5,0,tomato,6,0,plate,6,3,,6,4,,7,1,plate,7,3,,7,4,,1,44.50951480572036,99.49048519427964,,,0,1.0,30.0,104.0,24.0,,plate,1,1.0,30.0
1271,0,1,,0,2,tomato_cut,4.0,3,0,3,None_cut,3.3749999999999964,3,2,2,tomato,2,3,plate,2,4,plate,2,5,plate,4,0,tomato,5,0,tomato,6,0,plate,6,3,,6,4,,7,1,plate,7,3,,7,4,,1,43.62563132923731,100.37436867076269,,,0,1.0,30.0,104.0,24.0,,plate,1,1.0,30.0
1272,0,1,,0,2,tomato_cut,4.0,3,0,3,None_cut,3.3749999999999964,3,2,2,tomato,2,3,plate,2,4,plate,2,5,plate,4,0,tomato,5,0,tomato,6,0,plate,6,3,,6,4,,7,1,plate,7,3,,7,4,,1,42.74174785275426,101.25825214724574,,,0,1.0,30.0,104.0,24.0,,plate,1,1.0,30.0
1273,0,1,,0,2,tomato_cut,4.0,3,0,3,None_cut,3.3749999999999964,3,2,2,tomato,2,3,plate,2,4,plate,2,5,plate,4,0,tomato,5,0,tomato,6,0,plate,6,3,,6,4,,7,1,plate,7,3,,7,4,,1,41.85786437627121,102.14213562372879,,,0,1.0,30.0,104.0,24.0,,plate,1,1.0,30.0
1274,0,1,,0,2,tomato_cut,4.0,3,0,3,None_cut,3.3749999999999964,3,2,2,tomato,2,3,plate,2,4,plate,2,5,plate,4,0,tomato,5,0,tomato,6,0,plate,6,3,,6,4,,7,1,plate,7,3,,7,4,,1,40.97398089978816,103.02601910021184,,,0,1.0,30.0,104.0,24.0,,plate,1,1.0,30.0
1275,0,1,,0,2,tomato_cut,4.0,3,0,3,None_cut,3.3749999999999964,3,2,2,tomato,2,3,plate,2,4,plate,2,5,plate,4,0,tomato,5,0,tomato,6,0,plate,6,3,,6,4,,7,1,plate,7,3,,7,4,,1,40.088805099494266,103.69907880744046,,,0,1.0,30.0,104.0,24.0,,plate,1,1.0,30.0
1276,0,1,,0,2,tomato_cut,4.0,3,0,3,None_cut,3.3749999999999964,3,2,2,tomato,2,3,plate,2,4,plate,2,5,plate,4,0,tomato,5,0,tomato,6,0,plate,6,3,,6,4,,7,1,plate,7,3,,7,4,,1,39.19415225792085,102.82609754013657,,,0,1.0,30.0,104.0,24.0,,plate,1,1.0,30.0
1277,0,1,,0,2,tomato_cut,4.0,3,0,3,None_cut,3.3749999999999964,3,2,2,tomato,2,3,plate,2,4,plate,2,5,plate,4,0,tomato,5,0,tomato,6,0,plate,6,3,,6,4,,7,1,plate,7,3,,7,4,,1,38.29949941634743,101.95311627283269,,,0,1.0,30.0,104.0,24.0,,plate,1,1.0,30.0
1278,0,1,,0,2,tomato_cut,4.0,3,0,3,None_cut,3.3749999999999964,3,2,2,tomato,2,3,plate,2,4,plate,2,5,plate,4,0,tomato,5,0,tomato,6,0,plate,6,3,,6,4,,7,1,plate,7,3,,7,4,,1,37.40484657477401,101.0801350055288,,,0,1.0,30.0,104.0,24.0,,plate,1,1.0,30.0
1279,0,1,,0,2,tomato_cut,4.0,3,0,3,None_cut,3.3749999999999964,3,2,2,tomato,2,3,plate,2,4,plate,2,5,plate,4,0,tomato,5,0,tomato,6,0,plate,6,3,,6,4,,7,1,plate,7,3,,7,4,,1,36.510193733200595,100.20715373822492,,,0,1.0,30.0,104.0,24.0,,plate,1,1.0,30.0
1280,0,1,,0,2,tomato_cut,4.0,3,0,3,None_cut,3.3749999999999964,3,2,2,tomato,2,3,plate,2,4,plate,2,5,plate,4,0,tomato,5,0,tomato,6,0,plate,6,3,,6,4,,7,1,plate,7,3,,7,4,,1,35.61554089162718,99.33417247092103,,,0,1.0,30.0,104.0,24.0,,plate,1,1.0,30.0
1281,0,1,,0,2,tomato_cut,4.0,3,0,3,None_cut,3.3749999999999964,3,2,2,tomato,2,3,plate,2,4,plate,2,5,plate,4,0,tomato,5,0,tomato,6,0,plate,6,3,,6,4,,7,1,plate,7,3,,7,4,,1,34.72088805005376,98.46119120361715,,,0,1.0,30.0,104.0,24.0,,plate,1,1.0,30.0
1282,0,1,,0,2,tomato_cut,4.0,3,0,3,None_cut,3.3749999999999964,3,2,2,tomato,2,3,plate,2,4,plate,2,5,plate,4,0,tomato,5,0,tomato,6,0,plate,6,3,,6,4,,7,1,plate,7,3,,7,4,,1,33.82623520848034,97.58820993631326,,,0,1.0,30.0,104.0,24.0,,plate,1,1.0,30.0
1283,0,1,,0,2,tomato_cut,4.0,3,0,3,None_cut,3.3749999999999964,3,2,2,tomato,2,3,plate,2,4,plate,2,5,plate,4,0,tomato,5,0,tomato,6,0,plate,6,3,,6,4,,7,1,plate,7,3,,7,4,,1,32.93158236690692,96.71522866900938,,,0,1.0,30.0,104.0,24.0,,plate,1,1.0,30.0
1284,0,1,,0,2,tomato_cut,4.0,3,0,3,None_cut,3.3749999999999964,3,2,2,tomato,2,3,plate,2,4,plate,2,5,plate,4,0,tomato,5,0,tomato,6,0,plate,6,3,,6,4,,7,1,plate,7,3,,7,4,,1,32.036929525333505,95.84224740170549,,,0,1.0,30.0,104.0,24.0,,plate,1,1.0,30.0
1285,0,1,,0,2,tomato_cut,4.0,3,0,3,None_cut,3.3749999999999964,3,2,2,tomato,2,3,plate,2,4,plate,2,5,plate,4,0,tomato,5,0,tomato,6,0,plate,6,3,,6,4,,7,1,plate,7,3,,7,4,,1,31.142276683759746,94.96926613440161,,,0,1.0,30.0,104.0,24.0,,plate,1,1.0,30.0
1286,0,1,,0,2,tomato_cut,4.0,3,0,3,None_cut,3.3749999999999964,3,2,2,tomato,2,3,plate,2,4,plate,2,5,plate,4,0,tomato,5,0,tomato,6,0,plate,6,3,,6,4,,7,1,plate,7,3,,7,4,,1,30.247623842185973,94.09628486709772,,,0,1.0,30.0,104.0,24.0,,plate,1,1.0,30.0
1287,0,1,,0,2,tomato_cut,4.0,3,0,3,None_cut,3.3749999999999964,3,2,2,tomato,2,3,plate,2,4,plate,2,5,plate,4,0,tomato,5,0,tomato,6,0,plate,6,3,,6,4,,7,1,plate,7,3,,7,4,,1,29.3529710006122,93.22330359979384,,,0,1.0,30.0,104.0,24.0,,plate,1,1.0,30.0
1288,0,1,,0,2,tomato_cut,4.0,3,0,3,None_cut,3.3749999999999964,3,2,2,tomato,2,3,plate,2,4,plate,2,5,plate,4,0,tomato,5,0,tomato,6,0,plate,6,3,,6,4,,7,1,plate,7,3,,7,4,,1,28.458318159038427,92.35032233248995,,,0,1.0,30.0,104.0,24.0,,plate,1,1.0,30.0
1289,0,1,,0,2,tomato_cut,4.0,3,0,3,None_cut,3.3749999999999964,3,2,2,tomato,2,3,plate,2,4,plate,2,5,plate,4,0,tomato,5,0,tomato,6,0,plate,6,3,,6,4,,7,1,plate,7,3,,7,4,,1,27.563665317464938,91.47734106518607,,,0,1.0,30.0,104.0,24.0,,plate,1,1.0,30.0
1290,0,1,,0,2,tomato_cut,4.0,3,0,3,None_cut,3.3749999999999964,3,2,2,tomato,2,3,plate,2,4,plate,2,5,plate,4,0,tomato,5,0,tomato,6,0,plate,6,3,,6,4,,7,1,plate,7,3,,7,4,,1,26.66901247589152,90.60435979788218,,,0,1.0,30.0,104.0,24.0,,plate,1,1.0,30.0
1291,0,1,,0,2,tomato_cut,4.0,3,0,3,None_cut,3.3749999999999964,3,2,2,tomato,2,3,plate,2,4,plate,2,5,plate,4,0,tomato,5,0,tomato,6,0,plate,6,3,,6,4,,7,1,plate,7,3,,7,4,,1,25.774359634318103,89.7313785305783,,,0,1.0,30.0,104.0,24.0,,plate,1,1.0,30.0
1292,0,1,,0,2,tomato_cut,4.0,3,0,3,None_cut,3.3749999999999964,3,2,2,tomato,2,3,plate,2,4,plate,2,5,plate,4,0,tomato,5,0,tomato,6,0,plate,6,3,,6,4,,7,1,plate,7,3,,7,4,,1,24.879706792744685,88.85839726327383,,,0,1.0,30.0,104.0,24.0,,plate,1,1.0,30.0
1293,0,1,,0,2,tomato_cut,4.0,3,0,3,None_cut,3.3749999999999964,3,2,2,tomato,2,3,plate,2,4,plate,2,5,plate,4,0,tomato,5,0,tomato,6,0,plate,6,3,,6,4,,7,1,plate,7,3,,7,4,,1,24.19607030068059,87.89495432175774,,,0,1.0,30.0,104.0,24.0,,plate,1,1.0,30.0
1294,0,1,,0,2,tomato_cut,4.0,3,0,3,None_cut,3.3749999999999964,3,2,2,tomato,2,3,plate,2,4,plate,2,5,plate,4,0,tomato,5,0,tomato,6,0,plate,6,3,,6,4,,7,1,plate,7,3,,7,4,,1,24.180652248729345,86.64504941190548,,,0,1.0,30.0,104.0,24.0,,plate,1,1.0,30.0
1295,0,1,,0,2,tomato_cut,4.0,3,0,3,None_cut,3.3749999999999964,3,2,2,tomato,2,3,plate,2,4,plate,2,5,plate,4,0,tomato,5,0,tomato,6,0,plate,6,3,,6,4,,7,1,plate,7,3,,7,4,,1,24.1652341967781,85.39514450205321,,,0,1.0,30.0,104.0,24.0,,plate,1,1.0,30.0
1296,0,1,,0,2,tomato_cut,4.0,3,0,3,None_cut,3.3749999999999964,3,2,2,tomato,2,3,plate,2,4,plate,2,5,plate,4,0,tomato,5,0,tomato,6,0,plate,6,3,,6,4,,7,1,plate,7,3,,7,4,,1,24.149816144826858,84.14523959220095,,,0,1.0,30.0,104.0,24.0,,plate,1,1.0,30.0
1297,0,1,,0,2,tomato_cut,4.0,3,0,3,None_cut,3.3749999999999964,3,2,2,tomato,2,3,plate,2,4,plate,2,5,plate,4,0,tomato,5,0,tomato,6,0,plate,6,3,,6,4,,7,1,plate,7,3,,7,4,,1,24.134398092875614,82.89533468234869,,,0,1.0,30.0,104.0,24.0,,plate,1,1.0,30.0
1298,0,1,,0,2,tomato_cut,4.0,3,0,3,None_cut,3.3749999999999964,3,2,2,tomato,2,3,plate,2,4,plate,2,5,plate,4,0,tomato,5,0,tomato,6,0,plate,6,3,,6,4,,7,1,plate,7,3,,7,4,,1,24.11898004092437,81.64542977249643,,,0,1.0,30.0,104.0,24.0,,plate,1,1.0,30.0
1299,0,1,,0,2,tomato_cut,4.0,3,0,3,None_cut,3.3749999999999964,3,2,2,tomato,2,3,plate,2,4,plate,2,5,plate,4,0,tomato,5,0,tomato,6,0,plate,6,3,,6,4,,7,1,plate,7,3,,7,4,,1,24.103561988973127,80.39552486264417,,,0,1.0,30.0,104.0,24.0,,plate,1,1.0,30.0
1300,0,1,,0,2,tomato_cut,4.0,3,0,3,None_cut,3.3749999999999964,3,2,2,tomato,2,3,plate,2,4,plate,2,5,plate,4,0,tomato,5,0,tomato,6,0,plate,6,3,,6,4,,7,1,plate,7,3,,7,4,,1,24.088143937021766,79.1456199527919,,,0,1.0,30.0,104.0,24.0,,plate,1,1.0,30.0
1301,0,1,,0,2,tomato_cut,4.0,3,0,3,None_cut,3.3749999999999964,3,2,2,tomato,2,3,plate,2,4,plate,2,5,plate,4,0,tomato,5,0,tomato,6,0,plate,6,3,,6,4,,7,1,plate,7,3,,7,4,,1,24.07272588507035,77.89571504293964,,,0,1.0,30.0,104.0,24.0,,plate,1,1.0,30.0
1302,0,1,,0,2,tomato_cut,4.0,3,0,3,None_cut,3.3749999999999964,3,2,2,tomato,2,3,plate,2,4,plate,2,5,plate,4,0,tomato,5,0,tomato,6,0,plate,6,3,,6,4,,7,1,plate,7,3,,7,4,,1,24.057307833118937,76.64581013308738,,,0,1.0,30.0,104.0,24.0,,plate,1,1.0,30.0
1303,0,1,,0,2,tomato_cut,4.0,3,0,3,None_cut,3.3749999999999964,3,2,2,tomato,2,3,plate,2,4,plate,2,5,plate,4,0,tomato,5,0,tomato,6,0,plate,6,3,,6,4,,7,1,plate,7,3,,7,4,,1,24.04188978116752,75.39590522323512,,,0,1.0,30.0,104.0,24.0,,plate,1,1.0,30.0
1304,0,1,,0,2,tomato_cut,4.0,3,0,3,None_cut,3.3749999999999964,3,2,2,tomato,2,3,plate,2,4,plate,2,5,plate,4,0,tomato,5,0,tomato,6,0,plate,6,3,,6,4,,7,1,plate,7,3,,7,4,,1,24.026471729216105,74.14600031338286,,,0,1.0,30.0,104.0,24.0,,plate,1,1.0,30.0
1305,0,1,,0,2,tomato_cut,4.0,3,0,3,None_cut,3.3749999999999964,3,2,2,tomato,2,3,plate,2,4,plate,2,5,plate,4,0,tomato,5,0,tomato,6,0,plate,6,3,,6,4,,7,1,plate,7,3,,7,4,,1,24.01105367726469,72.8960954035306,,,0,1.0,30.0,104.0,24.0,,plate,1,1.0,30.0
1306,0,1,,0,2,tomato_cut,4.0,3,0,3,None_cut,3.3749999999999964,3,2,2,tomato,2,3,plate,2,4,plate,2,5,plate,4,0,tomato,5,0,tomato,6,0,plate,6,3,,6,4,,7,1,plate,7,3,,7,4,,1,24.00233740280599,71.64614866015093,,,0,1.0,30.0,104.0,24.0,,plate,1,1.0,30.0
1307,0,1,,0,2,tomato_cut,4.0,3,0,3,None_cut,3.3749999999999964,3,2,2,tomato,2,3,plate,2,4,plate,2,5,plate,4,0,tomato,5,0,tomato,6,0,plate,6,3,,6,4,,7,1,plate,7,3,,7,4,,1,24.00215066333801,70.39614867410002,,,0,1.0,30.0,104.0,24.0,,plate,1,1.0,30.0
1308,0,1,,0,2,tomato_cut,4.0,3,0,3,None_cut,3.3749999999999964,3,2,2,tomato,2,3,plate,2,4,plate,2,5,plate,4,0,tomato,5,0,tomato,6,0,plate,6,3,,6,4,,7,1,plate,7,3,,7,4,,1,24.001963923870033,69.14614868804911,,,0,1.0,30.0,104.0,24.0,,plate,1,1.0,30.0
1309,0,1,,0,2,tomato_cut,4.0,3,0,3,None_cut,3.3749999999999964,3,2,2,tomato,2,3,plate,2,4,plate,2,5,plate,4,0,tomato,5,0,tomato,6,0,plate,6,3,,6,4,,7,1,plate,7,3,,7,4,,1,24.001777184402055,67.8961487019982,,,0,1.0,30.0,104.0,24.0,,plate,1,1.0,30.0
1310,0,1,,0,2,tomato_cut,4.0,3,0,3,None_cut,3.3749999999999964,3,2,2,tomato,2,3,plate,2,4,plate,2,5,plate,4,0,tomato,5,0,tomato,6,0,plate,6,3,,6,4,,7,1,plate,7,3,,7,4,,1,24.001590444934077,66.64614871594729,,,0,1.0,30.0,104.0,24.0,,plate,1,1.0,30.0
1311,0,1,,0,2,tomato_cut,4.0,3,0,3,None_cut,3.3749999999999964,3,2,2,tomato,2,3,plate,2,4,plate,2,5,plate,4,0,tomato,5,0,tomato,6,0,plate,6,3,,6,4,,7,1,plate,7,3,,7,4,,1,24.001403705466217,65.39614872989638,,,0,1.0,30.0,104.0,24.0,,plate,1,1.0,30.0
1312,0,1,,0,2,tomato_cut,4.0,3,0,3,None_cut,3.3749999999999964,3,2,2,tomato,2,3,plate,2,4,plate,2,5,plate,4,0,tomato,5,0,tomato,6,0,plate,6,3,,6,4,,7,1,plate,7,3,,7,4,,1,24.001216965998417,64.14614874384547,,,0,1.0,30.0,104.0,24.0,,plate,1,1.0,30.0
1313,0,1,,0,2,tomato_cut,4.0,3,0,3,None_cut,3.3749999999999964,3,2,2,tomato,2,3,plate,2,4,plate,2,5,plate,4,0,tomato,5,0,tomato,6,0,plate,6,3,,6,4,,7,1,plate,7,3,,7,4,,1,24.001030226530617,62.89614875779393,,,0,1.0,30.0,104.0,24.0,,plate,1,1.0,30.0
1314,0,1,,0,2,tomato_cut,4.0,3,0,3,None_cut,3.3749999999999964,3,2,2,tomato,2,3,plate,2,4,plate,2,5,plate,4,0,tomato,5,0,tomato,6,0,plate,6,3,,6,4,,7,1,plate,7,3,,7,4,,1,24.000843487062816,61.64614877174231,,,0,1.0,30.0,104.0,24.0,,plate,1,1.0,30.0
1315,0,1,,0,2,tomato_cut,4.0,3,0,3,None_cut,3.3749999999999964,3,2,2,tomato,2,3,plate,2,4,plate,2,5,plate,4,0,tomato,5,0,tomato,6,0,plate,6,3,,6,4,,7,1,plate,7,3,,7,4,,1,24.000656747595016,60.39614878569069,,,0,1.0,30.0,104.0,24.0,,plate,1,1.0,30.0
1316,0,1,,0,2,tomato_cut,4.0,3,0,3,None_cut,3.3749999999999964,3,2,2,tomato,2,3,plate,2,4,plate,2,5,plate,4,0,tomato,5,0,tomato,6,0,plate,6,3,,6,4,,7,1,plate,7,3,,7,4,,1,24.000470008127216,59.14614879963907,,,0,1.0,30.0,104.0,24.0,,plate,1,1.0,30.0
1317,0,1,,0,2,tomato_cut,4.0,3,0,3,None_cut,3.3749999999999964,3,2,2,tomato,2,3,plate,2,4,plate,2,5,plate,4,0,tomato,5,0,tomato,6,0,plate,6,3,,6,4,,7,1,plate,7,3,,7,4,,1,24.000283268659416,57.89614881358745,,,0,1.0,30.0,104.0,24.0,,plate,1,1.0,30.0
1318,0,1,,0,2,tomato_cut,4.0,3,0,3,None_cut,3.3749999999999964,3,2,2,tomato,2,3,plate,2,4,plate,2,5,plate,4,0,tomato,5,0,tomato,6,0,plate,6,3,,6,4,,7,1,plate,7,3,,7,4,,1,24.000096529191616,56.64614882753583,,,0,1.0,30.0,104.0,24.0,,plate,1,1.0,30.0
1319,0,1,,0,2,tomato_cut,4.0,3,0,3,None_cut,3.3749999999999964,3,2,2,tomato,2,3,plate,2,4,plate,2,5,plate,4,0,tomato,5,0,tomato,6,0,plate,6,3,,6,4,,7,1,plate,7,3,,7,4,,1,24.000027855578324,55.39614883255843,,,0,1.0,30.0,104.0,24.0,,plate,1,1.0,30.0
1320,0,1,,0,2,tomato_cut,4.0,3,0,3,None_cut,3.3749999999999964,3,2,2,tomato,2,3,plate,2,4,plate,2,5,plate,4,0,tomato,5,0,tomato,6,0,plate,6,3,,6,4,,7,1,plate,7,3,,7,4,,1,24.000025594008147,54.14614883256028,,,0,1.0,30.0,104.0,24.0,,plate,1,1.0,30.0
1321,0,1,,0,2,tomato_cut,4.0,3,0,3,None_cut,3.3749999999999964,3,2,2,tomato,2,3,plate,2,4,plate,2,5,plate,4,0,tomato,5,0,tomato,6,0,plate,6,3,,6,4,,7,1,plate,7,3,,7,4,,1,24.000023332437838,52.896148832562126,,,0,1.0,30.0,104.0,24.0,,plate,1,1.0,30.0
1322,0,1,,0,2,tomato_cut,4.0,3,0,3,None_cut,3.3749999999999964,3,2,2,tomato,2,3,plate,2,4,plate,2,5,plate,4,0,tomato,5,0,tomato,6,0,plate,6,3,,6,4,,7,1,plate,7,3,,7,4,,1,24.00002107086753,51.64614883256397,,,0,1.0,30.0,104.0,24.0,,plate,1,1.0,30.0
1323,0,1,,0,2,tomato_cut,4.0,3,0,3,None_cut,3.3749999999999964,3,2,2,tomato,2,3,plate,2,4,plate,2,5,plate,4,0,tomato,5,0,tomato,6,0,plate,6,3,,6,4,,7,1,plate,7,3,,7,4,,1,24.00001880929722,50.39614883256582,,,0,1.0,30.0,104.0,24.0,,plate,1,1.0,30.0
1324,0,1,,0,2,tomato_cut,4.0,3,0,3,None_cut,3.3749999999999964,3,2,2,tomato,2,3,plate,2,4,plate,2,5,plate,4,0,tomato,5,0,tomato,6,0,plate,6,3,,6,4,,7,1,plate,7,3,,7,4,,1,24.00001654772691,49.14614883256767,,,0,1.0,30.0,104.0,24.0,,plate,1,1.0,30.0
1325,0,1,,0,2,tomato_cut,4.0,3,0,3,None_cut,3.3749999999999964,3,2,2,tomato,2,3,plate,2,4,plate,2,5,plate,4,0,tomato,5,0,tomato,6,0,plate,6,3,,6,4,,7,1,plate,7,3,,7,4,,1,24.000014286156603,47.896148832569516,,,0,1.0,30.0,104.0,24.0,,plate,1,1.0,30.0
1326,0,1,,0,2,tomato_cut,4.0,3,0,3,None_cut,3.3749999999999964,3,2,2,tomato,2,3,plate,2,4,plate,2,5,plate,4,0,tomato,5,0,tomato,6,0,plate,6,3,,6,4,,7,1,plate,7,3,,7,4,,1,24.000012024586294,46.64614883257136,,,0,1.0,30.0,104.0,24.0,,plate,1,1.0,30.0
1327,0,1,,0,2,tomato_cut,4.0,3,0,3,None_cut,3.3749999999999964,3,2,2,tomato,2,3,plate,2,4,plate,2,5,plate,4,0,tomato,5,0,tomato,6,0,plate,6,3,,6,4,,7,1,plate,7,3,,7,4,,1,24.000009763015985,45.39614883257321,,,0,1.0,30.0,104.0,24.0,,plate,1,1.0,30.0
1328,0,1,,0,2,tomato_cut,4.0,3,0,3,None_cut,3.3749999999999964,3,2,2,tomato,2,3,plate,2,4,plate,2,5,plate,4,0,tomato,5,0,tomato,6,0,plate,6,3,,6,4,,7,1,plate,7,3,,7,4,,1,24.000007501445676,44.14614883257506,,,0,1.0,30.0,104.0,24.0,,plate,1,1.0,30.0
1329,0,1,,0,2,tomato_cut,4.0,3,0,3,None_cut,3.3749999999999964,3,2,2,tomato,2,3,plate,2,4,plate,2,5,plate,4,0,tomato,5,0,tomato,6,0,plate,6,3,,6,4,,7,1,plate,7,3,,7,4,,1,24.000005239875367,42.896148832576905,,,0,1.0,30.0,104.0,24.0,,plate,1,1.0,30.0
1330,0,1,,0,2,tomato_cut,4.0,3,0,3,None_cut,3.3749999999999964,3,2,2,tomato,2,3,plate,2,4,plate,2,5,plate,4,0,tomato,5,0,tomato,6,0,plate,6,3,,6,4,,7,1,plate,7,3,,7,4,,1,24.00000297830506,41.64614883257875,,,0,1.0,30.0,104.0,24.0,,plate,1,1.0,30.0
1331,0,1,,0,2,tomato_cut,4.0,3,0,3,None_cut,3.3749999999999964,3,2,2,tomato,2,3,plate,2,4,plate,2,5,plate,4,0,tomato,5,0,tomato,6,0,plate,6,3,,6,4,,7,1,plate,7,3,,7,4,,1,24.00000071673475,40.3961488325806,,,0,1.0,30.0,104.0,24.0,,plate,1,1.0,30.0
1332,0,1,,0,2,tomato_cut,4.0,3,0,3,None_cut,3.3749999999999964,3,2,2,tomato,2,3,plate,2,4,plate,2,5,plate,4,0,tomato,5,0,tomato,6,0,plate,6,3,,6,4,,7,1,plate,7,3,,7,4,,1,24.0,40.0,,,0,1.0,30.0,104.0,24.0,,plate,1,1.0,30.0
1333,0,1,,0,2,None_cut,4.0,3,0,3,None_cut,3.3749999999999964,3,2,2,tomato,2,3,plate,2,4,plate,2,5,plate,4,0,tomato,5,0,tomato,6,0,plate,6,3,,6,4,,7,1,plate,7,3,,7,4,,1,24.0,40.0,,tomato_cut,0,1.0,30.0,104.0,24.0,,plate,1,1.0,30.0
1334,0,1,,0,2,None_cut,4.0,3,0,3,None_cut,3.3749999999999964,3,2,2,tomato,2,3,plate,2,4,plate,2,5,plate,4,0,tomato,5,0,tomato,6,0,plate,6,3,,6,4,,7,1,plate,7,3,,7,4,,1,24.0,40.0,,tomato_cut,0,1.0,30.0,104.0,24.0,,plate,1,1.0,30.0
1335,0,1,,0,2,None_cut,4.0,3,0,3,None_cut,3.3749999999999964,3,2,2,tomato,2,3,plate,2,4,plate,2,5,plate,4,0,tomato,5,0,tomato,6,0,plate,6,3,,6,4,,7,1,plate,7,3,,7,4,,1,24.0,40.0,,tomato_cut,0,1.0,30.0,104.0,24.0,,plate,1,1.0,30.0
1336,0,1,,0,2,None_cut,4.0,3,0,3,None_cut,3.3749999999999964,3,2,2,tomato,2,3,plate,2,4,plate,2,5,plate,4,0,tomato,5,0,tomato,6,0,plate,6,3,,6,4,,7,1,plate,7,3,,7,4,,1,24.0,40.0,,tomato_cut,0,1.0,30.0,104.0,24.0,,plate,1,1.0,30.0
1337,0,1,,0,2,None_cut,4.0,3,0,3,None_cut,3.3749999999999964,3,2,2,tomato,2,3,plate,2,4,plate,2,5,plate,4,0,tomato,5,0,tomato,6,0,plate,6,3,,6,4,,7,1,plate,7,3,,7,4,,1,24.0,40.0,,tomato_cut,0,1.0,30.0,104.0,24.0,,plate,1,1.0,30.0
1338,0,1,,0,2,None_cut,4.0,3,0,3,None_cut,3.3749999999999964,3,2,2,tomato,2,3,plate,2,4,plate,2,5,plate,4,0,tomato,5,0,tomato,6,0,plate,6,3,,6,4,,7,1,plate,7,3,,7,4,,1,24.0,40.0,,tomato_cut,0,1.0,30.0,104.0,24.0,,plate,1,1.0,30.0
1339,0,1,,0,2,None_cut,4.0,3,0,3,None_cut,3.3749999999999964,3,2,2,tomato,2,3,plate,2,4,plate,2,5,plate,4,0,tomato,5,0,tomato,6,0,plate,6,3,,6,4,,7,1,plate,7,3,,7,4,,1,24.0,40.0,,tomato_cut,0,1.0,30.0,104.0,24.0,,plate,1,1.0,30.0
1340,0,1,,0,2,None_cut,4.0,3,0,3,None_cut,3.3749999999999964,3,2,2,tomato,2,3,plate,2,4,plate,2,5,plate,4,0,tomato,5,0,tomato,6,0,plate,6,3,,6,4,,7,1,plate,7,3,,7,4,,1,24.0,40.0,,tomato_cut,0,1.0,30.0,104.0,24.0,,plate,1,1.0,30.0
1341,0,1,,0,2,None_cut,4.0,3,0,3,None_cut,3.3749999999999964,3,2,2,tomato,2,3,plate,2,4,plate,2,5,plate,4,0,tomato,5,0,tomato,6,0,plate,6,3,,6,4,,7,1,plate,7,3,,7,4,,1,24.0,40.0,,tomato_cut,0,1.0,30.0,104.0,24.0,,plate,1,1.0,30.0
1342,0,1,,0,2,None_cut,4.0,3,0,3,None_cut,3.3749999999999964,3,2,2,tomato,2,3,plate,2,4,plate,2,5,plate,4,0,tomato,5,0,tomato,6,0,plate,6,3,,6,4,,7,1,plate,7,3,,7,4,,1,24.0,40.0,,tomato_cut,0,1.0,30.0,104.0,24.0,,plate,1,1.0,30.0
1343,0,1,,0,2,None_cut,4.0,3,0,3,None_cut,3.3749999999999964,3,2,2,tomato,2,3,plate,2,4,plate,2,5,plate,4,0,tomato,5,0,tomato,6,0,plate,6,3,,6,4,,7,1,plate,7,3,,7,4,,1,24.0,40.0,,tomato_cut,0,1.0,30.0,104.0,24.0,,plate,1,1.0,30.0
1344,0,1,,0,2,None_cut,4.0,3,0,3,None_cut,3.3749999999999964,3,2,2,tomato,2,3,plate,2,4,plate,2,5,plate,4,0,tomato,5,0,tomato,6,0,plate,6,3,,6,4,,7,1,plate,7,3,,7,4,,1,24.0,40.0,,tomato_cut,0,1.0,30.0,104.0,24.0,,plate,1,1.0,30.0
1345,0,1,,0,2,None_cut,4.0,3,0,3,None_cut,3.3749999999999964,3,2,2,tomato,2,3,plate,2,4,plate,2,5,plate,4,0,tomato,5,0,tomato,6,0,plate,6,3,,6,4,,7,1,plate,7,3,,7,4,,1,24.0,40.0,,tomato_cut,0,1.0,30.0,104.0,24.0,,plate,1,1.0,30.0
1346,0,1,,0,2,None_cut,4.0,3,0,3,None_cut,3.3749999999999964,3,2,2,tomato,2,3,plate,2,4,plate,2,5,plate,4,0,tomato,5,0,tomato,6,0,plate,6,3,,6,4,,7,1,plate,7,3,,7,4,,1,24.0,40.0,,tomato_cut,0,1.0,30.0,104.0,24.0,,plate,1,1.0,30.0
1347,0,1,,0,2,None_cut,4.0,3,0,3,None_cut,3.3749999999999964,3,2,2,tomato,2,3,plate,2,4,plate,2,5,plate,4,0,tomato,5,0,tomato,6,0,plate,6,3,,6,4,,7,1,plate,7,3,,7,4,,1,24.0,40.0,,tomato_cut,0,1.0,30.0,104.0,24.0,,plate,1,1.0,30.0
1348,0,1,,0,2,None_cut,4.0,3,0,3,None_cut,3.3749999999999964,3,2,2,tomato,2,3,plate,2,4,plate,2,5,plate,4,0,tomato,5,0,tomato,6,0,plate,6,3,,6,4,,7,1,plate,7,3,,7,4,,1,24.0,40.0,,tomato_cut,0,1.0,30.0,104.0,24.0,,plate,1,1.0,30.0
1349,0,1,,0,2,None_cut,4.0,3,0,3,None_cut,3.3749999999999964,3,2,2,tomato,2,3,plate,2,4,plate,2,5,plate,4,0,tomato,5,0,tomato,6,0,plate,6,3,,6,4,,7,1,plate,7,3,,7,4,,1,24.0,40.0,,tomato_cut,0,1.0,30.0,104.0,24.0,,plate,1,1.0,30.0
1350,0,1,,0,2,None_cut,4.0,3,0,3,None_cut,3.3749999999999964,3,2,2,tomato,2,3,plate,2,4,plate,2,5,plate,4,0,tomato,5,0,tomato,6,0,plate,6,3,,6,4,,7,1,plate,7,3,,7,4,,1,24.0,40.0,,tomato_cut,0,1.0,30.0,104.0,24.0,,plate,1,1.0,30.0
1351,0,1,,0,2,None_cut,4.0,3,0,3,None_cut,3.3749999999999964,3,2,2,tomato,2,3,plate,2,4,plate,2,5,plate,4,0,tomato,5,0,tomato,6,0,plate,6,3,,6,4,,7,1,plate,7,3,,7,4,,1,24.0,40.0,,tomato_cut,0,1.0,30.0,104.0,24.0,,plate,1,1.0,30.0
1352,0,1,,0,2,None_cut,4.0,3,0,3,None_cut,3.3749999999999964,3,2,2,tomato,2,3,plate,2,4,plate,2,5,plate,4,0,tomato,5,0,tomato,6,0,plate,6,3,,6,4,,7,1,plate,7,3,,7,4,,1,24.0,40.0,,tomato_cut,0,1.0,30.0,104.0,24.0,,plate,1,1.0,30.0
1353,0,1,,0,2,None_cut,4.0,3,0,3,None_cut,3.3749999999999964,3,2,2,tomato,2,3,plate,2,4,plate,2,5,plate,4,0,tomato,5,0,tomato,6,0,plate,6,3,,6,4,,7,1,plate,7,3,,7,4,,1,24.0,40.0,,tomato_cut,0,1.0,30.0,104.0,24.0,,plate,1,1.0,30.0
1354,0,1,,0,2,None_cut,4.0,3,0,3,None_cut,3.3749999999999964,3,2,2,tomato,2,3,plate,2,4,plate,2,5,plate,4,0,tomato,5,0,tomato,6,0,plate,6,3,,6,4,,7,1,plate,7,3,,7,4,,1,24.0,40.0,,tomato_cut,0,1.0,30.0,104.0,24.0,,plate,1,1.0,30.0
1355,0,1,,0,2,None_cut,4.0,3,0,3,None_cut,3.3749999999999964,3,2,2,tomato,2,3,plate,2,4,plate,2,5,plate,4,0,tomato,5,0,tomato,6,0,plate,6,3,,6,4,,7,1,plate,7,3,,7,4,,1,24.0,40.0,,tomato_cut,0,1.0,30.0,104.0,24.0,,plate,1,1.0,30.0
1356,0,1,,0,2,None_cut,4.0,3,0,3,None_cut,3.3749999999999964,3,2,2,tomato,2,3,plate,2,4,plate,2,5,plate,4,0,tomato,5,0,tomato,6,0,plate,6,3,,6,4,,7,1,plate,7,3,,7,4,,1,24.0,40.0,,tomato_cut,0,1.0,30.0,104.0,24.0,,plate,1,1.0,30.0
1357,0,1,,0,2,None_cut,4.0,3,0,3,None_cut,3.3749999999999964,3,2,2,tomato,2,3,plate,2,4,plate,2,5,plate,4,0,tomato,5,0,tomato,6,0,plate,6,3,,6,4,,7,1,plate,7,3,,7,4,,1,24.0,40.0,,tomato_cut,0,1.0,30.0,104.0,24.0,,plate,1,1.0,30.0
1358,0,1,,0,2,None_cut,4.0,3,0,3,None_cut,3.3749999999999964,3,2,2,tomato,2,3,plate,2,4,plate,2,5,plate,4,0,tomato,5,0,tomato,6,0,plate,6,3,,6,4,,7,1,plate,7,3,,7,4,,1,24.0,40.0,,tomato_cut,0,1.0,30.0,104.0,24.0,,plate,1,1.0,30.0
1359,0,1,,0,2,None_cut,4.0,3,0,3,None_cut,3.3749999999999964,3,2,2,tomato,2,3,plate,2,4,plate,2,5,plate,4,0,tomato,5,0,tomato,6,0,plate,6,3,,6,4,,7,1,plate,7,3,,7,4,,1,24.0,41.250000000000284,,tomato_cut,0,1.0,30.0,104.0,24.0,,plate,1,1.0,30.0
1360,0,1,,0,2,None_cut,4.0,3,0,3,None_cut,3.3749999999999964,3,2,2,tomato,2,3,plate,2,4,plate,2,5,plate,4,0,tomato,5,0,tomato,6,0,plate,6,3,,6,4,,7,1,plate,7,3,,7,4,,1,24.0,42.50000000000057,,tomato_cut,0,1.0,30.0,104.0,24.0,,plate,1,1.0,30.0
1361,0,1,,0,2,None_cut,4.0,3,0,3,None_cut,3.3749999999999964,3,2,2,tomato,2,3,plate,2,4,plate,2,5,plate,4,0,tomato,5,0,tomato,6,0,plate,6,3,,6,4,,7,1,plate,7,3,,7,4,,1,24.0,43.75000000000085,,tomato_cut,0,1.0,30.0,104.0,24.0,,plate,1,1.0,30.0
1362,0,1,,0,2,None_cut,4.0,3,0,3,None_cut,3.3749999999999964,3,2,2,tomato,2,3,plate,2,4,plate,2,5,plate,4,0,tomato,5,0,tomato,6,0,plate,6,3,,6,4,,7,1,plate,7,3,,7,4,,1,24.0,45.00000000000114,,tomato_cut,0,1.0,30.0,104.0,24.0,,plate,1,1.0,30.0
1363,0,1,,0,2,None_cut,4.0,3,0,3,None_cut,3.3749999999999964,3,2,2,tomato,2,3,plate,2,4,plate,2,5,plate,4,0,tomato,5,0,tomato,6,0,plate,6,3,,6,4,,7,1,plate,7,3,,7,4,,1,24.0,46.25000000000142,,tomato_cut,0,1.0,30.0,104.0,24.0,,plate,1,1.0,30.0
1364,0,1,,0,2,None_cut,4.0,3,0,3,None_cut,3.3749999999999964,3,2,2,tomato,2,3,plate,2,4,plate,2,5,plate,4,0,tomato,5,0,tomato,6,0,plate,6,3,,6,4,,7,1,plate,7,3,,7,4,,1,24.0,47.500000000001705,,tomato_cut,0,1.0,30.0,104.0,24.0,,plate,1,1.0,30.0
1365,0,1,,0,2,None_cut,4.0,3,0,3,None_cut,3.3749999999999964,3,2,2,tomato,2,3,plate,2,4,plate,2,5,plate,4,0,tomato,5,0,tomato,6,0,plate,6,3,,6,4,,7,1,plate,7,3,,7,4,,1,24.0,48.75000000000199,,tomato_cut,0,1.0,30.0,104.0,24.0,,plate,1,1.0,30.0
1366,0,1,,0,2,None_cut,4.0,3,0,3,None_cut,3.3749999999999964,3,2,2,tomato,2,3,plate,2,4,plate,2,5,plate,4,0,tomato,5,0,tomato,6,0,plate,6,3,,6,4,,7,1,plate,7,3,,7,4,,1,24.0,50.000000000002274,,tomato_cut,0,1.0,30.0,104.0,24.0,,plate,1,1.0,30.0
1367,0,1,,0,2,None_cut,4.0,3,0,3,None_cut,3.3749999999999964,3,2,2,tomato,2,3,plate,2,4,plate,2,5,plate,4,0,tomato,5,0,tomato,6,0,plate,6,3,,6,4,,7,1,plate,7,3,,7,4,,1,24.0,51.25000000000256,,tomato_cut,0,1.0,30.0,104.0,24.0,,plate,1,1.0,30.0
1368,0,1,,0,2,None_cut,4.0,3,0,3,None_cut,3.3749999999999964,3,2,2,tomato,2,3,plate,2,4,plate,2,5,plate,4,0,tomato,5,0,tomato,6,0,plate,6,3,,6,4,,7,1,plate,7,3,,7,4,,1,24.0,52.50000000000284,,tomato_cut,0,1.0,30.0,104.0,24.0,,plate,1,1.0,30.0
1369,0,1,,0,2,None_cut,4.0,3,0,3,None_cut,3.3749999999999964,3,2,2,tomato,2,3,plate,2,4,plate,2,5,plate,4,0,tomato,5,0,tomato,6,0,plate,6,3,,6,4,,7,1,plate,7,3,,7,4,,1,24.0,53.750000000003126,,tomato_cut,0,1.0,30.0,104.0,24.0,,plate,1,1.0,30.0
1370,0,1,,0,2,None_cut,4.0,3,0,3,None_cut,3.3749999999999964,3,2,2,tomato,2,3,plate,2,4,plate,2,5,plate,4,0,tomato,5,0,tomato,6,0,plate,6,3,,6,4,,7,1,plate,7,3,,7,4,,1,24.0,55.00000000000341,,tomato_cut,0,1.0,30.0,104.0,24.0,,plate,1,1.0,30.0
1371,0,1,,0,2,None_cut,4.0,3,0,3,None_cut,3.3749999999999964,3,2,2,tomato,2,3,plate,2,4,plate,2,5,plate,4,0,tomato,5,0,tomato,6,0,plate,6,3,,6,4,,7,1,plate,7,3,,7,4,,1,24.0,56.250000000003695,,tomato_cut,0,1.0,30.0,104.0,24.0,,plate,1,1.0,30.0
1372,0,1,,0,2,None_cut,4.0,3,0,3,None_cut,3.3749999999999964,3,2,2,tomato,2,3,plate,2,4,plate,2,5,plate,4,0,tomato,5,0,tomato,6,0,plate,6,3,,6,4,,7,1,plate,7,3,,7,4,,1,24.0,57.50000000000398,,tomato_cut,0,1.0,30.0,104.0,24.0,,plate,1,1.0,30.0
1373,0,1,,0,2,None_cut,4.0,3,0,3,None_cut,3.3749999999999964,3,2,2,tomato,2,3,plate,2,4,plate,2,5,plate,4,0,tomato,5,0,tomato,6,0,plate,6,3,,6,4,,7,1,plate,7,3,,7,4,,1,24.0,58.75000000000426,,tomato_cut,0,1.0,30.0,104.0,24.0,,plate,1,1.0,30.0
1374,0,1,,0,2,None_cut,4.0,3,0,3,None_cut,3.3749999999999964,3,2,2,tomato,2,3,plate,2,4,plate,2,5,plate,4,0,tomato,5,0,tomato,6,0,plate,6,3,,6,4,,7,1,plate,7,3,,7,4,,1,24.0,60.00000000000455,,tomato_cut,0,1.0,30.0,104.0,24.0,,plate,1,1.0,30.0
1375,0,1,,0,2,None_cut,4.0,3,0,3,None_cut,3.3749999999999964,3,2,2,tomato,2,3,plate,2,4,plate,2,5,plate,4,0,tomato,5,0,tomato,6,0,plate,6,3,,6,4,,7,1,plate,7,3,,7,4,,1,24.0,61.25000000000483,,tomato_cut,0,1.0,30.0,104.0,24.0,,plate,1,1.0,30.0
1376,0,1,,0,2,None_cut,4.0,3,0,3,None_cut,3.3749999999999964,3,2,2,tomato,2,3,plate,2,4,plate,2,5,plate,4,0,tomato,5,0,tomato,6,0,plate,6,3,,6,4,,7,1,plate,7,3,,7,4,,1,24.0,62.500000000005116,,tomato_cut,0,1.0,30.0,104.0,24.0,,plate,1,1.0,30.0
1377,0,1,,0,2,None_cut,4.0,3,0,3,None_cut,3.3749999999999964,3,2,2,tomato,2,3,plate,2,4,plate,2,5,plate,4,0,tomato,5,0,tomato,6,0,plate,6,3,,6,4,,7,1,plate,7,3,,7,4,,1,24.0,63.7500000000054,,tomato_cut,0,1.0,30.0,104.0,24.0,,plate,1,1.0,30.0
1378,0,1,,0,2,None_cut,4.0,3,0,3,None_cut,3.3749999999999964,3,2,2,tomato,2,3,plate,2,4,plate,2,5,plate,4,0,tomato,5,0,tomato,6,0,plate,6,3,,6,4,,7,1,plate,7,3,,7,4,,1,24.0,65.00000000000568,,tomato_cut,0,1.0,30.0,104.0,24.0,,plate,1,1.0,30.0
1379,0,1,,0,2,None_cut,4.0,3,0,3,None_cut,3.3749999999999964,3,2,2,tomato,2,3,plate,2,4,plate,2,5,plate,4,0,tomato,5,0,tomato,6,0,plate,6,3,,6,4,,7,1,plate,7,3,,7,4,,1,24.0,66.25000000000597,,tomato_cut,0,1.0,30.0,104.0,24.0,,plate,1,1.0,30.0
1380,0,1,,0,2,None_cut,4.0,3,0,3,None_cut,3.3749999999999964,3,2,2,tomato,2,3,plate,2,4,plate,2,5,plate,4,0,tomato,5,0,tomato,6,0,plate,6,3,,6,4,,7,1,plate,7,3,,7,4,,1,24.0,67.50000000000625,,tomato_cut,0,1.0,30.0,104.0,24.0,,plate,1,1.0,30.0
1381,0,1,,0,2,None_cut,4.0,3,0,3,None_cut,3.3749999999999964,3,2,2,tomato,2,3,plate,2,4,plate,2,5,plate,4,0,tomato,5,0,tomato,6,0,plate,6,3,,6,4,,7,1,plate,7,3,,7,4,,1,24.0,68.75000000000654,,tomato_cut,0,1.0,30.0,104.0,24.0,,plate,1,1.0,30.0
1382,0,1,,0,2,None_cut,4.0,3,0,3,None_cut,3.3749999999999964,3,2,2,tomato,2,3,plate,2,4,plate,2,5,plate,4,0,tomato,5,0,tomato,6,0,plate,6,3,,6,4,,7,1,plate,7,3,,7,4,,1,24.0,70.00000000000682,,tomato_cut,0,1.0,30.0,104.0,24.0,,plate,1,1.0,30.0
1383,0,1,,0,2,None_cut,4.0,3,0,3,None_cut,3.3749999999999964,3,2,2,tomato,2,3,plate,2,4,plate,2,5,plate,4,0,tomato,5,0,tomato,6,0,plate,6,3,,6,4,,7,1,plate,7,3,,7,4,,1,24.0,71.2500000000071,,tomato_cut,0,1.0,30.0,104.0,24.0,,plate,1,1.0,30.0
1384,0,1,,0,2,None_cut,4.0,3,0,3,None_cut,3.3749999999999964,3,2,2,tomato,2,3,plate,2,4,plate,2,5,plate,4,0,tomato,5,0,tomato,6,0,plate,6,3,,6,4,,7,1,plate,7,3,,7,4,,1,24.0,72.50000000000739,,tomato_cut,0,1.0,30.0,104.0,24.0,,plate,1,1.0,30.0
1385,0,1,,0,2,None_cut,4.0,3,0,3,None_cut,3.3749999999999964,3,2,2,tomato,2,3,plate,2,4,plate,2,5,plate,4,0,tomato,5,0,tomato,6,0,plate,6,3,,6,4,,7,1,plate,7,3,,7,4,,1,24.0,73.75000000000767,,tomato_cut,0,1.0,30.0,104.0,24.0,,plate,1,1.0,30.0
1386,0,1,,0,2,None_cut,4.0,3,0,3,None_cut,3.3749999999999964,3,2,2,tomato,2,3,plate,2,4,plate,2,5,plate,4,0,tomato,5,0,tomato,6,0,plate,6,3,,6,4,,7,1,plate,7,3,,7,4,,1,24.0,75.00000000000796,,tomato_cut,0,1.0,30.0,104.0,24.0,,plate,1,1.0,30.0
1387,0,1,,0,2,None_cut,4.0,3,0,3,None_cut,3.3749999999999964,3,2,2,tomato,2,3,plate,2,4,plate,2,5,plate,4,0,tomato,5,0,tomato,6,0,plate,6,3,,6,4,,7,1,plate,7,3,,7,4,,1,24.0,76.25000000000824,,tomato_cut,0,1.0,30.0,104.0,24.0,,plate,1,1.0,30.0
1388,0,1,,0,2,None_cut,4.0,3,0,3,None_cut,3.3749999999999964,3,2,2,tomato,2,3,plate,2,4,plate,2,5,plate,4,0,tomato,5,0,tomato,6,0,plate,6,3,,6,4,,7,1,plate,7,3,,7,4,,1,24.0,77.50000000000853,,tomato_cut,0,1.0,30.0,104.0,24.0,,plate,1,1.0,30.0
1389,0,1,,0,2,None_cut,4.0,3,0,3,None_cut,3.3749999999999964,3,2,2,tomato,2,3,plate,2,4,plate,2,5,plate,4,0,tomato,5,0,tomato,6,0,plate,6,3,,6,4,,7,1,plate,7,3,,7,4,,1,24.0,78.75000000000881,,tomato_cut,0,1.0,30.0,104.0,24.0,,plate,1,1.0,30.0
1390,0,1,,0,2,None_cut,4.0,3,0,3,None_cut,3.3749999999999964,3,2,2,tomato,2,3,plate,2,4,plate,2,5,plate,4,0,tomato,5,0,tomato,6,0,plate,6,3,,6,4,,7,1,plate,7,3,,7,4,,1,24.0,80.0000000000091,,tomato_cut,0,1.0,30.0,104.0,24.0,,plate,1,1.0,30.0
1391,0,1,,0,2,None_cut,4.0,3,0,3,None_cut,3.3749999999999964,3,2,2,tomato,2,3,plate,2,4,plate,2,5,plate,4,0,tomato,5,0,tomato,6,0,plate,6,3,,6,4,,7,1,plate,7,3,,7,4,,1,24.0,81.25000000000938,,tomato_cut,0,1.0,30.0,104.0,24.0,,plate,1,1.0,30.0
1392,0,1,,0,2,None_cut,4.0,3,0,3,None_cut,3.3749999999999964,3,2,2,tomato,2,3,plate,2,4,plate,2,5,plate,4,0,tomato,5,0,tomato,6,0,plate,6,3,,6,4,,7,1,plate,7,3,,7,4,,1,24.0,82.50000000000966,,tomato_cut,0,1.0,30.0,104.0,24.0,,plate,1,1.0,30.0
1393,0,1,,0,2,None_cut,4.0,3,0,3,None_cut,3.3749999999999964,3,2,2,tomato,2,3,plate,2,4,plate,2,5,plate,4,0,tomato,5,0,tomato,6,0,plate,6,3,,6,4,,7,1,plate,7,3,,7,4,,1,24.0,83.75000000000995,,tomato_cut,0,1.0,30.0,104.0,24.0,,plate,1,1.0,30.0
1394,0,1,,0,2,None_cut,4.0,3,0,3,None_cut,3.3749999999999964,3,2,2,tomato,2,3,plate,2,4,plate,2,5,plate,4,0,tomato,5,0,tomato,6,0,plate,6,3,,6,4,,7,1,plate,7,3,,7,4,,1,24.0,85.00000000001023,,tomato_cut,0,1.0,30.0,104.0,24.0,,plate,1,1.0,30.0
1395,0,1,,0,2,None_cut,4.0,3,0,3,None_cut,3.3749999999999964,3,2,2,tomato,2,3,plate,2,4,plate,2,5,plate,4,0,tomato,5,0,tomato,6,0,plate,6,3,,6,4,,7,1,plate,7,3,,7,4,,1,24.0,86.25000000001052,,tomato_cut,0,1.0,30.0,104.0,24.0,,plate,1,1.0,30.0
1396,0,1,,0,2,None_cut,4.0,3,0,3,None_cut,3.3749999999999964,3,2,2,tomato,2,3,plate,2,4,plate,2,5,plate,4,0,tomato,5,0,tomato,6,0,plate,6,3,,6,4,,7,1,plate,7,3,,7,4,,1,24.0,87.5000000000108,,tomato_cut,0,1.0,30.0,104.0,24.0,,plate,1,1.0,30.0
1397,0,1,,0,2,None_cut,4.0,3,0,3,None_cut,3.3749999999999964,3,2,2,tomato,2,3,plate,2,4,plate,2,5,plate,4,0,tomato,5,0,tomato,6,0,plate,6,3,,6,4,,7,1,plate,7,3,,7,4,,1,24.0,88.0,,tomato_cut,0,1.0,30.0,104.0,24.0,,plate,1,1.0,30.0
1398,0,1,,0,2,None_cut,4.0,3,0,3,None_cut,3.3749999999999964,3,2,2,tomato,2,3,plate,2,4,plate,2,5,tomato_salad,4,0,tomato,5,0,tomato,6,0,plate,6,3,,6,4,,7,1,plate,7,3,,7,4,,1,24.0,88.0,,,0,1.0,30.0,104.0,24.0,,plate,1,1.0,30.0
1399,0,1,,0,2,None_cut,4.0,3,0,3,None_cut,3.3749999999999964,3,2,2,tomato,2,3,plate,2,4,plate,2,5,tomato_salad,4,0,tomato,5,0,tomato,6,0,plate,6,3,,6,4,,7,1,plate,7,3,,7,4,,1,24.0,88.0,,,0,1.0,30.0,104.0,24.0,,plate,1,1.0,30.0
1400,0,1,,0,2,None_cut,4.0,3,0,3,None_cut,3.3749999999999964,3,2,2,tomato,2,3,plate,2,4,plate,2,5,tomato_salad,4,0,tomato,5,0,tomato,6,0,plate,6,3,,6,4,,7,1,plate,7,3,,7,4,,1,24.0,88.0,,,0,1.0,30.0,104.0,24.0,,plate,1,1.0,30.0
1401,0,1,,0,2,None_cut,4.0,3,0,3,None_cut,3.3749999999999964,3,2,2,tomato,2,3,plate,2,4,plate,2,5,tomato_salad,4,0,tomato,5,0,tomato,6,0,plate,6,3,,6,4,,7,1,plate,7,3,,7,4,,1,24.0,88.0,,,0,1.0,30.0,104.0,24.0,,plate,1,1.0,30.0
1402,0,1,,0,2,None_cut,4.0,3,0,3,None_cut,3.3749999999999964,3,2,2,tomato,2,3,plate,2,4,plate,2,5,tomato_salad,4,0,tomato,5,0,tomato,6,0,plate,6,3,,6,4,,7,1,plate,7,3,,7,4,,1,24.0,88.0,,,0,1.0,30.0,104.0,24.0,,plate,1,1.0,30.0
1403,0,1,,0,2,None_cut,4.0,3,0,3,None_cut,3.3749999999999964,3,2,2,tomato,2,3,plate,2,4,plate,2,5,tomato_salad,4,0,tomato,5,0,tomato,6,0,plate,6,3,,6,4,,7,1,plate,7,3,,7,4,,1,24.0,88.0,,,0,1.0,30.0,104.0,24.0,,plate,1,1.0,30.0
1404,0,1,,0,2,None_cut,4.0,3,0,3,None_cut,3.3749999999999964,3,2,2,tomato,2,3,plate,2,4,plate,2,5,tomato_salad,4,0,tomato,5,0,tomato,6,0,plate,6,3,,6,4,,7,1,plate,7,3,,7,4,,1,24.0,88.0,,,0,1.0,30.0,104.0,24.0,,plate,1,1.0,30.0
1405,0,1,,0,2,None_cut,4.0,3,0,3,None_cut,3.3749999999999964,3,2,2,tomato,2,3,plate,2,4,plate,2,5,tomato_salad,4,0,tomato,5,0,tomato,6,0,plate,6,3,,6,4,,7,1,plate,7,3,,7,4,,1,24.0,88.0,,,0,1.0,30.0,104.0,24.0,,plate,1,1.0,30.0
1406,0,1,,0,2,None_cut,4.0,3,0,3,None_cut,3.3749999999999964,3,2,2,tomato,2,3,plate,2,4,plate,2,5,tomato_salad,4,0,tomato,5,0,tomato,6,0,plate,6,3,,6,4,,7,1,plate,7,3,,7,4,,1,24.0,88.0,,,0,1.0,30.0,104.0,24.0,,plate,1,1.0,30.0
1407,0,1,,0,2,None_cut,4.0,3,0,3,None_cut,3.3749999999999964,3,2,2,tomato,2,3,plate,2,4,plate,2,5,tomato_salad,4,0,tomato,5,0,tomato,6,0,plate,6,3,,6,4,,7,1,plate,7,3,,7,4,,1,24.0,88.0,,,0,1.0,30.0,104.0,24.0,,plate,1,1.0,30.0
1408,0,1,,0,2,None_cut,4.0,3,0,3,None_cut,3.3749999999999964,3,2,2,tomato,2,3,plate,2,4,plate,2,5,tomato_salad,4,0,tomato,5,0,tomato,6,0,plate,6,3,,6,4,,7,1,plate,7,3,,7,4,,1,24.0,88.0,,,0,1.0,30.0,104.0,24.0,,plate,1,1.0,30.0
1409,0,1,,0,2,None_cut,4.0,3,0,3,None_cut,3.3749999999999964,3,2,2,tomato,2,3,plate,2,4,plate,2,5,tomato_salad,4,0,tomato,5,0,tomato,6,0,plate,6,3,,6,4,,7,1,plate,7,3,,7,4,,1,24.0,88.0,,,0,1.0,30.0,104.0,24.0,,plate,1,1.0,30.0
1410,0,1,,0,2,None_cut,4.0,3,0,3,None_cut,3.3749999999999964,3,2,2,tomato,2,3,plate,2,4,plate,2,5,tomato_salad,4,0,tomato,5,0,tomato,6,0,plate,6,3,,6,4,,7,1,plate,7,3,,7,4,,1,24.0,88.0,,,0,1.0,30.0,104.0,24.0,,plate,1,1.0,30.0
1411,0,1,,0,2,None_cut,4.0,3,0,3,None_cut,3.3749999999999964,3,2,2,tomato,2,3,plate,2,4,plate,2,5,tomato_salad,4,0,tomato,5,0,tomato,6,0,plate,6,3,,6,4,,7,1,plate,7,3,,7,4,,1,24.0,88.0,,,0,1.0,30.0,104.0,24.0,,plate,1,1.0,30.0
1412,0,1,,0,2,None_cut,4.0,3,0,3,None_cut,3.3749999999999964,3,2,2,tomato,2,3,plate,2,4,plate,2,5,tomato_salad,4,0,tomato,5,0,tomato,6,0,plate,6,3,,6,4,,7,1,plate,7,3,,7,4,,1,24.0,88.0,,,0,1.0,30.0,104.0,24.0,,plate,1,1.0,30.0
1413,0,1,,0,2,None_cut,4.0,3,0,3,None_cut,3.3749999999999964,3,2,2,tomato,2,3,plate,2,4,plate,2,5,tomato_salad,4,0,tomato,5,0,tomato,6,0,plate,6,3,,6,4,,7,1,plate,7,3,,7,4,,1,24.0,88.0,,,0,1.0,30.0,104.0,24.0,,plate,1,1.0,30.0
1414,0,1,,0,2,None_cut,4.0,3,0,3,None_cut,3.3749999999999964,3,2,2,tomato,2,3,plate,2,4,plate,2,5,tomato_salad,4,0,tomato,5,0,tomato,6,0,plate,6,3,,6,4,,7,1,plate,7,3,,7,4,,1,24.0,88.0,,,0,1.0,30.0,104.0,24.0,,plate,1,1.0,30.0
1415,0,1,,0,2,None_cut,4.0,3,0,3,None_cut,3.3749999999999964,3,2,2,tomato,2,3,plate,2,4,plate,2,5,tomato_salad,4,0,tomato,5,0,tomato,6,0,plate,6,3,,6,4,,7,1,plate,7,3,,7,4,,1,24.0,88.0,,,0,1.0,30.0,104.0,24.0,,plate,1,1.0,30.0
1416,0,1,,0,2,None_cut,4.0,3,0,3,None_cut,3.3749999999999964,3,2,2,tomato,2,3,plate,2,4,plate,2,5,tomato_salad,4,0,tomato,5,0,tomato,6,0,plate,6,3,,6,4,,7,1,plate,7,3,,7,4,,1,24.0,88.0,,,0,1.0,30.0,104.0,24.0,,plate,1,1.0,30.0
1417,0,1,,0,2,None_cut,4.0,3,0,3,None_cut,3.3749999999999964,3,2,2,tomato,2,3,plate,2,4,plate,2,5,tomato_salad,4,0,tomato,5,0,tomato,6,0,plate,6,3,,6,4,,7,1,plate,7,3,,7,4,,1,24.0,88.0,,,0,1.0,30.0,104.0,24.0,,plate,1,1.0,30.0
1418,0,1,,0,2,None_cut,4.0,3,0,3,None_cut,3.3749999999999964,3,2,2,tomato,2,3,plate,2,4,plate,2,5,tomato_salad,4,0,tomato,5,0,tomato,6,0,plate,6,3,,6,4,,7,1,plate,7,3,,7,4,,1,24.0,88.0,,,0,1.0,30.0,104.0,24.0,,plate,1,1.0,30.0
1419,0,1,,0,2,None_cut,4.0,3,0,3,None_cut,3.3749999999999964,3,2,2,tomato,2,3,plate,2,4,plate,2,5,tomato_salad,4,0,tomato,5,0,tomato,6,0,plate,6,3,,6,4,,7,1,plate,7,3,,7,4,,1,24.0,88.0,,,0,1.0,30.0,104.0,24.0,,plate,1,1.0,30.0
1420,0,1,,0,2,None_cut,4.0,3,0,3,None_cut,3.3749999999999964,3,2,2,tomato,2,3,plate,2,4,plate,2,5,tomato_salad,4,0,tomato,5,0,tomato,6,0,plate,6,3,,6,4,,7,1,plate,7,3,,7,4,,1,24.0,88.0,,,0,1.0,30.0,104.0,24.0,,plate,1,1.0,30.0
1421,0,1,,0,2,None_cut,4.0,3,0,3,None_cut,3.3749999999999964,3,2,2,tomato,2,3,plate,2,4,plate,2,5,tomato_salad,4,0,tomato,5,0,tomato,6,0,plate,6,3,,6,4,,7,1,plate,7,3,,7,4,,1,24.0,88.0,,,0,1.0,30.0,104.0,24.0,,plate,1,1.0,30.0
1422,0,1,,0,2,None_cut,4.0,3,0,3,None_cut,3.3749999999999964,3,2,2,tomato,2,3,plate,2,4,plate,2,5,tomato_salad,4,0,tomato,5,0,tomato,6,0,plate,6,3,,6,4,,7,1,plate,7,3,,7,4,,1,24.0,88.0,,,0,1.0,30.0,104.0,24.0,,plate,1,1.0,30.0
1423,0,1,,0,2,None_cut,4.0,3,0,3,None_cut,3.3749999999999964,3,2,2,tomato,2,3,plate,2,4,plate,2,5,tomato_salad,4,0,tomato,5,0,tomato,6,0,plate,6,3,,6,4,,7,1,plate,7,3,,7,4,,1,24.0,88.0,,,0,1.0,30.0,104.0,24.0,,plate,1,1.0,30.0
1424,0,1,,0,2,None_cut,4.0,3,0,3,None_cut,3.3749999999999964,3,2,2,tomato,2,3,plate,2,4,plate,2,5,tomato_salad,4,0,tomato,5,0,tomato,6,0,plate,6,3,,6,4,,7,1,plate,7,3,,7,4,,1,24.0,88.0,,,0,1.0,30.0,104.0,24.0,,plate,1,1.0,30.0
1425,0,1,,0,2,None_cut,4.0,3,0,3,None_cut,3.3749999999999964,3,2,2,tomato,2,3,plate,2,4,plate,2,5,tomato_salad,4,0,tomato,5,0,tomato,6,0,plate,6,3,,6,4,,7,1,plate,7,3,,7,4,,1,24.0,88.0,,,0,1.0,30.0,104.0,24.0,,plate,1,1.0,30.0
1426,0,1,,0,2,None_cut,4.0,3,0,3,None_cut,3.3749999999999964,3,2,2,tomato,2,3,plate,2,4,plate,2,5,tomato_salad,4,0,tomato,5,0,tomato,6,0,plate,6,3,,6,4,,7,1,plate,7,3,,7,4,,1,24.0,88.0,,,0,1.0,30.0,104.0,24.0,,plate,1,1.0,30.0
1427,0,1,,0,2,None_cut,4.0,3,0,3,None_cut,3.3749999999999964,3,2,2,tomato,2,3,plate,2,4,plate,2,5,tomato_salad,4,0,tomato,5,0,tomato,6,0,plate,6,3,,6,4,,7,1,plate,7,3,,7,4,,1,24.0,88.0,,,0,1.0,30.0,104.0,24.0,,plate,1,1.0,30.0
1428,0,1,,0,2,None_cut,4.0,3,0,3,None_cut,3.3749999999999964,3,2,2,tomato,2,3,plate,2,4,plate,2,5,tomato_salad,4,0,tomato,5,0,tomato,6,0,plate,6,3,,6,4,,7,1,plate,7,3,,7,4,,1,24.0,88.0,,,0,1.0,30.0,104.0,24.0,,plate,1,1.0,30.0
1429,0,1,,0,2,None_cut,4.0,3,0,3,None_cut,3.3749999999999964,3,2,2,tomato,2,3,plate,2,4,plate,2,5,tomato_salad,4,0,tomato,5,0,tomato,6,0,plate,6,3,,6,4,,7,1,plate,7,3,,7,4,,1,24.0,88.0,,,0,1.0,30.0,104.0,24.0,,plate,1,1.0,30.0
1430,0,1,,0,2,None_cut,4.0,3,0,3,None_cut,3.3749999999999964,3,2,2,tomato,2,3,plate,2,4,plate,2,5,tomato_salad,4,0,tomato,5,0,tomato,6,0,plate,6,3,,6,4,,7,1,plate,7,3,,7,4,,1,24.0,88.0,,,0,1.0,30.0,104.0,24.0,,plate,1,1.0,30.0
1431,0,1,,0,2,None_cut,4.0,3,0,3,None_cut,3.3749999999999964,3,2,2,tomato,2,3,plate,2,4,plate,2,5,tomato_salad,4,0,tomato,5,0,tomato,6,0,plate,6,3,,6,4,,7,1,plate,7,3,,7,4,,1,24.0,88.0,,,0,1.0,30.0,104.0,24.0,,plate,1,1.0,30.0
1432,0,1,,0,2,None_cut,4.0,3,0,3,None_cut,3.3749999999999964,3,2,2,tomato,2,3,plate,2,4,plate,2,5,tomato_salad,4,0,tomato,5,0,tomato,6,0,plate,6,3,,6,4,,7,1,plate,7,3,,7,4,,1,24.0,88.0,,,0,1.0,30.0,104.0,24.0,,plate,1,1.0,30.0
1433,0,1,,0,2,None_cut,4.0,3,0,3,None_cut,3.3749999999999964,3,2,2,tomato,2,3,plate,2,4,plate,2,5,tomato_salad,4,0,tomato,5,0,tomato,6,0,plate,6,3,,6,4,,7,1,plate,7,3,,7,4,,1,24.0,88.0,,,0,1.0,30.0,104.0,24.0,,plate,1,1.0,30.0
1434,0,1,,0,2,None_cut,4.0,3,0,3,None_cut,3.3749999999999964,3,2,2,tomato,2,3,plate,2,4,plate,2,5,tomato_salad,4,0,tomato,5,0,tomato,6,0,plate,6,3,,6,4,,7,1,plate,7,3,,7,4,,1,24.0,88.0,,,0,1.0,30.0,104.0,24.0,,plate,1,1.0,30.0
1435,0,1,,0,2,None_cut,4.0,3,0,3,None_cut,3.3749999999999964,3,2,2,tomato,2,3,plate,2,4,plate,2,5,tomato_salad,4,0,tomato,5,0,tomato,6,0,plate,6,3,,6,4,,7,1,plate,7,3,,7,4,,1,24.0,88.0,,,0,1.0,30.0,104.0,24.0,,plate,1,1.0,30.0
1436,0,1,,0,2,None_cut,4.0,3,0,3,None_cut,3.3749999999999964,3,2,2,tomato,2,3,plate,2,4,plate,2,5,tomato_salad,4,0,tomato,5,0,tomato,6,0,plate,6,3,,6,4,,7,1,plate,7,3,,7,4,,1,24.0,88.0,,,0,1.0,30.0,104.0,24.0,,plate,1,1.0,30.0
1437,0,1,,0,2,None_cut,4.0,3,0,3,None_cut,3.3749999999999964,3,2,2,tomato,2,3,plate,2,4,plate,2,5,tomato_salad,4,0,tomato,5,0,tomato,6,0,plate,6,3,,6,4,,7,1,plate,7,3,,7,4,,1,24.0,88.0,,,0,1.0,30.0,104.0,24.0,,plate,1,1.0,30.0
1438,0,1,,0,2,None_cut,4.0,3,0,3,None_cut,3.3749999999999964,3,2,2,tomato,2,3,plate,2,4,plate,2,5,tomato_salad,4,0,tomato,5,0,tomato,6,0,plate,6,3,,6,4,,7,1,plate,7,3,,7,4,,1,24.0,88.0,,,0,1.0,30.0,104.0,24.0,,plate,1,1.0,30.0
1439,0,1,,0,2,None_cut,4.0,3,0,3,None_cut,3.3749999999999964,3,2,2,tomato,2,3,plate,2,4,plate,2,5,tomato_salad,4,0,tomato,5,0,tomato,6,0,plate,6,3,,6,4,,7,1,plate,7,3,,7,4,,1,24.0,88.0,,,0,1.0,30.0,104.0,24.0,,plate,1,1.0,30.0
1440,0,1,,0,2,None_cut,4.0,3,0,3,None_cut,3.3749999999999964,3,2,2,tomato,2,3,plate,2,4,plate,2,5,tomato_salad,4,0,tomato,5,0,tomato,6,0,plate,6,3,,6,4,,7,1,plate,7,3,,7,4,,1,24.0,88.0,,,0,1.0,30.0,104.0,24.0,,plate,1,1.0,30.0
1441,0,1,,0,2,None_cut,4.0,3,0,3,None_cut,3.3749999999999964,3,2,2,tomato,2,3,plate,2,4,plate,2,5,tomato_salad,4,0,tomato,5,0,tomato,6,0,plate,6,3,,6,4,,7,1,plate,7,3,,7,4,,1,24.0,88.0,,,0,1.0,30.0,104.0,24.0,,plate,1,1.0,30.0
1442,0,1,,0,2,None_cut,4.0,3,0,3,None_cut,3.3749999999999964,3,2,2,tomato,2,3,plate,2,4,plate,2,5,tomato_salad,4,0,tomato,5,0,tomato,6,0,plate,6,3,,6,4,,7,1,plate,7,3,,7,4,,1,24.0,88.0,,,0,1.0,30.0,104.0,24.0,,plate,1,1.0,30.0
1443,0,1,,0,2,None_cut,4.0,3,0,3,None_cut,3.3749999999999964,3,2,2,tomato,2,3,plate,2,4,plate,2,5,,4,0,tomato,5,0,tomato,6,0,plate,6,3,,6,4,,7,1,plate,7,3,,7,4,,1,24.0,88.0,,tomato_salad,0,1.0,30.0,104.0,24.0,,plate,1,1.0,30.0
1444,0,1,,0,2,None_cut,4.0,3,0,3,None_cut,3.3749999999999964,3,2,2,tomato,2,3,plate,2,4,plate,2,5,,4,0,tomato,5,0,tomato,6,0,plate,6,3,,6,4,,7,1,plate,7,3,,7,4,,1,24.0,88.0,,tomato_salad,0,1.0,30.0,104.0,24.0,,plate,1,1.0,30.0
1445,0,1,,0,2,None_cut,4.0,3,0,3,None_cut,3.3749999999999964,3,2,2,tomato,2,3,plate,2,4,plate,2,5,,4,0,tomato,5,0,tomato,6,0,plate,6,3,,6,4,,7,1,plate,7,3,,7,4,,1,24.0,88.0,,tomato_salad,0,1.0,30.0,104.0,24.0,,plate,1,1.0,30.0
1446,0,1,,0,2,None_cut,4.0,3,0,3,None_cut,3.3749999999999964,3,2,2,tomato,2,3,plate,2,4,plate,2,5,,4,0,tomato,5,0,tomato,6,0,plate,6,3,,6,4,,7,1,plate,7,3,,7,4,,1,24.0,88.0,,tomato_salad,0,1.0,30.0,104.0,24.0,,plate,1,1.0,30.0
1447,0,1,,0,2,None_cut,4.0,3,0,3,None_cut,3.3749999999999964,3,2,2,tomato,2,3,plate,2,4,plate,2,5,,4,0,tomato,5,0,tomato,6,0,plate,6,3,,6,4,,7,1,plate,7,3,,7,4,,1,24.0,88.0,,tomato_salad,0,1.0,30.0,104.0,24.0,,plate,1,1.0,30.0
1448,0,1,,0,2,None_cut,4.0,3,0,3,None_cut,3.3749999999999964,3,2,2,tomato,2,3,plate,2,4,plate,2,5,,4,0,tomato,5,0,tomato,6,0,plate,6,3,,6,4,,7,1,plate,7,3,,7,4,,1,24.0,88.0,,tomato_salad,0,1.0,30.0,104.0,24.0,,plate,1,1.0,30.0
1449,0,1,,0,2,None_cut,4.0,3,0,3,None_cut,3.3749999999999964,3,2,2,tomato,2,3,plate,2,4,plate,2,5,,4,0,tomato,5,0,tomato,6,0,plate,6,3,,6,4,,7,1,plate,7,3,,7,4,,1,24.0,88.0,,tomato_salad,0,1.0,30.0,104.0,24.0,,plate,1,1.0,30.0
1450,0,1,,0,2,None_cut,4.0,3,0,3,None_cut,3.3749999999999964,3,2,2,tomato,2,3,plate,2,4,plate,2,5,,4,0,tomato,5,0,tomato,6,0,plate,6,3,,6,4,,7,1,plate,7,3,,7,4,,1,24.0,88.0,,tomato_salad,0,1.0,30.0,104.0,24.0,,plate,1,1.0,30.0
1451,0,1,,0,2,None_cut,4.0,3,0,3,None_cut,3.3749999999999964,3,2,2,tomato,2,3,plate,2,4,plate,2,5,,4,0,tomato,5,0,tomato,6,0,plate,6,3,,6,4,,7,1,plate,7,3,,7,4,,1,24.0,88.0,,tomato_salad,0,1.0,30.0,104.0,24.0,,plate,1,1.0,30.0
1452,0,1,,0,2,None_cut,4.0,3,0,3,None_cut,3.3749999999999964,3,2,2,tomato,2,3,plate,2,4,plate,2,5,,4,0,tomato,5,0,tomato,6,0,plate,6,3,,6,4,,7,1,plate,7,3,,7,4,,1,24.0,88.0,,tomato_salad,0,1.0,30.0,104.0,24.0,,plate,1,1.0,30.0
1453,0,1,,0,2,None_cut,4.0,3,0,3,None_cut,3.3749999999999964,3,2,2,tomato,2,3,plate,2,4,plate,2,5,,4,0,tomato,5,0,tomato,6,0,plate,6,3,,6,4,,7,1,plate,7,3,,7,4,,1,24.0,88.0,,tomato_salad,0,1.0,30.0,104.0,24.0,,plate,1,1.0,30.0
1454,0,1,,0,2,None_cut,4.0,3,0,3,None_cut,3.3749999999999964,3,2,2,tomato,2,3,plate,2,4,plate,2,5,,4,0,tomato,5,0,tomato,6,0,plate,6,3,,6,4,,7,1,plate,7,3,,7,4,,1,24.0,88.0,,tomato_salad,0,1.0,30.0,104.0,24.0,,plate,1,1.0,30.0
1455,0,1,,0,2,None_cut,4.0,3,0,3,None_cut,3.3749999999999964,3,2,2,tomato,2,3,plate,2,4,plate,2,5,,4,0,tomato,5,0,tomato,6,0,plate,6,3,,6,4,,7,1,plate,7,3,,7,4,,1,24.0,88.0,,tomato_salad,0,1.0,30.0,104.0,24.0,,plate,1,1.0,30.0
1456,0,1,,0,2,None_cut,4.0,3,0,3,None_cut,3.3749999999999964,3,2,2,tomato,2,3,plate,2,4,plate,2,5,,4,0,tomato,5,0,tomato,6,0,plate,6,3,,6,4,,7,1,plate,7,3,,7,4,,1,24.0,88.0,,tomato_salad,0,1.0,30.0,104.0,24.0,,plate,1,1.0,30.0
1457,0,1,,0,2,None_cut,4.0,3,0,3,None_cut,3.3749999999999964,3,2,2,tomato,2,3,plate,2,4,plate,2,5,,4,0,tomato,5,0,tomato,6,0,plate,6,3,,6,4,,7,1,plate,7,3,,7,4,,1,24.0,88.0,,tomato_salad,0,1.0,30.0,104.0,24.0,,plate,1,1.0,30.0
1458,0,1,,0,2,None_cut,4.0,3,0,3,None_cut,3.3749999999999964,3,2,2,tomato,2,3,plate,2,4,plate,2,5,,4,0,tomato,5,0,tomato,6,0,plate,6,3,,6,4,,7,1,plate,7,3,,7,4,,1,24.0,88.0,,tomato_salad,0,1.0,30.0,104.0,24.0,,plate,1,1.0,30.0
1459,0,1,,0,2,None_cut,4.0,3,0,3,None_cut,3.3749999999999964,3,2,2,tomato,2,3,plate,2,4,plate,2,5,,4,0,tomato,5,0,tomato,6,0,plate,6,3,,6,4,,7,1,plate,7,3,,7,4,,1,24.0,88.0,,tomato_salad,0,1.0,30.0,104.0,24.0,,plate,1,1.0,30.0
1460,0,1,,0,2,None_cut,4.0,3,0,3,None_cut,3.3749999999999964,3,2,2,tomato,2,3,plate,2,4,plate,2,5,,4,0,tomato,5,0,tomato,6,0,plate,6,3,,6,4,,7,1,plate,7,3,,7,4,,1,24.0,88.0,,tomato_salad,0,1.0,30.0,104.0,24.0,,plate,1,1.0,30.0
1461,0,1,,0,2,None_cut,4.0,3,0,3,None_cut,3.3749999999999964,3,2,2,tomato,2,3,plate,2,4,plate,2,5,,4,0,tomato,5,0,tomato,6,0,plate,6,3,,6,4,,7,1,plate,7,3,,7,4,,1,24.0,88.0,,tomato_salad,0,1.0,30.0,104.0,24.0,,plate,1,1.0,30.0
1462,0,1,,0,2,None_cut,4.0,3,0,3,None_cut,3.3749999999999964,3,2,2,tomato,2,3,plate,2,4,plate,2,5,,4,0,tomato,5,0,tomato,6,0,plate,6,3,,6,4,,7,1,plate,7,3,,7,4,,1,24.0,88.0,,tomato_salad,0,1.0,30.0,104.0,24.0,,plate,1,1.0,30.0
1463,0,1,,0,2,None_cut,4.0,3,0,3,None_cut,3.3749999999999964,3,2,2,tomato,2,3,plate,2,4,plate,2,5,,4,0,tomato,5,0,tomato,6,0,plate,6,3,,6,4,,7,1,plate,7,3,,7,4,,1,24.0,88.0,,tomato_salad,0,1.0,30.0,104.0,24.0,,plate,1,1.0,30.0
1464,0,1,,0,2,None_cut,4.0,3,0,3,None_cut,3.3749999999999964,3,2,2,tomato,2,3,plate,2,4,plate,2,5,,4,0,tomato,5,0,tomato,6,0,plate,6,3,,6,4,,7,1,plate,7,3,,7,4,,1,24.0,88.0,,tomato_salad,0,1.0,30.0,104.0,24.0,,plate,1,1.0,30.0
1465,0,1,,0,2,None_cut,4.0,3,0,3,None_cut,3.3749999999999964,3,2,2,tomato,2,3,plate,2,4,plate,2,5,,4,0,tomato,5,0,tomato,6,0,plate,6,3,,6,4,,7,1,plate,7,3,,7,4,,1,24.0,88.0,,tomato_salad,0,1.0,30.0,104.0,24.0,,plate,1,1.0,30.0
1466,0,1,,0,2,None_cut,4.0,3,0,3,None_cut,3.3749999999999964,3,2,2,tomato,2,3,plate,2,4,plate,2,5,,4,0,tomato,5,0,tomato,6,0,plate,6,3,,6,4,,7,1,plate,7,3,,7,4,,1,24.0,88.0,,tomato_salad,0,1.0,30.0,104.0,24.0,,plate,1,1.0,30.0
1467,0,1,,0,2,None_cut,4.0,3,0,3,None_cut,3.3749999999999964,3,2,2,tomato,2,3,plate,2,4,plate,2,5,,4,0,tomato,5,0,tomato,6,0,plate,6,3,,6,4,,7,1,plate,7,3,,7,4,,1,24.0,88.0,,tomato_salad,0,1.0,30.0,104.0,24.0,,plate,1,1.0,30.0
1468,0,1,,0,2,None_cut,4.0,3,0,3,None_cut,3.3749999999999964,3,2,2,tomato,2,3,plate,2,4,plate,2,5,,4,0,tomato,5,0,tomato,6,0,plate,6,3,,6,4,,7,1,plate,7,3,,7,4,,1,24.0,88.0,,tomato_salad,0,1.0,30.0,104.0,24.0,,plate,1,1.0,30.0
1469,0,1,,0,2,None_cut,4.0,3,0,3,None_cut,3.3749999999999964,3,2,2,tomato,2,3,plate,2,4,plate,2,5,,4,0,tomato,5,0,tomato,6,0,plate,6,3,,6,4,,7,1,plate,7,3,,7,4,,1,24.0,88.0,,tomato_salad,0,1.0,30.0,104.0,24.0,,plate,1,1.0,30.0
1470,0,1,,0,2,None_cut,4.0,3,0,3,None_cut,3.3749999999999964,3,2,2,tomato,2,3,plate,2,4,plate,2,5,,4,0,tomato,5,0,tomato,6,0,plate,6,3,,6,4,,7,1,plate,7,3,,7,4,,1,24.0,88.0,,tomato_salad,0,1.0,30.0,104.0,24.0,,plate,1,1.0,30.0
1471,0,1,,0,2,None_cut,4.0,3,0,3,None_cut,3.3749999999999964,3,2,2,tomato,2,3,plate,2,4,plate,2,5,,4,0,tomato,5,0,tomato,6,0,plate,6,3,,6,4,,7,1,plate,7,3,,7,4,,1,24.0,88.0,,tomato_salad,0,1.0,30.0,104.0,24.0,,plate,1,1.0,30.0
1472,0,1,,0,2,None_cut,4.0,3,0,3,None_cut,3.3749999999999964,3,2,2,tomato,2,3,plate,2,4,plate,2,5,,4,0,tomato,5,0,tomato,6,0,plate,6,3,,6,4,,7,1,plate,7,3,,7,4,,1,24.0,88.0,,tomato_salad,0,1.0,30.0,104.0,24.0,,plate,1,1.0,30.0
1473,0,1,,0,2,None_cut,4.0,3,0,3,None_cut,3.3749999999999964,3,2,2,tomato,2,3,plate,2,4,plate,2,5,,4,0,tomato,5,0,tomato,6,0,plate,6,3,,6,4,,7,1,plate,7,3,,7,4,,1,24.0,88.0,,tomato_salad,0,1.0,30.0,104.0,24.0,,plate,1,1.0,30.0
1474,0,1,,0,2,None_cut,4.0,3,0,3,None_cut,3.3749999999999964,3,2,2,tomato,2,3,plate,2,4,plate,2,5,,4,0,tomato,5,0,tomato,6,0,plate,6,3,,6,4,,7,1,plate,7,3,,7,4,,1,24.0,88.0,,tomato_salad,0,1.0,30.0,104.0,24.0,,plate,1,1.0,30.0
1475,0,1,,0,2,None_cut,4.0,3,0,3,None_cut,3.3749999999999964,3,2,2,tomato,2,3,plate,2,4,plate,2,5,,4,0,tomato,5,0,tomato,6,0,plate,6,3,,6,4,,7,1,plate,7,3,,7,4,,1,24.0,88.0,,tomato_salad,0,1.0,30.0,104.0,24.0,,plate,1,1.0,30.0
1476,0,1,,0,2,None_cut,4.0,3,0,3,None_cut,3.3749999999999964,3,2,2,tomato,2,3,plate,2,4,plate,2,5,,4,0,tomato,5,0,tomato,6,0,plate,6,3,,6,4,,7,1,plate,7,3,,7,4,,1,24.0,88.0,,tomato_salad,0,1.0,30.0,104.0,24.0,,plate,1,1.0,30.0
1477,0,1,,0,2,None_cut,4.0,3,0,3,None_cut,3.3749999999999964,3,2,2,tomato,2,3,plate,2,4,plate,2,5,,4,0,tomato,5,0,tomato,6,0,plate,6,3,,6,4,,7,1,plate,7,3,,7,4,,1,24.0,88.0,,tomato_salad,0,1.0,30.0,104.0,24.0,,plate,1,1.0,30.0
1478,0,1,,0,2,None_cut,4.0,3,0,3,None_cut,3.3749999999999964,3,2,2,tomato,2,3,plate,2,4,plate,2,5,,4,0,tomato,5,0,tomato,6,0,plate,6,3,,6,4,,7,1,plate,7,3,,7,4,,1,24.0,88.0,,tomato_salad,0,1.0,30.0,104.0,24.0,,plate,1,1.0,30.0
1479,0,1,,0,2,None_cut,4.0,3,0,3,None_cut,3.3749999999999964,3,2,2,tomato,2,3,plate,2,4,plate,2,5,,4,0,tomato,5,0,tomato,6,0,plate,6,3,,6,4,,7,1,plate,7,3,,7,4,,1,24.0,88.0,,tomato_salad,0,1.0,30.0,104.0,24.0,,plate,1,1.0,30.0
1480,0,1,,0,2,None_cut,4.0,3,0,3,None_cut,3.3749999999999964,3,2,2,tomato,2,3,plate,2,4,plate,2,5,,4,0,tomato,5,0,tomato,6,0,plate,6,3,,6,4,,7,1,plate,7,3,,7,4,,1,24.0,88.0,,tomato_salad,0,1.0,30.0,104.0,24.0,,plate,1,1.0,30.0
1481,0,1,,0,2,None_cut,4.0,3,0,3,None_cut,3.3749999999999964,3,2,2,tomato,2,3,plate,2,4,plate,2,5,,4,0,tomato,5,0,tomato,6,0,plate,6,3,,6,4,,7,1,plate,7,3,,7,4,,1,24.0,88.0,,tomato_salad,0,1.0,30.0,104.0,24.0,,plate,1,1.0,30.0
1482,0,1,,0,2,None_cut,4.0,3,0,3,None_cut,3.3749999999999964,3,2,2,tomato,2,3,plate,2,4,plate,2,5,,4,0,tomato,5,0,tomato,6,0,plate,6,3,,6,4,,7,1,plate,7,3,,7,4,,1,24.0,88.0,,tomato_salad,0,1.0,30.0,104.0,24.0,,plate,1,1.0,30.0
1483,0,1,,0,2,None_cut,4.0,3,0,3,None_cut,3.3749999999999964,3,2,2,tomato,2,3,plate,2,4,plate,2,5,,4,0,tomato,5,0,tomato,6,0,plate,6,3,,6,4,,7,1,plate,7,3,,7,4,,1,24.0,88.0,,tomato_salad,0,1.0,30.0,104.0,24.0,,plate,1,1.0,30.0
1484,0,1,,0,2,None_cut,4.0,3,0,3,None_cut,3.3749999999999964,3,2,2,tomato,2,3,plate,2,4,plate,2,5,,4,0,tomato,5,0,tomato,6,0,plate,6,3,,6,4,,7,1,plate,7,3,,7,4,,1,24.0,88.0,,tomato_salad,0,1.0,30.0,104.0,24.0,,plate,1,1.0,30.0
1485,0,1,,0,2,None_cut,4.0,3,0,3,None_cut,3.3749999999999964,3,2,2,tomato,2,3,plate,2,4,plate,2,5,,4,0,tomato,5,0,tomato,6,0,plate,6,3,,6,4,,7,1,plate,7,3,,7,4,,1,24.0,88.0,,tomato_salad,0,1.0,30.0,104.0,24.0,,plate,1,1.0,30.0
1486,0,1,,0,2,None_cut,4.0,3,0,3,None_cut,3.3749999999999964,3,2,2,tomato,2,3,plate,2,4,plate,2,5,,4,0,tomato,5,0,tomato,6,0,plate,6,3,,6,4,,7,1,plate,7,3,,7,4,,1,24.88388347648305,88.88388347648305,,tomato_salad,0,1.0,30.0,104.0,24.0,,plate,1,1.0,30.0
1487,0,1,,0,2,None_cut,4.0,3,0,3,None_cut,3.3749999999999964,3,2,2,tomato,2,3,plate,2,4,plate,2,5,,4,0,tomato,5,0,tomato,6,0,plate,6,3,,6,4,,7,1,plate,7,3,,7,4,,1,25.7677669529661,89.7677669529661,,tomato_salad,0,1.0,30.0,104.0,24.0,,plate,1,1.0,30.0
1488,0,1,,0,2,None_cut,4.0,3,0,3,None_cut,3.3749999999999964,3,2,2,tomato,2,3,plate,2,4,plate,2,5,,4,0,tomato,5,0,tomato,6,0,plate,6,3,,6,4,,7,1,plate,7,3,,7,4,,1,26.65165042944915,90.65165042944915,,tomato_salad,0,1.0,30.0,104.0,24.0,,plate,1,1.0,30.0
1489,0,1,,0,2,None_cut,4.0,3,0,3,None_cut,3.3749999999999964,3,2,2,tomato,2,3,plate,2,4,plate,2,5,,4,0,tomato,5,0,tomato,6,0,plate,6,3,,6,4,,7,1,plate,7,3,,7,4,,1,27.535533905932198,91.5355339059322,,tomato_salad,0,1.0,30.0,104.0,24.0,,plate,1,1.0,30.0
1490,0,1,,0,2,None_cut,4.0,3,0,3,None_cut,3.3749999999999964,3,2,2,tomato,2,3,plate,2,4,plate,2,5,,4,0,tomato,5,0,tomato,6,0,plate,6,3,,6,4,,7,1,plate,7,3,,7,4,,1,28.419417382415247,92.41941738241525,,tomato_salad,0,1.0,30.0,104.0,24.0,,plate,1,1.0,30.0
1491,0,1,,0,2,None_cut,4.0,3,0,3,None_cut,3.3749999999999964,3,2,2,tomato,2,3,plate,2,4,plate,2,5,,4,0,tomato,5,0,tomato,6,0,plate,6,3,,6,4,,7,1,plate,7,3,,7,4,,1,29.303300858898297,93.3033008588983,,tomato_salad,0,1.0,30.0,104.0,24.0,,plate,1,1.0,30.0
1492,0,1,,0,2,None_cut,4.0,3,0,3,None_cut,3.3749999999999964,3,2,2,tomato,2,3,plate,2,4,plate,2,5,,4,0,tomato,5,0,tomato,6,0,plate,6,3,,6,4,,7,1,plate,7,3,,7,4,,1,30.187184335381346,94.18718433538135,,tomato_salad,0,1.0,30.0,104.0,24.0,,plate,1,1.0,30.0
1493,0,1,,0,2,None_cut,4.0,3,0,3,None_cut,3.3749999999999964,3,2,2,tomato,2,3,plate,2,4,plate,2,5,,4,0,tomato,5,0,tomato,6,0,plate,6,3,,6,4,,7,1,plate,7,3,,7,4,,1,31.071067811864395,95.0710678118644,,tomato_salad,0,1.0,30.0,104.0,24.0,,plate,1,1.0,30.0
1494,0,1,,0,2,None_cut,4.0,3,0,3,None_cut,3.3749999999999964,3,2,2,tomato,2,3,plate,2,4,plate,2,5,,4,0,tomato,5,0,tomato,6,0,plate,6,3,,6,4,,7,1,plate,7,3,,7,4,,1,31.954951288347445,95.95495128834744,,tomato_salad,0,1.0,30.0,104.0,24.0,,plate,1,1.0,30.0
1495,0,1,,0,2,None_cut,4.0,3,0,3,None_cut,3.3749999999999964,3,2,2,tomato,2,3,plate,2,4,plate,2,5,,4,0,tomato,5,0,tomato,6,0,plate,6,3,,6,4,,7,1,plate,7,3,,7,4,,1,32.838834764830494,96.8388347648305,,tomato_salad,0,1.0,30.0,104.0,24.0,,plate,1,1.0,30.0
1496,0,1,,0,2,None_cut,4.0,3,0,3,None_cut,3.3749999999999964,3,2,2,tomato,2,3,plate,2,4,plate,2,5,,4,0,tomato,5,0,tomato,6,0,plate,6,3,,6,4,,7,1,plate,7,3,,7,4,,1,33.722718241313544,97.72271824131354,,tomato_salad,0,1.0,30.0,104.0,24.0,,plate,1,1.0,30.0
1497,0,1,,0,2,None_cut,4.0,3,0,3,None_cut,3.3749999999999964,3,2,2,tomato,2,3,plate,2,4,plate,2,5,,4,0,tomato,5,0,tomato,6,0,plate,6,3,,6,4,,7,1,plate,7,3,,7,4,,1,34.60660171779659,98.6066017177966,,tomato_salad,0,1.0,30.0,104.0,24.0,,plate,1,1.0,30.0
1498,0,1,,0,2,None_cut,4.0,3,0,3,None_cut,3.3749999999999964,3,2,2,tomato,2,3,plate,2,4,plate,2,5,,4,0,tomato,5,0,tomato,6,0,plate,6,3,,6,4,,7,1,plate,7,3,,7,4,,1,35.49048519427964,99.49048519427964,,tomato_salad,0,1.0,30.0,104.0,24.0,,plate,1,1.0,30.0
1499,0,1,,0,2,None_cut,4.0,3,0,3,None_cut,3.3749999999999964,3,2,2,tomato,2,3,plate,2,4,plate,2,5,,4,0,tomato,5,0,tomato,6,0,plate,6,3,,6,4,,7,1,plate,7,3,,7,4,,1,36.37436867076269,100.37436867076269,,tomato_salad,0,1.0,30.0,104.0,24.0,,plate,1,1.0,30.0
1500,0,1,,0,2,None_cut,4.0,3,0,3,None_cut,3.3749999999999964,3,2,2,tomato,2,3,plate,2,4,plate,2,5,,4,0,tomato,5,0,tomato,6,0,plate,6,3,,6,4,,7,1,plate,7,3,,7,4,,1,37.25825214724574,101.25825214724574,,tomato_salad,0,1.0,30.0,104.0,24.0,,plate,1,1.0,30.0
1501,0,1,,0,2,None_cut,4.0,3,0,3,None_cut,3.3749999999999964,3,2,2,tomato,2,3,plate,2,4,plate,2,5,,4,0,tomato,5,0,tomato,6,0,plate,6,3,,6,4,,7,1,plate,7,3,,7,4,,1,38.14213562372879,102.14213562372879,,tomato_salad,0,1.0,30.0,104.0,24.0,,plate,1,1.0,30.0
1502,0,1,,0,2,None_cut,4.0,3,0,3,None_cut,3.3749999999999964,3,2,2,tomato,2,3,plate,2,4,plate,2,5,,4,0,tomato,5,0,tomato,6,0,plate,6,3,,6,4,,7,1,plate,7,3,,7,4,,1,39.02601910021184,103.02601910021184,,tomato_salad,0,1.0,30.0,104.0,24.0,,plate,1,1.0,30.0
1503,0,1,,0,2,None_cut,4.0,3,0,3,None_cut,3.3749999999999964,3,2,2,tomato,2,3,plate,2,4,plate,2,5,,4,0,tomato,5,0,tomato,6,0,plate,6,3,,6,4,,7,1,plate,7,3,,7,4,,1,39.95382555869017,103.80565318468376,,tomato_salad,0,1.0,30.0,104.0,24.0,,plate,1,1.0,30.0
1504,0,1,,0,2,None_cut,4.0,3,0,3,None_cut,3.3749999999999964,3,2,2,tomato,2,3,plate,2,4,plate,2,5,,4,0,tomato,5,0,tomato,6,0,plate,6,3,,6,4,,7,1,plate,7,3,,7,4,,1,41.203733885133886,103.82079172774075,,tomato_salad,0,1.0,30.0,104.0,24.0,,plate,1,1.0,30.0
1505,0,1,,0,2,None_cut,4.0,3,0,3,None_cut,3.3749999999999964,3,2,2,tomato,2,3,plate,2,4,plate,2,5,,4,0,tomato,5,0,tomato,6,0,plate,6,3,,6,4,,7,1,plate,7,3,,7,4,,1,42.4536422115776,103.83593027079775,,tomato_salad,0,1.0,30.0,104.0,24.0,,plate,1,1.0,30.0
1506,0,1,,0,2,None_cut,4.0,3,0,3,None_cut,3.3749999999999964,3,2,2,tomato,2,3,plate,2,4,plate,2,5,,4,0,tomato,5,0,tomato,6,0,plate,6,3,,6,4,,7,1,plate,7,3,,7,4,,1,43.70355053802132,103.85106881385474,,tomato_salad,0,1.0,30.0,104.0,24.0,,plate,1,1.0,30.0
1507,0,1,,0,2,None_cut,4.0,3,0,3,None_cut,3.3749999999999964,3,2,2,tomato,2,3,plate,2,4,plate,2,5,,4,0,tomato,5,0,tomato,6,0,plate,6,3,,6,4,,7,1,plate,7,3,,7,4,,1,44.953458864465034,103.86620735691173,,tomato_salad,0,1.0,30.0,104.0,24.0,,plate,1,1.0,30.0
1508,0,1,,0,2,None_cut,4.0,3,0,3,None_cut,3.3749999999999964,3,2,2,tomato,2,3,plate,2,4,plate,2,5,,4,0,tomato,5,0,tomato,6,0,plate,6,3,,6,4,,7,1,plate,7,3,,7,4,,1,46.20336719090875,103.88134589996872,,tomato_salad,0,1.0,30.0,104.0,24.0,,plate,1,1.0,30.0
1509,0,1,,0,2,None_cut,4.0,3,0,3,None_cut,3.3749999999999964,3,2,2,tomato,2,3,plate,2,4,plate,2,5,,4,0,tomato,5,0,tomato,6,0,plate,6,3,,6,4,,7,1,plate,7,3,,7,4,,1,47.453275517352466,103.89648444302571,,tomato_salad,0,1.0,30.0,104.0,24.0,,plate,1,1.0,30.0
1510,0,1,,0,2,None_cut,4.0,3,0,3,None_cut,3.3749999999999964,3,2,2,tomato,2,3,plate,2,4,plate,2,5,,4,0,tomato,5,0,tomato,6,0,plate,6,3,,6,4,,7,1,plate,7,3,,7,4,,1,48.70318384379618,103.9116229860827,,tomato_salad,0,1.0,30.0,104.0,24.0,,plate,1,1.0,30.0
1511,0,1,,0,2,None_cut,4.0,3,0,3,None_cut,3.3749999999999964,3,2,2,tomato,2,3,plate,2,4,plate,2,5,,4,0,tomato,5,0,tomato,6,0,plate,6,3,,6,4,,7,1,plate,7,3,,7,4,,1,49.9530921702399,103.9267615291397,,tomato_salad,0,1.0,30.0,104.0,24.0,,plate,1,1.0,30.0
1512,0,1,,0,2,None_cut,4.0,3,0,3,None_cut,3.3749999999999964,3,2,2,tomato,2,3,plate,2,4,plate,2,5,,4,0,tomato,5,0,tomato,6,0,plate,6,3,,6,4,,7,1,plate,7,3,,7,4,,1,51.203000496683615,103.94190007219669,,tomato_salad,0,1.0,30.0,104.0,24.0,,plate,1,1.0,30.0
1513,0,1,,0,2,None_cut,4.0,3,0,3,None_cut,3.3749999999999964,3,2,2,tomato,2,3,plate,2,4,plate,2,5,,4,0,tomato,5,0,tomato,6,0,plate,6,3,,6,4,,7,1,plate,7,3,,7,4,,1,52.45290882312733,103.95703861525368,,tomato_salad,0,1.0,30.0,104.0,24.0,,plate,1,1.0,30.0
1514,0,1,,0,2,None_cut,4.0,3,0,3,None_cut,3.3749999999999964,3,2,2,tomato,2,3,plate,2,4,plate,2,5,,4,0,tomato,5,0,tomato,6,0,plate,6,3,,6,4,,7,1,plate,7,3,,7,4,,1,53.70281714957105,103.97217715831083,,tomato_salad,0,1.0,30.0,104.0,24.0,,plate,1,1.0,30.0
1515,0,1,,0,2,None_cut,4.0,3,0,3,None_cut,3.3749999999999964,3,2,2,tomato,2,3,plate,2,4,plate,2,5,,4,0,tomato,5,0,tomato,6,0,plate,6,3,,6,4,,7,1,plate,7,3,,7,4,,1,54.95272547601476,103.98731570136853,,tomato_salad,0,1.0,30.0,104.0,24.0,,plate,1,1.0,30.0
1516,0,1,,0,2,None_cut,4.0,3,0,3,None_cut,3.3749999999999964,3,2,2,tomato,2,3,plate,2,4,plate,2,5,,4,0,tomato,5,0,tomato,6,0,plate,6,3,,6,4,,7,1,plate,7,3,,7,4,,1,56.0872550381394,103.71652727089011,,tomato_salad,0,1.0,30.0,104.0,24.0,,plate,1,1.0,30.0
1517,0,1,,0,2,None_cut,4.0,3,0,3,None_cut,3.3749999999999964,3,2,2,tomato,2,3,plate,2,4,plate,2,5,,4,0,tomato,5,0,tomato,6,0,plate,6,3,,6,4,,7,1,plate,7,3,,7,4,,1,56.97660472608601,102.83814402164748,,tomato_salad,0,1.0,30.0,104.0,24.0,,plate,1,1.0,30.0
1518,0,1,,0,2,None_cut,4.0,3,0,3,None_cut,3.3749999999999964,3,2,2,tomato,2,3,plate,2,4,plate,2,5,,4,0,tomato,5,0,tomato,6,0,plate,6,3,,6,4,,7,1,plate,7,3,,7,4,,1,57.865954414032615,101.95976077240485,,tomato_salad,0,1.0,30.0,104.0,24.0,,plate,1,1.0,30.0
1519,0,1,,0,2,None_cut,4.0,3,0,3,None_cut,3.3749999999999964,3,2,2,tomato,2,3,plate,2,4,plate,2,5,,4,0,tomato,5,0,tomato,6,0,plate,6,3,,6,4,,7,1,plate,7,3,,7,4,,1,58.75530410197922,101.08137752316222,,tomato_salad,0,1.0,30.0,104.0,24.0,,plate,1,1.0,30.0
1520,0,1,,0,2,None_cut,4.0,3,0,3,None_cut,3.3749999999999964,3,2,2,tomato,2,3,plate,2,4,plate,2,5,,4,0,tomato,5,0,tomato,6,0,plate,6,3,,6,4,,7,1,plate,7,3,,7,4,,1,59.644653789925826,100.20299427391959,,tomato_salad,0,1.0,30.0,104.0,24.0,,plate,1,1.0,30.0
1521,0,1,,0,2,None_cut,4.0,3,0,3,None_cut,3.3749999999999964,3,2,2,tomato,2,3,plate,2,4,plate,2,5,,4,0,tomato,5,0,tomato,6,0,plate,6,3,,6,4,,7,1,plate,7,3,,7,4,,1,60.53400347787243,99.32461102467695,,tomato_salad,0,1.0,30.0,104.0,24.0,,plate,1,1.0,30.0
1522,0,1,,0,2,None_cut,4.0,3,0,3,None_cut,3.3749999999999964,3,2,2,tomato,2,3,plate,2,4,plate,2,5,,4,0,tomato,5,0,tomato,6,0,plate,6,3,,6,4,,7,1,plate,7,3,,7,4,,1,61.42335316581904,98.44622777543432,,tomato_salad,0,1.0,30.0,104.0,24.0,,plate,1,1.0,30.0
1523,0,1,,0,2,None_cut,4.0,3,0,3,None_cut,3.3749999999999964,3,2,2,tomato,2,3,plate,2,4,plate,2,5,,4,0,tomato,5,0,tomato,6,0,plate,6,3,,6,4,,7,1,plate,7,3,,7,4,,1,62.31270285376564,97.56784452619169,,tomato_salad,0,1.0,30.0,104.0,24.0,,plate,1,1.0,30.0
1524,0,1,,0,2,None_cut,4.0,3,0,3,None_cut,3.3749999999999964,3,2,2,tomato,2,3,plate,2,4,plate,2,5,,4,0,tomato,5,0,tomato,6,0,plate,6,3,,6,4,,7,1,plate,7,3,,7,4,,1,63.20205254171225,96.68946127694906,,tomato_salad,0,1.0,30.0,104.0,24.0,,plate,1,1.0,30.0
1525,0,1,,0,2,None_cut,4.0,3,0,3,None_cut,3.3749999999999964,3,2,2,tomato,2,3,plate,2,4,plate,2,5,,4,0,tomato,5,0,tomato,6,0,plate,6,3,,6,4,,7,1,plate,7,3,,7,4,,1,64.09140222965885,95.81107802770643,,tomato_salad,0,1.0,30.0,104.0,24.0,,plate,1,1.0,30.0
1526,0,1,,0,2,None_cut,4.0,3,0,3,None_cut,3.3749999999999964,3,2,2,tomato,2,3,plate,2,4,plate,2,5,,4,0,tomato,5,0,tomato,6,0,plate,6,3,,6,4,,7,1,plate,7,3,,7,4,,1,64.98075191760546,94.9326947784638,,tomato_salad,0,1.0,30.0,104.0,24.0,,plate,1,1.0,30.0
1527,0,1,,0,2,None_cut,4.0,3,0,3,None_cut,3.3749999999999964,3,2,2,tomato,2,3,plate,2,4,plate,2,5,,4,0,tomato,5,0,tomato,6,0,plate,6,3,,6,4,,7,1,plate,7,3,,7,4,,1,65.87010160555207,94.05431152922117,,tomato_salad,0,1.0,30.0,102.74999999999972,24.0,,plate,1,1.0,30.0
1528,0,1,,0,2,None_cut,4.0,3,0,3,None_cut,3.3749999999999964,3,2,2,tomato,2,3,plate,2,4,plate,2,5,,4,0,tomato,5,0,tomato,6,0,plate,6,3,,6,4,,7,1,plate,7,3,,7,4,,1,66.75945129349867,93.17592827997854,,tomato_salad,0,1.0,30.0,101.49999999999943,24.0,,plate,1,1.0,30.0
1529,0,1,,0,2,None_cut,4.0,3,0,3,None_cut,3.3749999999999964,3,2,2,tomato,2,3,plate,2,4,plate,2,5,,4,0,tomato,5,0,tomato,6,0,plate,6,3,,6,4,,7,1,plate,7,3,,7,4,,1,67.64880098144528,92.2975450307359,,tomato_salad,0,1.0,30.0,100.24999999999915,24.0,,plate,1,1.0,30.0
1530,0,1,,0,2,None_cut,4.0,3,0,3,None_cut,3.3749999999999964,3,2,2,tomato,2,3,plate,2,4,plate,2,5,,4,0,tomato,5,0,tomato,6,0,plate,6,3,,6,4,,7,1,plate,7,3,,7,4,,1,68.53815066939188,91.41916178149327,,tomato_salad,0,1.0,30.0,98.99999999999886,24.0,,plate,1,1.0,30.0
1531,0,1,,0,2,None_cut,4.0,3,0,3,None_cut,3.3749999999999964,3,2,2,tomato,2,3,plate,2,4,plate,2,5,,4,0,tomato,5,0,tomato,6,0,plate,6,3,,6,4,,7,1,plate,7,3,,7,4,,1,69.42750035733849,90.54077853225064,,tomato_salad,0,1.0,30.0,97.74999999999858,24.0,,plate,1,1.0,30.0
1532,0,1,,0,2,None_cut,4.0,3,0,3,None_cut,3.3749999999999964,3,2,2,tomato,2,3,plate,2,4,plate,2,5,,4,0,tomato,5,0,tomato,6,0,plate,6,3,,6,4,,7,1,plate,7,3,,7,4,,1,70.31685004528468,89.66239528300801,,tomato_salad,0,1.0,30.0,96.4999999999983,24.0,,plate,1,1.0,30.0
1533,0,1,,0,2,None_cut,4.0,3,0,3,None_cut,3.3749999999999964,3,2,2,tomato,2,3,plate,2,4,plate,2,5,,4,0,tomato,5,0,tomato,6,0,plate,6,3,,6,4,,7,1,plate,7,3,,7,4,,1,71.20619973323029,88.78401203376538,,tomato_salad,0,1.0,30.0,95.24999999999801,24.0,,plate,1,1.0,30.0
1534,0,1,,0,2,None_cut,4.0,3,0,3,None_cut,3.3749999999999964,3,2,2,tomato,2,3,plate,2,4,plate,2,5,,4,0,tomato,5,0,tomato,6,0,plate,6,3,,6,4,,7,1,plate,7,3,,7,4,,1,72.09376754763578,87.90383568743135,,tomato_salad,0,1.0,30.0,93.99999999999773,24.0,,plate,1,1.0,30.0
1535,0,1,,0,2,None_cut,4.0,3,0,3,None_cut,3.3749999999999964,3,2,2,tomato,2,3,plate,2,4,plate,2,5,,4,0,tomato,5,0,tomato,6,0,plate,6,3,,6,4,,7,1,plate,7,3,,7,4,,1,72.97771761879314,87.02001881063904,,tomato_salad,0,1.0,30.0,92.74999999999744,24.0,,plate,1,1.0,30.0
1536,0,1,,0,2,None_cut,4.0,3,0,3,None_cut,3.3749999999999964,3,2,2,tomato,2,3,plate,2,4,plate,2,5,,4,0,tomato,5,0,tomato,6,0,plate,6,3,,6,4,,7,1,plate,7,3,,7,4,,1,73.8616676899505,86.13620193384673,,tomato_salad,0,1.0,30.0,91.49999999999716,24.0,,plate,1,1.0,30.0
1537,0,1,,0,2,None_cut,4.0,3,0,3,None_cut,3.3749999999999964,3,2,2,tomato,2,3,plate,2,4,plate,2,5,,4,0,tomato,5,0,tomato,6,0,plate,6,3,,6,4,,7,1,plate,7,3,,7,4,,1,74.74561776110785,85.25238505705443,,tomato_salad,0,1.0,30.0,90.24999999999687,24.0,,plate,1,1.0,30.0
1538,0,1,,0,2,None_cut,4.0,3,0,3,None_cut,3.3749999999999964,3,2,2,tomato,2,3,plate,2,4,plate,2,5,,4,0,tomato,5,0,tomato,6,0,plate,6,3,,6,4,,7,1,plate,7,3,,7,4,,1,75.62956783226521,84.36856818026212,,tomato_salad,0,1.0,30.0,88.99999999999659,24.0,,plate,1,1.0,30.0
1539,0,1,,0,2,None_cut,4.0,3,0,3,None_cut,3.3749999999999964,3,2,2,tomato,2,3,plate,2,4,plate,2,5,,4,0,tomato,5,0,tomato,6,0,plate,6,3,,6,4,,7,1,plate,7,3,,7,4,,1,76.51351790342257,83.4847513034698,,tomato_salad,0,1.0,30.0,87.7499999999963,24.0,,plate,1,1.0,30.0
1540,0,1,,0,2,None_cut,4.0,3,0,3,None_cut,3.3749999999999964,3,2,2,tomato,2,3,plate,2,4,plate,2,5,,4,0,tomato,5,0,tomato,6,0,plate,6,3,,6,4,,7,1,plate,7,3,,7,4,,1,77.39746797457992,82.6009344266775,,tomato_salad,0,1.0,30.0,86.49999999999602,24.0,,plate,1,1.0,30.0
1541,0,1,,0,2,None_cut,4.0,3,0,3,None_cut,3.3749999999999964,3,2,2,tomato,2,3,plate,2,4,plate,2,5,,4,0,tomato,5,0,tomato,6,0,plate,6,3,,6,4,,7,1,plate,7,3,,7,4,,1,78.28141804573728,81.71711754988519,,tomato_salad,0,1.0,30.0,85.24999999999574,24.0,,plate,1,1.0,30.0
1542,0,1,,0,2,None_cut,4.0,3,0,3,None_cut,3.3749999999999964,3,2,2,tomato,2,3,plate,2,4,plate,2,5,,4,0,tomato,5,0,tomato,6,0,plate,6,3,,6,4,,7,1,plate,7,3,,7,4,,1,79.16536811689464,80.83330067309288,,tomato_salad,0,1.0,30.0,83.99999999999545,24.0,,plate,1,1.0,30.0
1543,0,1,,0,2,None_cut,4.0,3,0,3,None_cut,3.3749999999999964,3,2,2,tomato,2,3,plate,2,4,plate,2,5,,4,0,tomato,5,0,tomato,6,0,plate,6,3,,6,4,,7,1,plate,7,3,,7,4,,1,80.049318188052,79.94948379630057,,tomato_salad,0,1.0,30.0,82.74999999999517,24.0,,plate,1,1.0,30.0
1544,0,1,,0,2,None_cut,4.0,3,0,3,None_cut,3.3749999999999964,3,2,2,tomato,2,3,plate,2,4,plate,2,5,,4,0,tomato,5,0,tomato,6,0,plate,6,3,,6,4,,7,1,plate,7,3,,7,4,,1,80.93326825920936,79.06566691950826,,tomato_salad,0,1.0,30.0,81.49999999999488,24.0,,plate,1,1.0,30.0
1545,0,1,,0,2,None_cut,4.0,3,0,3,None_cut,3.3749999999999964,3,2,2,tomato,2,3,plate,2,4,plate,2,5,,4,0,tomato,5,0,tomato,6,0,plate,6,3,,6,4,,7,1,plate,7,3,,7,4,,1,81.81721833036671,78.18185004271595,,tomato_salad,0,1.0,30.0,80.2499999999946,24.0,,plate,1,1.0,30.0
1546,0,1,,0,2,None_cut,4.0,3,0,3,None_cut,3.3749999999999964,3,2,2,tomato,2,3,plate,2,4,plate,2,5,,4,0,tomato,5,0,tomato,6,0,plate,6,3,,6,4,,7,1,plate,7,3,,7,4,,1,82.70116840152407,77.29803316592364,,tomato_salad,0,1.0,30.0,78.99999999999432,24.0,,plate,1,1.0,30.0
1547,0,1,,0,2,None_cut,4.0,3,0,3,None_cut,3.3749999999999964,3,2,2,tomato,2,3,plate,2,4,plate,2,5,,4,0,tomato,5,0,tomato,6,0,plate,6,3,,6,4,,7,1,plate,7,3,,7,4,,1,83.58511847268143,76.41421628913133,,tomato_salad,0,1.0,30.0,77.74999999999403,24.0,,plate,1,1.0,30.0
1548,0,1,,0,2,None_cut,4.0,3,0,3,None_cut,3.3749999999999964,3,2,2,tomato,2,3,plate,2,4,plate,2,5,,4,0,tomato,5,0,tomato,6,0,plate,6,3,,6,4,,7,1,plate,7,3,,7,4,,1,84.46906854383879,75.5303994123392,,tomato_salad,0,1.0,30.0,76.49999999999375,24.0,,plate,1,1.0,30.0
1549,0,1,,0,2,None_cut,4.0,3,0,3,None_cut,3.3749999999999964,3,2,2,tomato,2,3,plate,2,4,plate,2,5,,4,0,tomato,5,0,tomato,6,0,plate,6,3,,6,4,,7,1,plate,7,3,,7,4,,1,85.35301861499615,74.64658253554717,,tomato_salad,0,1.0,30.0,75.24999999999346,24.0,,plate,1,1.0,30.0
1550,0,1,,0,2,None_cut,4.0,3,0,3,None_cut,3.3749999999999964,3,2,2,tomato,2,3,plate,2,4,plate,2,5,,4,0,tomato,5,0,tomato,6,0,plate,6,3,,6,4,,7,1,plate,7,3,,7,4,,1,86.2369686861535,73.76276565875514,,tomato_salad,0,1.0,30.0,73.99999999999318,24.0,,plate,1,1.0,30.0
1551,0,1,,0,2,None_cut,4.0,3,0,3,None_cut,3.3749999999999964,3,2,2,tomato,2,3,plate,2,4,plate,2,5,,4,0,tomato,5,0,tomato,6,0,plate,6,3,,6,4,,7,1,plate,7,3,,7,4,,1,87.12091875731086,72.87894878196312,,tomato_salad,0,1.0,30.0,72.7499999999929,24.0,,plate,1,1.0,30.0
1552,0,1,,0,2,None_cut,4.0,3,0,3,None_cut,3.3749999999999964,3,2,2,tomato,2,3,plate,2,4,plate,2,5,,4,0,tomato,5,0,tomato,6,0,plate,6,3,,6,4,,7,1,plate,7,3,,7,4,,1,88.0,72.0,,tomato_salad,0,1.0,30.0,71.70196048263347,24.49189088134284,,plate,1,1.0,30.0
1553,0,1,,0,2,None_cut,4.0,3,0,3,None_cut,3.3749999999999964,3,2,2,tomato,2,3,plate,2,4,plate,2,5,,4,0,tomato,5,0,tomato,6,0,plate,6,3,,6,4,,7,1,plate,7,3,,7,4,,2,88.0,72.0,,,1,1.0,30.0,70.81260420163471,25.37026745516934,,plate,1,1.0,30.0
1554,0,1,,0,2,None_cut,4.0,3,0,3,None_cut,3.3749999999999964,3,2,2,tomato,2,3,plate,2,4,plate,2,5,,4,0,tomato,5,0,tomato,6,0,plate,6,3,,6,4,,7,1,plate,7,3,,7,4,,2,88.0,72.0,,,1,1.0,30.0,69.92324792063596,26.24864402899584,,plate,1,1.0,30.0
1555,0,1,,0,2,None_cut,4.0,3,0,3,None_cut,3.3749999999999964,3,2,2,tomato,2,3,plate,2,4,plate,2,5,,4,0,tomato,5,0,tomato,6,0,plate,6,3,,6,4,,7,1,plate,7,3,,7,4,,2,88.0,72.0,,,1,1.0,30.0,69.0338916396372,27.12702060282234,,plate,1,1.0,30.0
1556,0,1,,0,2,None_cut,4.0,3,0,3,None_cut,3.3749999999999964,3,2,2,tomato,2,3,plate,2,4,plate,2,5,,4,0,tomato,5,0,tomato,6,0,plate,6,3,,6,4,,7,1,plate,7,3,,7,4,,2,88.0,72.0,,,1,1.0,30.0,68.14453535863845,28.00539717664884,,plate,1,1.0,30.0
1557,0,1,,0,2,None_cut,4.0,3,0,3,None_cut,3.3749999999999964,3,2,2,tomato,2,3,plate,2,4,plate,2,5,,4,0,tomato,5,0,tomato,6,0,plate,6,3,,6,4,,7,1,plate,7,3,,7,4,,2,88.0,72.0,,,1,1.0,30.0,67.2551790776397,28.883773750475342,,plate,1,1.0,30.0
1558,0,1,,0,2,None_cut,4.0,3,0,3,None_cut,3.3749999999999964,3,2,2,tomato,2,3,plate,2,4,plate,2,5,,4,0,tomato,5,0,tomato,6,0,plate,6,3,,6,4,,7,1,plate,7,3,,7,4,,2,88.0,72.0,,,1,1.0,30.0,66.36582279664094,29.762150324301842,,plate,1,1.0,30.0
1559,0,1,,0,2,None_cut,4.0,3,0,3,None_cut,3.3749999999999964,3,2,2,tomato,2,3,plate,2,4,plate,2,5,,4,0,tomato,5,0,tomato,6,0,plate,6,3,,6,4,,7,1,plate,7,3,,7,4,,2,88.0,72.0,,,1,1.0,30.0,65.47646651564219,30.640526898128343,,plate,1,1.0,30.0
1560,0,1,,0,2,None_cut,4.0,3,0,3,None_cut,3.3749999999999964,3,2,2,tomato,2,3,plate,2,4,plate,2,5,,4,0,tomato,5,0,tomato,6,0,plate,6,3,,6,4,,7,1,plate,7,3,,7,4,,2,88.0,72.0,,,1,1.0,30.0,64.58711023464343,31.518903471954843,,plate,1,1.0,30.0
1561,0,1,,0,2,None_cut,4.0,3,0,3,None_cut,3.3749999999999964,3,2,2,tomato,2,3,plate,2,4,plate,2,5,,4,0,tomato,5,0,tomato,6,0,plate,6,3,,6,4,,7,1,plate,7,3,,7,4,,2,88.0,72.0,,,1,1.0,30.0,63.69775395364444,32.39728004578134,,plate,1,1.0,30.0
1562,0,1,,0,2,None_cut,4.0,3,0,3,None_cut,3.3749999999999964,3,2,2,tomato,2,3,plate,2,4,plate,2,5,,4,0,tomato,5,0,tomato,6,0,plate,6,3,,6,4,,7,1,plate,7,3,,7,4,,2,88.0,72.0,,,1,1.0,30.0,62.80839767264497,33.275656619607844,,plate,1,1.0,30.0
1563,0,1,,0,2,None_cut,4.0,3,0,3,None_cut,3.3749999999999964,3,2,2,tomato,2,3,plate,2,4,plate,2,5,,4,0,tomato,5,0,tomato,6,0,plate,6,3,,6,4,,7,1,plate,7,3,,7,4,,2,88.0,72.0,,,1,1.0,30.0,61.91904139164551,34.154033193434344,,plate,1,1.0,30.0
1564,0,1,,0,2,None_cut,4.0,3,0,3,None_cut,3.3749999999999964,3,2,2,tomato,2,3,plate,2,4,plate,2,5,,4,0,tomato,5,0,tomato,6,0,plate,6,3,,6,4,,7,1,plate,7,3,,7,4,,2,88.0,72.0,,,1,1.0,30.0,61.02968511064632,35.032409767260845,,plate,1,1.0,30.0
1565,0,1,,0,2,None_cut,4.0,3,0,3,None_cut,3.3749999999999964,3,2,2,tomato,2,3,plate,2,4,plate,2,5,,4,0,tomato,5,0,tomato,6,0,plate,6,3,,6,4,,7,1,plate,7,3,,7,4,,2,88.0,72.0,,,1,1.0,30.0,60.14032882964735,35.910786341087345,,plate,1,1.0,30.0
1566,0,1,,0,2,None_cut,4.0,3,0,3,None_cut,3.3749999999999964,3,2,2,tomato,2,3,plate,2,4,plate,2,5,,4,0,tomato,5,0,tomato,6,0,plate,6,3,,6,4,,7,1,plate,7,3,,7,4,,2,88.0,72.0,,,1,1.0,30.0,59.25097254864839,36.789162914913845,,plate,1,1.0,30.0
1567,0,1,,0,2,None_cut,4.0,3,0,3,None_cut,3.3749999999999964,3,2,2,tomato,2,3,plate,2,4,plate,2,5,,4,0,tomato,5,0,tomato,6,0,plate,6,3,,6,4,,7,1,plate,7,3,,7,4,,2,88.0,72.0,,,1,1.0,30.0,58.361616267649424,37.667539488740346,,plate,1,1.0,30.0
1568,0,1,,0,2,None_cut,4.0,3,0,3,None_cut,3.3749999999999964,3,2,2,tomato,2,3,plate,2,4,plate,2,5,,4,0,tomato,5,0,tomato,6,0,plate,6,3,,6,4,,7,1,plate,7,3,,7,4,,2,88.0,72.0,,,1,1.0,30.0,57.47225998665046,38.545916062566846,,plate,1,1.0,30.0
1569,0,1,,0,2,None_cut,4.0,3,0,3,None_cut,3.3749999999999964,3,2,2,tomato,2,3,plate,2,4,plate,2,5,,4,0,tomato,5,0,tomato,6,0,plate,6,3,,6,4,,7,1,plate,7,3,,7,4,,2,88.0,72.0,,,1,1.0,30.0,56.582903705651496,39.424292636393346,,plate,1,1.0,30.0
1570,0,1,,0,2,None_cut,4.0,3,0,3,None_cut,3.3749999999999964,3,2,2,tomato,2,3,plate,2,4,plate,2,5,,4,0,tomato,5,0,tomato,6,0,plate,6,3,,6,4,,7,1,plate,7,3,,7,4,,2,88.0,72.0,,,1,1.0,30.0,56.0,40.0,,plate,1,1.0,30.0
1571,0,1,,0,2,None_cut,4.0,3,0,3,None_cut,3.3749999999999964,3,2,2,plate,2,3,plate,2,4,plate,2,5,,4,0,tomato,5,0,tomato,6,0,plate,6,3,,6,4,,7,1,plate,7,3,,7,4,,2,88.0,72.0,,,1,1.0,30.0,56.0,40.0,,tomato,1,1.0,30.0
1572,0,1,,0,2,None_cut,4.0,3,0,3,None_cut,3.3749999999999964,3,2,2,plate,2,3,plate,2,4,plate,2,5,,4,0,tomato,5,0,tomato,6,0,plate,6,3,,6,4,,7,1,plate,7,3,,7,4,,2,88.0,72.0,,,1,1.0,30.0,56.0,40.0,,tomato,1,1.0,30.0
1573,0,1,,0,2,None_cut,4.0,3,0,3,None_cut,3.3749999999999964,3,2,2,plate,2,3,plate,2,4,plate,2,5,,4,0,tomato,5,0,tomato,6,0,plate,6,3,,6,4,,7,1,plate,7,3,,7,4,,2,88.0,72.0,,,1,1.0,30.0,56.0,40.0,,tomato,1,1.0,30.0
1574,0,1,,0,2,None_cut,4.0,3,0,3,None_cut,3.3749999999999964,3,2,2,plate,2,3,plate,2,4,plate,2,5,,4,0,tomato,5,0,tomato,6,0,plate,6,3,,6,4,,7,1,plate,7,3,,7,4,,2,88.0,72.0,,,1,1.0,30.0,56.0,40.0,,tomato,1,1.0,30.0
1575,0,1,,0,2,None_cut,4.0,3,0,3,None_cut,3.3749999999999964,3,2,2,plate,2,3,plate,2,4,plate,2,5,,4,0,tomato,5,0,tomato,6,0,plate,6,3,,6,4,,7,1,plate,7,3,,7,4,,2,88.0,72.0,,,1,1.0,30.0,56.0,40.0,,tomato,1,1.0,30.0
1576,0,1,,0,2,None_cut,4.0,3,0,3,None_cut,3.3749999999999964,3,2,2,plate,2,3,plate,2,4,plate,2,5,,4,0,tomato,5,0,tomato,6,0,plate,6,3,,6,4,,7,1,plate,7,3,,7,4,,2,88.0,72.0,,,1,1.0,30.0,56.0,40.0,,tomato,1,1.0,30.0
1577,0,1,,0,2,None_cut,4.0,3,0,3,None_cut,3.3749999999999964,3,2,2,plate,2,3,plate,2,4,plate,2,5,,4,0,tomato,5,0,tomato,6,0,plate,6,3,,6,4,,7,1,plate,7,3,,7,4,,2,88.0,72.0,,,1,1.0,30.0,56.0,40.0,,tomato,1,1.0,30.0
1578,0,1,,0,2,None_cut,4.0,3,0,3,None_cut,3.3749999999999964,3,2,2,plate,2,3,plate,2,4,plate,2,5,,4,0,tomato,5,0,tomato,6,0,plate,6,3,,6,4,,7,1,plate,7,3,,7,4,,2,88.0,72.0,,,1,1.0,30.0,56.0,40.0,,tomato,1,1.0,30.0
1579,0,1,,0,2,None_cut,4.0,3,0,3,None_cut,3.3749999999999964,3,2,2,plate,2,3,plate,2,4,plate,2,5,,4,0,tomato,5,0,tomato,6,0,plate,6,3,,6,4,,7,1,plate,7,3,,7,4,,2,88.0,72.0,,,1,1.0,30.0,56.0,40.0,,tomato,1,1.0,30.0
1580,0,1,,0,2,None_cut,4.0,3,0,3,None_cut,3.3749999999999964,3,2,2,plate,2,3,plate,2,4,plate,2,5,,4,0,tomato,5,0,tomato,6,0,plate,6,3,,6,4,,7,1,plate,7,3,,7,4,,2,88.0,72.0,,,1,1.0,30.0,56.0,40.0,,tomato,1,1.0,30.0
1581,0,1,,0,2,None_cut,4.0,3,0,3,None_cut,3.3749999999999964,3,2,2,plate,2,3,plate,2,4,plate,2,5,,4,0,tomato,5,0,tomato,6,0,plate,6,3,,6,4,,7,1,plate,7,3,,7,4,,2,88.0,72.0,,,1,1.0,30.0,56.0,40.0,,tomato,1,1.0,30.0
1582,0,1,,0,2,None_cut,4.0,3,0,3,None_cut,3.3749999999999964,3,2,2,plate,2,3,plate,2,4,plate,2,5,,4,0,tomato,5,0,tomato,6,0,plate,6,3,,6,4,,7,1,plate,7,3,,7,4,,2,88.0,72.0,,,1,1.0,30.0,56.0,40.0,,tomato,1,1.0,30.0
1583,0,1,,0,2,None_cut,4.0,3,0,3,None_cut,3.3749999999999964,3,2,2,plate,2,3,plate,2,4,plate,2,5,,4,0,tomato,5,0,tomato,6,0,plate,6,3,,6,4,,7,1,plate,7,3,,7,4,,2,88.0,72.0,,,1,1.0,30.0,56.0,40.0,,tomato,1,1.0,30.0
1584,0,1,,0,2,None_cut,4.0,3,0,3,None_cut,3.3749999999999964,3,2,2,plate,2,3,plate,2,4,plate,2,5,,4,0,tomato,5,0,tomato,6,0,plate,6,3,,6,4,,7,1,plate,7,3,,7,4,,2,88.0,72.0,,,1,1.0,30.0,56.0,40.0,,tomato,1,1.0,30.0
1585,0,1,,0,2,None_cut,4.0,3,0,3,None_cut,3.3749999999999964,3,2,2,plate,2,3,plate,2,4,plate,2,5,,4,0,tomato,5,0,tomato,6,0,plate,6,3,,6,4,,7,1,plate,7,3,,7,4,,2,88.0,72.0,,,1,1.0,30.0,56.0,40.0,,tomato,1,1.0,30.0
1586,0,1,,0,2,None_cut,4.0,3,0,3,None_cut,3.3749999999999964,3,2,2,plate,2,3,plate,2,4,plate,2,5,,4,0,tomato,5,0,tomato,6,0,plate,6,3,,6,4,,7,1,plate,7,3,,7,4,,2,88.0,72.0,,,1,1.0,30.0,56.0,40.0,,tomato,1,1.0,30.0
1587,0,1,,0,2,None_cut,4.0,3,0,3,None_cut,3.3749999999999964,3,2,2,plate,2,3,plate,2,4,plate,2,5,,4,0,tomato,5,0,tomato,6,0,plate,6,3,,6,4,,7,1,plate,7,3,,7,4,,2,88.0,72.0,,,1,1.0,30.0,56.0,40.0,,tomato,1,1.0,30.0
1588,0,1,,0,2,None_cut,4.0,3,0,3,None_cut,3.3749999999999964,3,2,2,plate,2,3,plate,2,4,plate,2,5,,4,0,tomato,5,0,tomato,6,0,plate,6,3,,6,4,,7,1,plate,7,3,,7,4,,2,88.0,72.0,,,1,1.0,30.0,56.0,40.0,,tomato,1,1.0,30.0
1589,0,1,,0,2,None_cut,4.0,3,0,3,None_cut,3.3749999999999964,3,2,2,plate,2,3,plate,2,4,plate,2,5,,4,0,tomato,5,0,tomato,6,0,plate,6,3,,6,4,,7,1,plate,7,3,,7,4,,2,88.0,72.0,,,1,1.0,30.0,56.0,40.0,,tomato,1,1.0,30.0
1590,0,1,,0,2,None_cut,4.0,3,0,3,None_cut,3.3749999999999964,3,2,2,plate,2,3,plate,2,4,plate,2,5,,4,0,tomato,5,0,tomato,6,0,plate,6,3,,6,4,,7,1,plate,7,3,,7,4,,2,88.0,72.0,,,1,1.0,30.0,56.0,40.0,,tomato,1,1.0,30.0
1591,0,1,,0,2,None_cut,4.0,3,0,3,None_cut,3.3749999999999964,3,2,2,plate,2,3,plate,2,4,plate,2,5,,4,0,tomato,5,0,tomato,6,0,plate,6,3,,6,4,,7,1,plate,7,3,,7,4,,2,88.0,72.0,,,1,1.0,30.0,56.0,40.0,,tomato,1,1.0,30.0
1592,0,1,,0,2,None_cut,4.0,3,0,3,None_cut,3.3749999999999964,3,2,2,plate,2,3,plate,2,4,plate,2,5,,4,0,tomato,5,0,tomato,6,0,plate,6,3,,6,4,,7,1,plate,7,3,,7,4,,2,88.0,72.0,,,1,1.0,30.0,56.0,40.0,,tomato,1,1.0,30.0
1593,0,1,,0,2,None_cut,4.0,3,0,3,None_cut,3.3749999999999964,3,2,2,plate,2,3,plate,2,4,plate,2,5,,4,0,tomato,5,0,tomato,6,0,plate,6,3,,6,4,,7,1,plate,7,3,,7,4,,2,88.0,72.0,,,1,1.0,30.0,56.0,40.0,,tomato,1,1.0,30.0
1594,0,1,,0,2,None_cut,4.0,3,0,3,None_cut,3.3749999999999964,3,2,2,plate,2,3,plate,2,4,plate,2,5,,4,0,tomato,5,0,tomato,6,0,plate,6,3,,6,4,,7,1,plate,7,3,,7,4,,2,88.0,72.0,,,1,1.0,30.0,56.0,40.0,,tomato,1,1.0,30.0
1595,0,1,,0,2,None_cut,4.0,3,0,3,None_cut,3.3749999999999964,3,2,2,plate,2,3,plate,2,4,plate,2,5,,4,0,tomato,5,0,tomato,6,0,plate,6,3,,6,4,,7,1,plate,7,3,,7,4,,2,88.0,72.0,,,1,1.0,30.0,56.0,40.0,,tomato,1,1.0,30.0
1596,0,1,,0,2,None_cut,4.0,3,0,3,None_cut,3.3749999999999964,3,2,2,plate,2,3,plate,2,4,plate,2,5,,4,0,tomato,5,0,tomato,6,0,plate,6,3,,6,4,,7,1,plate,7,3,,7,4,,2,88.0,72.0,,,1,1.0,30.0,56.0,40.0,,tomato,1,1.0,30.0
1597,0,1,,0,2,None_cut,4.0,3,0,3,None_cut,3.3749999999999964,3,2,2,plate,2,3,plate,2,4,plate,2,5,,4,0,tomato,5,0,tomato,6,0,plate,6,3,,6,4,,7,1,plate,7,3,,7,4,,2,88.0,72.0,,,1,1.0,30.0,56.0,40.0,,tomato,1,1.0,30.0
1598,0,1,,0,2,None_cut,4.0,3,0,3,None_cut,3.3749999999999964,3,2,2,plate,2,3,plate,2,4,plate,2,5,,4,0,tomato,5,0,tomato,6,0,plate,6,3,,6,4,,7,1,plate,7,3,,7,4,,2,88.0,72.0,,,1,1.0,30.0,56.0,40.0,,tomato,1,1.0,30.0
1599,0,1,,0,2,None_cut,4.0,3,0,3,None_cut,3.3749999999999964,3,2,2,plate,2,3,plate,2,4,plate,2,5,,4,0,tomato,5,0,tomato,6,0,plate,6,3,,6,4,,7,1,plate,7,3,,7,4,,2,88.0,72.0,,,1,1.0,30.0,56.0,40.0,,tomato,1,1.0,30.0
1600,0,1,,0,2,None_cut,4.0,3,0,3,None_cut,3.3749999999999964,3,2,2,plate,2,3,plate,2,4,plate,2,5,,4,0,tomato,5,0,tomato,6,0,plate,6,3,,6,4,,7,1,plate,7,3,,7,4,,2,88.0,72.0,,,1,1.0,30.0,56.0,41.250000000000284,,tomato,1,1.0,30.0
1601,0,1,,0,2,None_cut,4.0,3,0,3,None_cut,3.3749999999999964,3,2,2,plate,2,3,plate,2,4,plate,2,5,,4,0,tomato,5,0,tomato,6,0,plate,6,3,,6,4,,7,1,plate,7,3,,7,4,,2,88.0,72.0,,,1,1.0,30.0,56.0,42.50000000000057,,tomato,1,1.0,30.0
1602,0,1,,0,2,None_cut,4.0,3,0,3,None_cut,3.3749999999999964,3,2,2,plate,2,3,plate,2,4,plate,2,5,,4,0,tomato,5,0,tomato,6,0,plate,6,3,,6,4,,7,1,plate,7,3,,7,4,,2,88.0,72.0,,,1,1.0,30.0,56.0,43.75000000000085,,tomato,1,1.0,30.0
1603,0,1,,0,2,None_cut,4.0,3,0,3,None_cut,3.3749999999999964,3,2,2,plate,2,3,plate,2,4,plate,2,5,,4,0,tomato,5,0,tomato,6,0,plate,6,3,,6,4,,7,1,plate,7,3,,7,4,,2,88.0,72.0,,,1,1.0,30.0,56.0,45.00000000000114,,tomato,1,1.0,30.0
1604,0,1,,0,2,None_cut,4.0,3,0,3,None_cut,3.3749999999999964,3,2,2,plate,2,3,plate,2,4,plate,2,5,,4,0,tomato,5,0,tomato,6,0,plate,6,3,,6,4,,7,1,plate,7,3,,7,4,,2,88.0,72.0,,,1,1.0,30.0,56.0,46.25000000000142,,tomato,1,1.0,30.0
1605,0,1,,0,2,None_cut,4.0,3,0,3,None_cut,3.3749999999999964,3,2,2,plate,2,3,plate,2,4,plate,2,5,,4,0,tomato,5,0,tomato,6,0,plate,6,3,,6,4,,7,1,plate,7,3,,7,4,,2,88.0,72.0,,,1,1.0,30.0,56.0,47.500000000001705,,tomato,1,1.0,30.0
1606,0,1,,0,2,None_cut,4.0,3,0,3,None_cut,3.3749999999999964,3,2,2,plate,2,3,plate,2,4,plate,2,5,,4,0,tomato,5,0,tomato,6,0,plate,6,3,,6,4,,7,1,plate,7,3,,7,4,,2,88.0,72.0,,,1,1.0,30.0,56.0,48.75000000000199,,tomato,1,1.0,30.0
1607,0,1,,0,2,None_cut,4.0,3,0,3,None_cut,3.3749999999999964,3,2,2,plate,2,3,plate,2,4,plate,2,5,,4,0,tomato,5,0,tomato,6,0,plate,6,3,,6,4,,7,1,plate,7,3,,7,4,,2,88.0,72.0,,,1,1.0,30.0,56.0,50.000000000002274,,tomato,1,1.0,30.0
1608,0,1,,0,2,None_cut,4.0,3,0,3,None_cut,3.3749999999999964,3,2,2,plate,2,3,plate,2,4,plate,2,5,,4,0,tomato,5,0,tomato,6,0,plate,6,3,,6,4,,7,1,plate,7,3,,7,4,,2,88.0,72.0,,,1,1.0,30.0,56.0,51.25000000000256,,tomato,1,1.0,30.0
1609,0,1,,0,2,None_cut,4.0,3,0,3,None_cut,3.3749999999999964,3,2,2,plate,2,3,plate,2,4,plate,2,5,,4,0,tomato,5,0,tomato,6,0,plate,6,3,,6,4,,7,1,plate,7,3,,7,4,,2,88.0,72.0,,,1,1.0,30.0,56.0,52.50000000000284,,tomato,1,1.0,30.0
1610,0,1,,0,2,None_cut,4.0,3,0,3,None_cut,3.3749999999999964,3,2,2,plate,2,3,plate,2,4,plate,2,5,,4,0,tomato,5,0,tomato,6,0,plate,6,3,,6,4,,7,1,plate,7,3,,7,4,,2,88.0,72.0,,,1,1.0,30.0,56.0,53.750000000003126,,tomato,1,1.0,30.0
1611,0,1,,0,2,None_cut,4.0,3,0,3,None_cut,3.3749999999999964,3,2,2,plate,2,3,plate,2,4,plate,2,5,,4,0,tomato,5,0,tomato,6,0,plate,6,3,,6,4,,7,1,plate,7,3,,7,4,,2,88.0,72.0,,,1,1.0,30.0,56.0,55.00000000000341,,tomato,1,1.0,30.0
1612,0,1,,0,2,None_cut,4.0,3,0,3,None_cut,3.3749999999999964,3,2,2,plate,2,3,plate,2,4,plate,2,5,,4,0,tomato,5,0,tomato,6,0,plate,6,3,,6,4,,7,1,plate,7,3,,7,4,,2,88.0,72.0,,,1,1.0,30.0,56.0,56.250000000003695,,tomato,1,1.0,30.0
1613,0,1,,0,2,None_cut,4.0,3,0,3,None_cut,3.3749999999999964,3,2,2,plate,2,3,plate,2,4,plate,2,5,,4,0,tomato,5,0,tomato,6,0,plate,6,3,,6,4,,7,1,plate,7,3,,7,4,,2,88.0,72.0,,,1,1.0,30.0,56.0,57.50000000000398,,tomato,1,1.0,30.0
1614,0,1,,0,2,None_cut,4.0,3,0,3,None_cut,3.3749999999999964,3,2,2,plate,2,3,plate,2,4,plate,2,5,,4,0,tomato,5,0,tomato,6,0,plate,6,3,,6,4,,7,1,plate,7,3,,7,4,,2,88.0,72.0,,,1,1.0,30.0,56.0,58.75000000000426,,tomato,1,1.0,30.0
1615,0,1,,0,2,None_cut,4.0,3,0,3,None_cut,3.3749999999999964,3,2,2,plate,2,3,plate,2,4,plate,2,5,,4,0,tomato,5,0,tomato,6,0,plate,6,3,,6,4,,7,1,plate,7,3,,7,4,,2,88.0,72.0,,,1,1.0,30.0,56.0,60.00000000000455,,tomato,1,1.0,30.0
1616,0,1,,0,2,None_cut,4.0,3,0,3,None_cut,3.3749999999999964,3,2,2,plate,2,3,plate,2,4,plate,2,5,,4,0,tomato,5,0,tomato,6,0,plate,6,3,,6,4,,7,1,plate,7,3,,7,4,,2,88.0,72.0,,,1,1.0,30.0,56.0,61.25000000000483,,tomato,1,1.0,30.0
1617,0,1,,0,2,None_cut,4.0,3,0,3,None_cut,3.3749999999999964,3,2,2,plate,2,3,plate,2,4,plate,2,5,,4,0,tomato,5,0,tomato,6,0,plate,6,3,,6,4,,7,1,plate,7,3,,7,4,,2,88.0,72.0,,,1,1.0,30.0,56.0,62.500000000005116,,tomato,1,1.0,30.0
1618,0,1,,0,2,None_cut,4.0,3,0,3,None_cut,3.3749999999999964,3,2,2,plate,2,3,plate,2,4,plate,2,5,,4,0,tomato,5,0,tomato,6,0,plate,6,3,,6,4,,7,1,plate,7,3,,7,4,,2,88.0,72.0,,,1,1.0,30.0,56.0,63.7500000000054,,tomato,1,1.0,30.0
1619,0,1,,0,2,None_cut,4.0,3,0,3,None_cut,3.3749999999999964,3,2,2,plate,2,3,plate,2,4,plate,2,5,,4,0,tomato,5,0,tomato,6,0,plate,6,3,,6,4,,7,1,plate,7,3,,7,4,,2,88.0,72.0,,,1,1.0,30.0,56.0,65.00000000000568,,tomato,1,1.0,30.0
1620,0,1,,0,2,None_cut,4.0,3,0,3,None_cut,3.3749999999999964,3,2,2,plate,2,3,plate,2,4,plate,2,5,,4,0,tomato,5,0,tomato,6,0,plate,6,3,,6,4,,7,1,plate,7,3,,7,4,,2,88.0,72.0,,,1,1.0,30.0,56.0,66.25000000000597,,tomato,1,1.0,30.0
1621,0,1,,0,2,None_cut,4.0,3,0,3,None_cut,3.3749999999999964,3,2,2,plate,2,3,plate,2,4,plate,2,5,,4,0,tomato,5,0,tomato,6,0,plate,6,3,,6,4,,7,1,plate,7,3,,7,4,,2,88.0,72.0,,,1,1.0,30.0,56.0,67.50000000000625,,tomato,1,1.0,30.0
1622,0,1,,0,2,None_cut,4.0,3,0,3,None_cut,3.3749999999999964,3,2,2,plate,2,3,plate,2,4,plate,2,5,,4,0,tomato,5,0,tomato,6,0,plate,6,3,,6,4,,7,1,plate,7,3,,7,4,,2,88.0,72.0,,,1,1.0,30.0,56.0,68.75000000000654,,tomato,1,1.0,30.0
1623,0,1,,0,2,None_cut,4.0,3,0,3,None_cut,3.3749999999999964,3,2,2,plate,2,3,plate,2,4,plate,2,5,,4,0,tomato,5,0,tomato,6,0,plate,6,3,,6,4,,7,1,plate,7,3,,7,4,,2,88.0,72.0,,,1,1.0,30.0,56.0,70.00000000000682,,tomato,1,1.0,30.0
1624,0,1,,0,2,None_cut,4.0,3,0,3,None_cut,3.3749999999999964,3,2,2,plate,2,3,plate,2,4,plate,2,5,,4,0,tomato,5,0,tomato,6,0,plate,6,3,,6,4,,7,1,plate,7,3,,7,4,,2,88.0,72.0,,,1,1.0,30.0,56.0,71.2500000000071,,tomato,1,1.0,30.0
1625,0,1,,0,2,None_cut,4.0,3,0,3,None_cut,3.3749999999999964,3,2,2,plate,2,3,plate,2,4,plate,2,5,,4,0,tomato,5,0,tomato,6,0,plate,6,3,,6,4,,7,1,plate,7,3,,7,4,,2,88.0,72.0,,,1,1.0,30.0,56.0,72.50000000000739,,tomato,1,1.0,30.0
1626,0,1,,0,2,None_cut,4.0,3,0,3,None_cut,3.3749999999999964,3,2,2,plate,2,3,plate,2,4,plate,2,5,,4,0,tomato,5,0,tomato,6,0,plate,6,3,,6,4,,7,1,plate,7,3,,7,4,,2,88.0,72.0,,,1,1.0,30.0,56.0,73.75000000000767,,tomato,1,1.0,30.0
1627,0,1,,0,2,None_cut,4.0,3,0,3,None_cut,3.3749999999999964,3,2,2,plate,2,3,plate,2,4,plate,2,5,,4,0,tomato,5,0,tomato,6,0,plate,6,3,,6,4,,7,1,plate,7,3,,7,4,,2,88.0,72.0,,,1,1.0,30.0,56.0,75.00000000000796,,tomato,1,1.0,30.0
1628,0,1,,0,2,None_cut,4.0,3,0,3,None_cut,3.3749999999999964,3,2,2,plate,2,3,plate,2,4,plate,2,5,,4,0,tomato,5,0,tomato,6,0,plate,6,3,,6,4,,7,1,plate,7,3,,7,4,,2,88.0,72.0,,,1,1.0,30.0,56.0,76.25000000000824,,tomato,1,1.0,30.0
1629,0,1,,0,2,None_cut,4.0,3,0,3,None_cut,3.3749999999999964,3,2,2,plate,2,3,plate,2,4,plate,2,5,,4,0,tomato,5,0,tomato,6,0,plate,6,3,,6,4,,7,1,plate,7,3,,7,4,,2,88.0,72.0,,,1,1.0,30.0,56.0,77.50000000000853,,tomato,1,1.0,30.0
1630,0,1,,0,2,None_cut,4.0,3,0,3,None_cut,3.3749999999999964,3,2,2,plate,2,3,plate,2,4,plate,2,5,,4,0,tomato,5,0,tomato,6,0,plate,6,3,,6,4,,7,1,plate,7,3,,7,4,,2,88.0,72.0,,,1,1.0,30.0,56.0,78.75000000000881,,tomato,1,1.0,30.0
1631,0,1,,0,2,None_cut,4.0,3,0,3,None_cut,3.3749999999999964,3,2,2,plate,2,3,plate,2,4,plate,2,5,,4,0,tomato,5,0,tomato,6,0,plate,6,3,,6,4,,7,1,plate,7,3,,7,4,,2,88.0,72.0,,,1,1.0,30.0,56.0,80.0000000000091,,tomato,1,1.0,30.0
1632,0,1,,0,2,None_cut,4.0,3,0,3,None_cut,3.3749999999999964,3,2,2,plate,2,3,plate,2,4,plate,2,5,,4,0,tomato,5,0,tomato,6,0,plate,6,3,,6,4,,7,1,plate,7,3,,7,4,,2,88.0,72.0,,,1,1.0,30.0,56.0,81.25000000000938,,tomato,1,1.0,30.0
1633,0,1,,0,2,None_cut,4.0,3,0,3,None_cut,3.3749999999999964,3,2,2,plate,2,3,plate,2,4,plate,2,5,,4,0,tomato,5,0,tomato,6,0,plate,6,3,,6,4,,7,1,plate,7,3,,7,4,,2,88.0,72.0,,,1,1.0,30.0,56.0,82.50000000000966,,tomato,1,1.0,30.0
1634,0,1,,0,2,None_cut,4.0,3,0,3,None_cut,3.3749999999999964,3,2,2,plate,2,3,plate,2,4,plate,2,5,,4,0,tomato,5,0,tomato,6,0,plate,6,3,,6,4,,7,1,plate,7,3,,7,4,,2,88.0,72.0,,,1,1.0,30.0,56.0,83.75000000000995,,tomato,1,1.0,30.0
1635,0,1,,0,2,None_cut,4.0,3,0,3,None_cut,3.3749999999999964,3,2,2,plate,2,3,plate,2,4,plate,2,5,,4,0,tomato,5,0,tomato,6,0,plate,6,3,,6,4,,7,1,plate,7,3,,7,4,,2,88.0,72.0,,,1,1.0,30.0,56.0,85.00000000001023,,tomato,1,1.0,30.0
1636,0,1,,0,2,None_cut,4.0,3,0,3,None_cut,3.3749999999999964,3,2,2,plate,2,3,plate,2,4,plate,2,5,,4,0,tomato,5,0,tomato,6,0,plate,6,3,,6,4,,7,1,plate,7,3,,7,4,,2,88.0,72.0,,,1,1.0,30.0,56.0,86.25000000001052,,tomato,1,1.0,30.0
1637,0,1,,0,2,None_cut,4.0,3,0,3,None_cut,3.3749999999999964,3,2,2,plate,2,3,plate,2,4,plate,2,5,,4,0,tomato,5,0,tomato,6,0,plate,6,3,,6,4,,7,1,plate,7,3,,7,4,,2,88.0,72.0,,,1,1.0,30.0,56.0,87.5000000000108,,tomato,1,1.0,30.0
1638,0,1,,0,2,None_cut,4.0,3,0,3,None_cut,3.3749999999999964,3,2,2,plate,2,3,plate,2,4,plate,2,5,,4,0,tomato,5,0,tomato,6,0,plate,6,3,,6,4,,7,1,plate,7,3,,7,4,,2,88.0,72.0,,,1,1.0,30.0,56.0,88.0,,tomato,1,1.0,30.0
1639,0,1,,0,2,None_cut,4.0,3,0,3,None_cut,3.3749999999999964,3,2,2,plate,2,3,plate,2,4,plate,2,5,tomato,4,0,tomato,5,0,tomato,6,0,plate,6,3,,6,4,,7,1,plate,7,3,,7,4,,2,88.0,72.0,,,1,1.0,30.0,56.0,88.0,,,1,1.0,30.0
1640,0,1,,0,2,None_cut,4.0,3,0,3,None_cut,3.3749999999999964,3,2,2,plate,2,3,plate,2,4,plate,2,5,tomato,4,0,tomato,5,0,tomato,6,0,plate,6,3,,6,4,,7,1,plate,7,3,,7,4,,2,88.0,72.0,,,1,1.0,30.0,56.0,88.0,,,1,1.0,30.0
1641,0,1,,0,2,None_cut,4.0,3,0,3,None_cut,3.3749999999999964,3,2,2,plate,2,3,plate,2,4,plate,2,5,tomato,4,0,tomato,5,0,tomato,6,0,plate,6,3,,6,4,,7,1,plate,7,3,,7,4,,2,88.0,72.0,,,1,1.0,30.0,56.0,88.0,,,1,1.0,30.0
1642,0,1,,0,2,None_cut,4.0,3,0,3,None_cut,3.3749999999999964,3,2,2,plate,2,3,plate,2,4,plate,2,5,tomato,4,0,tomato,5,0,tomato,6,0,plate,6,3,,6,4,,7,1,plate,7,3,,7,4,,2,88.0,72.0,,,1,1.0,30.0,56.0,88.0,,,1,1.0,30.0
1643,0,1,,0,2,None_cut,4.0,3,0,3,None_cut,3.3749999999999964,3,2,2,plate,2,3,plate,2,4,plate,2,5,tomato,4,0,tomato,5,0,tomato,6,0,plate,6,3,,6,4,,7,1,plate,7,3,,7,4,,2,88.0,72.0,,,1,1.0,30.0,56.0,88.0,,,1,1.0,30.0
1644,0,1,,0,2,None_cut,4.0,3,0,3,None_cut,3.3749999999999964,3,2,2,plate,2,3,plate,2,4,plate,2,5,tomato,4,0,tomato,5,0,tomato,6,0,plate,6,3,,6,4,,7,1,plate,7,3,,7,4,,2,88.0,72.0,,,1,1.0,30.0,56.0,88.0,,,1,1.0,30.0
1645,0,1,,0,2,None_cut,4.0,3,0,3,None_cut,3.3749999999999964,3,2,2,plate,2,3,plate,2,4,plate,2,5,tomato,4,0,tomato,5,0,tomato,6,0,plate,6,3,,6,4,,7,1,plate,7,3,,7,4,,2,88.0,72.0,,,1,1.0,30.0,56.0,88.0,,,1,1.0,30.0
1646,0,1,,0,2,None_cut,4.0,3,0,3,None_cut,3.3749999999999964,3,2,2,plate,2,3,plate,2,4,plate,2,5,tomato,4,0,tomato,5,0,tomato,6,0,plate,6,3,,6,4,,7,1,plate,7,3,,7,4,,2,88.0,72.0,,,1,1.0,30.0,56.0,88.0,,,1,1.0,30.0
1647,0,1,,0,2,None_cut,4.0,3,0,3,None_cut,3.3749999999999964,3,2,2,plate,2,3,plate,2,4,plate,2,5,tomato,4,0,tomato,5,0,tomato,6,0,plate,6,3,,6,4,,7,1,plate,7,3,,7,4,,2,88.0,72.0,,,1,1.0,30.0,56.0,88.0,,,1,1.0,30.0
1648,0,1,,0,2,None_cut,4.0,3,0,3,None_cut,3.3749999999999964,3,2,2,plate,2,3,plate,2,4,plate,2,5,tomato,4,0,tomato,5,0,tomato,6,0,plate,6,3,,6,4,,7,1,plate,7,3,,7,4,,2,88.0,72.0,,,1,1.0,30.0,56.0,88.0,,,1,1.0,30.0
1649,0,1,,0,2,None_cut,4.0,3,0,3,None_cut,3.3749999999999964,3,2,2,plate,2,3,plate,2,4,plate,2,5,tomato,4,0,tomato,5,0,tomato,6,0,plate,6,3,,6,4,,7,1,plate,7,3,,7,4,,2,88.0,72.0,,,1,1.0,30.0,56.0,88.0,,,1,1.0,30.0
1650,0,1,,0,2,None_cut,4.0,3,0,3,None_cut,3.3749999999999964,3,2,2,plate,2,3,plate,2,4,plate,2,5,tomato,4,0,tomato,5,0,tomato,6,0,plate,6,3,,6,4,,7,1,plate,7,3,,7,4,,2,88.0,72.0,,,1,1.0,30.0,56.0,88.0,,,1,1.0,30.0
1651,0,1,,0,2,None_cut,4.0,3,0,3,None_cut,3.3749999999999964,3,2,2,plate,2,3,plate,2,4,plate,2,5,tomato,4,0,tomato,5,0,tomato,6,0,plate,6,3,,6,4,,7,1,plate,7,3,,7,4,,2,88.0,72.0,,,1,1.0,30.0,56.0,88.0,,,1,1.0,30.0
1652,0,1,,0,2,None_cut,4.0,3,0,3,None_cut,3.3749999999999964,3,2,2,plate,2,3,plate,2,4,plate,2,5,tomato,4,0,tomato,5,0,tomato,6,0,plate,6,3,,6,4,,7,1,plate,7,3,,7,4,,2,88.0,72.0,,,1,1.0,30.0,56.0,88.0,,,1,1.0,30.0
1653,0,1,,0,2,None_cut,4.0,3,0,3,None_cut,3.3749999999999964,3,2,2,plate,2,3,plate,2,4,plate,2,5,tomato,4,0,tomato,5,0,tomato,6,0,plate,6,3,,6,4,,7,1,plate,7,3,,7,4,,2,88.0,72.0,,,1,1.0,30.0,56.0,88.0,,,1,1.0,30.0
1654,0,1,,0,2,None_cut,4.0,3,0,3,None_cut,3.3749999999999964,3,2,2,plate,2,3,plate,2,4,plate,2,5,tomato,4,0,tomato,5,0,tomato,6,0,plate,6,3,,6,4,,7,1,plate,7,3,,7,4,,2,88.0,72.0,,,1,1.0,30.0,56.0,88.0,,,1,1.0,30.0
1655,0,1,,0,2,None_cut,4.0,3,0,3,None_cut,3.3749999999999964,3,2,2,plate,2,3,plate,2,4,plate,2,5,tomato,4,0,tomato,5,0,tomato,6,0,plate,6,3,,6,4,,7,1,plate,7,3,,7,4,,2,88.0,72.0,,,1,1.0,30.0,56.0,88.0,,,1,1.0,30.0
1656,0,1,,0,2,None_cut,4.0,3,0,3,None_cut,3.3749999999999964,3,2,2,plate,2,3,plate,2,4,plate,2,5,tomato,4,0,tomato,5,0,tomato,6,0,plate,6,3,,6,4,,7,1,plate,7,3,,7,4,,2,88.0,72.0,,,1,1.0,30.0,56.0,88.0,,,1,1.0,30.0
1657,0,1,,0,2,None_cut,4.0,3,0,3,None_cut,3.3749999999999964,3,2,2,plate,2,3,plate,2,4,plate,2,5,tomato,4,0,tomato,5,0,tomato,6,0,plate,6,3,,6,4,,7,1,plate,7,3,,7,4,,2,88.0,72.0,,,1,1.0,30.0,56.0,88.0,,,1,1.0,30.0
1658,0,1,,0,2,None_cut,4.0,3,0,3,None_cut,3.3749999999999964,3,2,2,plate,2,3,plate,2,4,plate,2,5,tomato,4,0,tomato,5,0,tomato,6,0,plate,6,3,,6,4,,7,1,plate,7,3,,7,4,,2,88.0,72.0,,,1,1.0,30.0,56.0,88.0,,,1,1.0,30.0
1659,0,1,,0,2,None_cut,4.0,3,0,3,None_cut,3.3749999999999964,3,2,2,plate,2,3,plate,2,4,plate,2,5,tomato,4,0,tomato,5,0,tomato,6,0,plate,6,3,,6,4,,7,1,plate,7,3,,7,4,,2,88.0,72.0,,,1,1.0,30.0,56.0,88.0,,,1,1.0,30.0
1660,0,1,,0,2,None_cut,4.0,3,0,3,None_cut,3.3749999999999964,3,2,2,plate,2,3,plate,2,4,plate,2,5,tomato,4,0,tomato,5,0,tomato,6,0,plate,6,3,,6,4,,7,1,plate,7,3,,7,4,,2,88.0,72.0,,,1,1.0,30.0,56.0,88.0,,,1,1.0,30.0
1661,0,1,,0,2,None_cut,4.0,3,0,3,None_cut,3.3749999999999964,3,2,2,plate,2,3,plate,2,4,plate,2,5,tomato,4,0,tomato,5,0,tomato,6,0,plate,6,3,,6,4,,7,1,plate,7,3,,7,4,,2,88.0,72.0,,,1,1.0,30.0,56.0,88.0,,,1,1.0,30.0
1662,0,1,,0,2,None_cut,4.0,3,0,3,None_cut,3.3749999999999964,3,2,2,plate,2,3,plate,2,4,plate,2,5,tomato,4,0,tomato,5,0,tomato,6,0,plate,6,3,,6,4,,7,1,plate,7,3,,7,4,,2,88.0,72.0,,,1,1.0,30.0,56.0,88.0,,,1,1.0,30.0
1663,0,1,,0,2,None_cut,4.0,3,0,3,None_cut,3.3749999999999964,3,2,2,plate,2,3,plate,2,4,plate,2,5,tomato,4,0,tomato,5,0,tomato,6,0,plate,6,3,,6,4,,7,1,plate,7,3,,7,4,,2,88.0,72.0,,,1,1.0,30.0,56.0,88.0,,,1,1.0,30.0
1664,0,1,,0,2,None_cut,4.0,3,0,3,None_cut,3.3749999999999964,3,2,2,plate,2,3,plate,2,4,plate,2,5,tomato,4,0,tomato,5,0,tomato,6,0,plate,6,3,,6,4,,7,1,plate,7,3,,7,4,,2,88.0,72.0,,,1,1.0,30.0,56.88388347648305,87.11611652351695,,,1,1.0,30.0
1665,0,1,,0,2,None_cut,4.0,3,0,3,None_cut,3.3749999999999964,3,2,2,plate,2,3,plate,2,4,plate,2,5,tomato,4,0,tomato,5,0,tomato,6,0,plate,6,3,,6,4,,7,1,plate,7,3,,7,4,,2,88.0,72.0,,,1,1.0,30.0,57.7677669529661,86.2322330470339,,,1,1.0,30.0
1666,0,1,,0,2,None_cut,4.0,3,0,3,None_cut,3.3749999999999964,3,2,2,plate,2,3,plate,2,4,plate,2,5,tomato,4,0,tomato,5,0,tomato,6,0,plate,6,3,,6,4,,7,1,plate,7,3,,7,4,,2,88.0,72.0,,,1,1.0,30.0,58.65165042944915,85.34834957055085,,,1,1.0,30.0
1667,0,1,,0,2,None_cut,4.0,3,0,3,None_cut,3.3749999999999964,3,2,2,plate,2,3,plate,2,4,plate,2,5,tomato,4,0,tomato,5,0,tomato,6,0,plate,6,3,,6,4,,7,1,plate,7,3,,7,4,,2,88.0,72.0,,,1,1.0,30.0,59.5355339059322,84.4644660940678,,,1,1.0,30.0
1668,0,1,,0,2,None_cut,4.0,3,0,3,None_cut,3.3749999999999964,3,2,2,plate,2,3,plate,2,4,plate,2,5,tomato,4,0,tomato,5,0,tomato,6,0,plate,6,3,,6,4,,7,1,plate,7,3,,7,4,,2,88.0,72.0,,,1,1.0,30.0,60.41941738241525,83.58058261758475,,,1,1.0,30.0
1669,0,1,,0,2,None_cut,4.0,3,0,3,None_cut,3.3749999999999964,3,2,2,plate,2,3,plate,2,4,plate,2,5,tomato,4,0,tomato,5,0,tomato,6,0,plate,6,3,,6,4,,7,1,plate,7,3,,7,4,,2,88.0,72.0,,,1,1.0,30.0,61.3033008588983,82.6966991411017,,,1,1.0,30.0
1670,0,1,,0,2,None_cut,4.0,3,0,3,None_cut,3.3749999999999964,3,2,2,plate,2,3,plate,2,4,plate,2,5,tomato,4,0,tomato,5,0,tomato,6,0,plate,6,3,,6,4,,7,1,plate,7,3,,7,4,,2,88.0,72.0,,,1,1.0,30.0,62.187184335381346,81.81281566461865,,,1,1.0,30.0
1671,0,1,,0,2,None_cut,4.0,3,0,3,None_cut,3.3749999999999964,3,2,2,plate,2,3,plate,2,4,plate,2,5,tomato,4,0,tomato,5,0,tomato,6,0,plate,6,3,,6,4,,7,1,plate,7,3,,7,4,,2,88.0,72.0,,,1,1.0,30.0,63.071067811864395,80.9289321881356,,,1,1.0,30.0
1672,0,1,,0,2,None_cut,4.0,3,0,3,None_cut,3.3749999999999964,3,2,2,plate,2,3,plate,2,4,plate,2,5,tomato,4,0,tomato,5,0,tomato,6,0,plate,6,3,,6,4,,7,1,plate,7,3,,7,4,,2,88.0,72.0,,,1,1.0,30.0,63.954951288347445,80.04504871165256,,,1,1.0,30.0
1673,0,1,,0,2,None_cut,4.0,3,0,3,None_cut,3.3749999999999964,3,2,2,plate,2,3,plate,2,4,plate,2,5,tomato,4,0,tomato,5,0,tomato,6,0,plate,6,3,,6,4,,7,1,plate,7,3,,7,4,,2,88.0,72.0,,,1,1.0,30.0,64.8388347648305,79.1611652351695,,,1,1.0,30.0
1674,0,1,,0,2,None_cut,4.0,3,0,3,None_cut,3.3749999999999964,3,2,2,plate,2,3,plate,2,4,plate,2,5,tomato,4,0,tomato,5,0,tomato,6,0,plate,6,3,,6,4,,7,1,plate,7,3,,7,4,,2,88.0,72.0,,,1,1.0,30.0,65.72271824131354,78.27728175868646,,,1,1.0,30.0
1675,0,1,,0,2,None_cut,4.0,3,0,3,None_cut,3.3749999999999964,3,2,2,plate,2,3,plate,2,4,plate,2,5,tomato,4,0,tomato,5,0,tomato,6,0,plate,6,3,,6,4,,7,1,plate,7,3,,7,4,,2,88.0,72.0,,,1,1.0,30.0,66.6066017177966,77.3933982822034,,,1,1.0,30.0
1676,0,1,,0,2,None_cut,4.0,3,0,3,None_cut,3.3749999999999964,3,2,2,plate,2,3,plate,2,4,plate,2,5,tomato,4,0,tomato,5,0,tomato,6,0,plate,6,3,,6,4,,7,1,plate,7,3,,7,4,,2,88.0,72.0,,,1,1.0,30.0,67.49048519427964,76.50951480572036,,,1,1.0,30.0
1677,0,1,,0,2,None_cut,4.0,3,0,3,None_cut,3.3749999999999964,3,2,2,plate,2,3,plate,2,4,plate,2,5,tomato,4,0,tomato,5,0,tomato,6,0,plate,6,3,,6,4,,7,1,plate,7,3,,7,4,,2,88.0,72.0,,,1,1.0,30.0,68.37436867076269,75.62563132923731,,,1,1.0,30.0
1678,0,1,,0,2,None_cut,4.0,3,0,3,None_cut,3.3749999999999964,3,2,2,plate,2,3,plate,2,4,plate,2,5,tomato,4,0,tomato,5,0,tomato,6,0,plate,6,3,,6,4,,7,1,plate,7,3,,7,4,,2,88.0,72.0,,,1,1.0,30.0,69.25825214724574,74.74174785275426,,,1,1.0,30.0
1679,0,1,,0,2,None_cut,4.0,3,0,3,None_cut,3.3749999999999964,3,2,2,plate,2,3,plate,2,4,plate,2,5,tomato,4,0,tomato,5,0,tomato,6,0,plate,6,3,,6,4,,7,1,plate,7,3,,7,4,,2,88.0,72.0,,,1,1.0,30.0,70.14213562372879,73.85786437627121,,,1,1.0,30.0
1680,0,1,,0,2,None_cut,4.0,3,0,3,None_cut,3.3749999999999964,3,2,2,plate,2,3,plate,2,4,plate,2,5,tomato,4,0,tomato,5,0,tomato,6,0,plate,6,3,,6,4,,7,1,plate,7,3,,7,4,,2,88.0,72.0,,,1,1.0,30.0,71.02601910021184,72.97398089978816,,,1,1.0,30.0
1681,0,1,,0,2,None_cut,4.0,3,0,3,None_cut,3.3749999999999964,3,2,2,plate,2,3,plate,2,4,plate,2,5,tomato,4,0,tomato,5,0,tomato,6,0,plate,6,3,,6,4,,7,1,plate,7,3,,7,4,,2,88.0,72.0,,,1,1.0,30.0,71.80565318468376,72.04617444130974,,,1,1.0,30.0
1682,0,1,,0,2,None_cut,4.0,3,0,3,None_cut,3.3749999999999964,3,2,2,plate,2,3,plate,2,4,plate,2,5,tomato,4,0,tomato,5,0,tomato,6,0,plate,6,3,,6,4,,7,1,plate,7,3,,7,4,,2,88.0,72.0,,,1,1.0,30.0,71.82079172774075,70.79626611486532,,,1,1.0,30.0
1683,0,1,,0,2,None_cut,4.0,3,0,3,None_cut,3.3749999999999964,3,2,2,plate,2,3,plate,2,4,plate,2,5,tomato,4,0,tomato,5,0,tomato,6,0,plate,6,3,,6,4,,7,1,plate,7,3,,7,4,,2,88.0,72.0,,,1,1.0,30.0,71.83593027079775,69.54635778842089,,,1,1.0,30.0
1684,0,1,,0,2,None_cut,4.0,3,0,3,None_cut,3.3749999999999964,3,2,2,plate,2,3,plate,2,4,plate,2,5,tomato,4,0,tomato,5,0,tomato,6,0,plate,6,3,,6,4,,7,1,plate,7,3,,7,4,,2,86.74999999999972,72.0,,,1,1.0,30.0,71.85106881385474,68.29644946197647,,,1,1.0,30.0
1685,0,1,,0,2,None_cut,4.0,3,0,3,None_cut,3.3749999999999964,3,2,2,plate,2,3,plate,2,4,plate,2,5,tomato,4,0,tomato,5,0,tomato,6,0,plate,6,3,,6,4,,7,1,plate,7,3,,7,4,,2,85.49999999999943,72.0,,,1,1.0,30.0,71.86620735691173,67.04654113553204,,,1,1.0,30.0
1686,0,1,,0,2,None_cut,4.0,3,0,3,None_cut,3.3749999999999964,3,2,2,plate,2,3,plate,2,4,plate,2,5,tomato,4,0,tomato,5,0,tomato,6,0,plate,6,3,,6,4,,7,1,plate,7,3,,7,4,,2,84.24999999999915,72.0,,,1,1.0,30.0,71.88134589996872,65.79663280908761,,,1,1.0,30.0
1687,0,1,,0,2,None_cut,4.0,3,0,3,None_cut,3.3749999999999964,3,2,2,plate,2,3,plate,2,4,plate,2,5,tomato,4,0,tomato,5,0,tomato,6,0,plate,6,3,,6,4,,7,1,plate,7,3,,7,4,,2,82.99999999999886,72.0,,,1,1.0,30.0,71.89648444302571,64.54672448264319,,,1,1.0,30.0
1688,0,1,,0,2,None_cut,4.0,3,0,3,None_cut,3.3749999999999964,3,2,2,plate,2,3,plate,2,4,plate,2,5,tomato,4,0,tomato,5,0,tomato,6,0,plate,6,3,,6,4,,7,1,plate,7,3,,7,4,,2,81.74999999999858,72.0,,,1,1.0,30.0,71.9116229860827,63.296816156199164,,,1,1.0,30.0
1689,0,1,,0,2,None_cut,4.0,3,0,3,None_cut,3.3749999999999964,3,2,2,plate,2,3,plate,2,4,plate,2,5,tomato,4,0,tomato,5,0,tomato,6,0,plate,6,3,,6,4,,7,1,plate,7,3,,7,4,,2,80.4999999999983,72.0,,,1,1.0,30.0,71.9267615291397,62.04690782975545,,,1,1.0,30.0
1690,0,1,,0,2,None_cut,4.0,3,0,3,None_cut,3.3749999999999964,3,2,2,plate,2,3,plate,2,4,plate,2,5,tomato,4,0,tomato,5,0,tomato,6,0,plate,6,3,,6,4,,7,1,plate,7,3,,7,4,,2,79.24999999999801,72.0,,,1,1.0,30.0,71.94190007219669,60.79699950331173,,,1,1.0,30.0
1691,0,1,,0,2,None_cut,4.0,3,0,3,None_cut,3.3749999999999964,3,2,2,plate,2,3,plate,2,4,plate,2,5,tomato,4,0,tomato,5,0,tomato,6,0,plate,6,3,,6,4,,7,1,plate,7,3,,7,4,,2,77.99999999999773,72.0,,,1,1.0,30.0,71.95703861525368,59.547091176868015,,,1,1.0,30.0
1692,0,1,,0,2,None_cut,4.0,3,0,3,None_cut,3.3749999999999964,3,2,2,plate,2,3,plate,2,4,plate,2,5,tomato,4,0,tomato,5,0,tomato,6,0,plate,6,3,,6,4,,7,1,plate,7,3,,7,4,,2,76.74999999999744,72.0,,,1,1.0,30.0,71.97217715831088,58.2971828504243,,,1,1.0,30.0
1693,0,1,,0,2,None_cut,4.0,3,0,3,None_cut,3.3749999999999964,3,2,2,plate,2,3,plate,2,4,plate,2,5,tomato,4,0,tomato,5,0,tomato,6,0,plate,6,3,,6,4,,7,1,plate,7,3,,7,4,,2,75.49999999999716,72.0,,,1,1.0,30.0,71.98731570136857,57.04727452398058,,,1,1.0,30.0
1694,0,1,,0,2,None_cut,4.0,3,0,3,None_cut,3.3749999999999964,3,2,2,plate,2,3,plate,2,4,plate,2,5,tomato,4,0,tomato,5,0,tomato,6,0,plate,6,3,,6,4,,7,1,plate,7,3,,7,4,,2,74.24999999999687,72.0,,,1,1.0,30.0,71.99766893490218,55.79733686635365,,,1,1.0,30.0
1695,0,1,,0,2,None_cut,4.0,3,0,3,None_cut,3.3749999999999964,3,2,2,plate,2,3,plate,2,4,plate,2,5,tomato,4,0,tomato,5,0,tomato,6,0,plate,6,3,,6,4,,7,1,plate,7,3,,7,4,,2,72.99999999999659,72.0,,,1,1.0,30.0,71.99785338569708,54.547336879962394,,,1,1.0,30.0
1696,0,1,,0,2,None_cut,4.0,3,0,3,None_cut,3.3749999999999964,3,2,2,plate,2,3,plate,2,4,plate,2,5,tomato,4,0,tomato,5,0,tomato,6,0,plate,6,3,,6,4,,7,1,plate,7,3,,7,4,,2,71.87983173883686,72.3162155665778,,,1,1.0,30.0,71.99803783649199,53.297336893571135,,,1,1.0,30.0
1697,0,1,,0,2,None_cut,4.0,3,0,3,None_cut,3.3749999999999964,3,2,2,plate,2,3,plate,2,4,plate,2,5,tomato,4,0,tomato,5,0,tomato,6,0,plate,6,3,,6,4,,7,1,plate,7,3,,7,4,,2,70.9904754578381,73.194592140405,,,1,1.0,30.0,71.9982222872869,52.047336907179876,,,1,1.0,30.0
1698,0,1,,0,2,None_cut,4.0,3,0,3,None_cut,3.3749999999999964,3,2,2,plate,2,3,plate,2,4,plate,2,5,tomato,4,0,tomato,5,0,tomato,6,0,plate,6,3,,6,4,,7,1,plate,7,3,,7,4,,2,70.10111917683935,74.07296871423148,,,1,1.0,30.0,71.9984067380818,50.79733692078862,,,1,1.0,30.0
1699,0,1,,0,2,None_cut,4.0,3,0,3,None_cut,3.3749999999999964,3,2,2,plate,2,3,plate,2,4,plate,2,5,tomato,4,0,tomato,5,0,tomato,6,0,plate,6,3,,6,4,,7,1,plate,7,3,,7,4,,2,69.2117628958406,74.9513452880575,,,1,1.0,30.0,71.9985911888767,49.54733693439736,,,1,1.0,30.0
1700,0,1,,0,2,None_cut,4.0,3,0,3,None_cut,3.3749999999999964,3,2,2,plate,2,3,plate,2,4,plate,2,5,tomato,4,0,tomato,5,0,tomato,6,0,plate,6,3,,6,4,,7,1,plate,7,3,,7,4,,2,68.32240661484184,75.8297218618835,,,1,1.0,30.0,71.9987756396716,48.2973369480061,,,1,1.0,30.0
1701,0,1,,0,2,None_cut,4.0,3,0,3,None_cut,3.3749999999999964,3,2,2,plate,2,3,plate,2,4,plate,2,5,tomato,4,0,tomato,5,0,tomato,6,0,plate,6,3,,6,4,,7,1,plate,7,3,,7,4,,2,67.43305033384308,76.70809843570952,,,1,1.0,30.0,71.99896009046651,47.04733696161484,,,1,1.0,30.0
1702,0,1,,0,2,None_cut,4.0,3,0,3,None_cut,3.3749999999999964,3,2,2,plate,2,3,plate,2,4,plate,2,5,tomato,4,0,tomato,5,0,tomato,6,0,plate,6,3,,6,4,,7,1,plate,7,3,,7,4,,2,66.54369405284433,77.58647500953552,,,1,1.0,30.0,71.99914454126142,45.79733697522358,,,1,1.0,30.0
1703,0,1,,0,2,None_cut,4.0,3,0,3,None_cut,3.3749999999999964,3,2,2,plate,2,3,plate,2,4,plate,2,5,tomato,4,0,tomato,5,0,tomato,6,0,plate,6,3,,6,4,,7,1,plate,7,3,,7,4,,2,65.65433777184558,78.46485158336154,,,1,1.0,30.0,71.99932899205632,44.54733698883232,,,1,1.0,30.0
1704,0,1,,0,2,None_cut,4.0,3,0,3,None_cut,3.3749999999999964,3,2,2,plate,2,3,plate,2,4,plate,2,5,tomato,4,0,tomato,5,0,tomato,6,0,plate,6,3,,6,4,,7,1,plate,7,3,,7,4,,2,64.76498149084682,79.34322815718754,,,1,1.0,30.0,71.99951344285122,43.29733700244106,,,1,1.0,30.0
1705,0,1,,0,2,None_cut,4.0,3,0,3,None_cut,3.3749999999999964,3,2,2,plate,2,3,plate,2,4,plate,2,5,tomato,4,0,tomato,5,0,tomato,6,0,plate,6,3,,6,4,,7,1,plate,7,3,,7,4,,2,63.87562520984797,80.22160473101364,,,1,1.0,30.0,71.99969789364583,42.0473370160498,,,1,1.0,30.0
1706,0,1,,0,2,None_cut,4.0,3,0,3,None_cut,3.3749999999999964,3,2,2,plate,2,3,plate,2,4,plate,2,5,tomato,4,0,tomato,5,0,tomato,6,0,plate,6,3,,6,4,,7,1,plate,7,3,,7,4,,2,62.9862689288485,81.09998130484036,,,1,1.0,30.0,71.99988234444002,40.79733702965854,,,1,1.0,30.0
1707,0,1,,0,2,None_cut,4.0,3,0,3,None_cut,3.3749999999999964,3,2,2,plate,2,3,plate,2,4,plate,2,5,tomato,4,0,tomato,5,0,tomato,6,0,plate,6,3,,6,4,,7,1,plate,7,3,,7,4,,2,62.09691264784904,81.97835787866707,,,1,1.0,30.0,72.45676512879503,39.734909728370475,,,1,1.0,30.0
1708,0,1,,0,2,None_cut,4.0,3,0,3,None_cut,3.3749999999999964,3,2,2,plate,2,3,plate,2,4,plate,2,5,tomato,4,0,tomato,5,0,tomato,6,0,plate,6,3,,6,4,,7,1,plate,7,3,,7,4,,2,61.20755636684957,82.85673445249378,,,1,1.0,30.0,73.3352156056677,38.84562644410074,,,1,1.0,30.0
1709,0,1,,0,2,None_cut,4.0,3,0,3,None_cut,3.3749999999999964,3,2,2,plate,2,3,plate,2,4,plate,2,5,tomato,4,0,tomato,5,0,tomato,6,0,plate,6,3,,6,4,,7,1,plate,7,3,,7,4,,2,60.31820008585011,83.7351110263205,,,1,1.0,30.0,74.21366608254037,37.956343159831,,,1,1.0,30.0
1710,0,1,,0,2,None_cut,4.0,3,0,3,None_cut,3.3749999999999964,3,2,2,plate,2,3,plate,2,4,plate,2,5,tomato,4,0,tomato,5,0,tomato,6,0,plate,6,3,,6,4,,7,1,plate,7,3,,7,4,,2,59.42884380485064,84.61348760014721,,,1,1.0,30.0,75.09211655941304,37.06705987556126,,,1,1.0,30.0
1711,0,1,,0,2,None_cut,4.0,3,0,3,None_cut,3.3749999999999964,3,2,2,plate,2,3,plate,2,4,plate,2,5,tomato,4,0,tomato,5,0,tomato,6,0,plate,6,3,,6,4,,7,1,plate,7,3,,7,4,,2,58.53948752385118,85.49186417397391,,,1,1.0,30.0,75.97056703628571,36.177776591291526,,,1,1.0,30.0
1712,0,1,,0,2,None_cut,4.0,3,0,3,None_cut,3.3749999999999964,3,2,2,plate,2,3,plate,2,4,plate,2,5,tomato,4,0,tomato,5,0,tomato,6,0,plate,6,3,,6,4,,7,1,plate,7,3,,7,4,,2,57.650131242851714,86.37024074780062,,,1,1.0,30.0,76.84901751315839,35.28849330702179,,,1,1.0,30.0
1713,0,1,,0,2,None_cut,4.0,3,0,3,None_cut,3.3749999999999964,3,2,2,plate,2,3,plate,2,4,plate,2,5,tomato,4,0,tomato,5,0,tomato,6,0,plate,6,3,,6,4,,7,1,plate,7,3,,7,4,,2,56.76077496185225,87.24861732162734,,,1,1.0,30.0,77.72746799003106,34.39921002275205,,,1,1.0,30.0
1714,0,1,,0,2,None_cut,4.0,3,0,3,None_cut,3.3749999999999964,3,2,2,plate,2,3,plate,2,4,plate,2,5,tomato,4,0,tomato,5,0,tomato,6,0,plate,6,3,,6,4,,7,1,plate,7,3,,7,4,,2,56.0,88.0,,,1,1.0,30.0,78.60591846690373,33.509926738482314,,,1,1.0,30.0
1715,0,1,,0,2,None_cut,4.0,3,0,3,None_cut,3.3749999999999964,3,2,2,plate,2,3,plate,2,4,plate,2,5,,4,0,tomato,5,0,tomato,6,0,plate,6,3,,6,4,,7,1,plate,7,3,,7,4,,2,56.0,88.0,,tomato,1,1.0,30.0,79.4843689437764,32.620643454212576,,,1,1.0,30.0
1716,0,1,,0,2,None_cut,4.0,3,0,3,None_cut,3.3749999999999964,3,2,2,plate,2,3,plate,2,4,plate,2,5,,4,0,tomato,5,0,tomato,6,0,plate,6,3,,6,4,,7,1,plate,7,3,,7,4,,2,56.0,88.0,,tomato,1,1.0,30.0,80.36281942064907,31.731360169942935,,,1,1.0,30.0
1717,0,1,,0,2,None_cut,4.0,3,0,3,None_cut,3.3749999999999964,3,2,2,plate,2,3,plate,2,4,plate,2,5,,4,0,tomato,5,0,tomato,6,0,plate,6,3,,6,4,,7,1,plate,7,3,,7,4,,2,56.0,88.0,,tomato,1,1.0,30.0,81.24126989752175,30.842076885673553,,,1,1.0,30.0
1718,0,1,,0,2,None_cut,4.0,3,0,3,None_cut,3.3749999999999964,3,2,2,plate,2,3,plate,2,4,plate,2,5,,4,0,tomato,5,0,tomato,6,0,plate,6,3,,6,4,,7,1,plate,7,3,,7,4,,2,56.0,88.0,,tomato,1,1.0,30.0,82.11972037439442,29.95279360140417,,,1,1.0,30.0
1719,0,1,,0,2,None_cut,4.0,3,0,3,None_cut,3.3749999999999964,3,2,2,plate,2,3,plate,2,4,plate,2,5,,4,0,tomato,5,0,tomato,6,0,plate,6,3,,6,4,,7,1,plate,7,3,,7,4,,2,56.0,88.0,,tomato,1,1.0,30.0,82.99817085126709,29.06351031713479,,,1,1.0,30.0
1720,0,1,,0,2,None_cut,4.0,3,0,3,None_cut,3.3749999999999964,3,2,2,plate,2,3,plate,2,4,plate,2,5,,4,0,tomato,5,0,tomato,6,0,plate,6,3,,6,4,,7,1,plate,7,3,,7,4,,2,56.0,88.0,,tomato,1,1.0,30.0,83.87662132813976,28.174227032865407,,,1,1.0,30.0
1721,0,1,,0,2,None_cut,4.0,3,0,3,None_cut,3.3749999999999964,3,2,2,plate,2,3,plate,2,4,plate,2,5,,4,0,tomato,5,0,tomato,6,0,plate,6,3,,6,4,,7,1,plate,7,3,,7,4,,2,56.0,88.0,,tomato,1,1.0,30.0,84.75507180501292,27.284943748596024,,,1,1.0,30.0
1722,0,1,,0,2,None_cut,4.0,3,0,3,None_cut,3.3749999999999964,3,2,2,plate,2,3,plate,2,4,plate,2,5,,4,0,tomato,5,0,tomato,6,0,plate,6,3,,6,4,,7,1,plate,7,3,,7,4,,2,56.0,88.0,,tomato,1,1.0,30.0,85.6335222818863,26.395660464326642,,,1,1.0,30.0
1723,0,1,,0,2,None_cut,4.0,3,0,3,None_cut,3.3749999999999964,3,2,2,plate,2,3,plate,2,4,plate,2,5,,4,0,tomato,5,0,tomato,6,0,plate,6,3,,6,4,,7,1,plate,7,3,,7,4,,2,56.0,88.0,,tomato,1,1.0,30.0,86.51197275875968,25.50637718005726,,,1,1.0,30.0
1724,0,1,,0,2,None_cut,4.0,3,0,3,None_cut,3.3749999999999964,3,2,2,plate,2,3,plate,2,4,plate,2,5,,4,0,tomato,5,0,tomato,6,0,plate,6,3,,6,4,,7,1,plate,7,3,,7,4,,2,56.0,88.0,,tomato,1,1.0,30.0,87.39042323563308,24.617093895787878,,,1,1.0,30.0
1725,0,1,,0,2,None_cut,4.0,3,0,3,None_cut,3.3749999999999964,3,2,2,plate,2,3,plate,2,4,plate,2,5,,4,0,tomato,5,0,tomato,6,0,plate,6,3,,6,4,,7,1,plate,7,3,,7,4,,2,56.0,88.0,,tomato,1,1.0,30.0,88.0,24.0,,,1,1.0,30.0
1726,0,1,,0,2,None_cut,4.0,3,0,3,None_cut,3.3749999999999964,3,2,2,plate,2,3,plate,2,4,plate,2,5,,4,0,tomato,5,0,tomato,6,0,plate,6,3,,6,4,,7,1,plate,7,3,,7,4,,2,56.0,88.0,,tomato,1,1.0,30.0,88.0,24.0,,tomato,1,1.0,30.0
1727,0,1,,0,2,None_cut,4.0,3,0,3,None_cut,3.3749999999999964,3,2,2,plate,2,3,plate,2,4,plate,2,5,,4,0,tomato,5,0,tomato,6,0,plate,6,3,,6,4,,7,1,plate,7,3,,7,4,,2,56.0,88.0,,tomato,1,1.0,30.0,88.0,24.0,,tomato,1,1.0,30.0
1728,0,1,,0,2,None_cut,4.0,3,0,3,None_cut,3.3749999999999964,3,2,2,plate,2,3,plate,2,4,plate,2,5,,4,0,tomato,5,0,tomato,6,0,plate,6,3,,6,4,,7,1,plate,7,3,,7,4,,2,56.0,88.0,,tomato,1,1.0,30.0,88.0,24.0,,tomato,1,1.0,30.0
1729,0,1,,0,2,None_cut,4.0,3,0,3,None_cut,3.3749999999999964,3,2,2,plate,2,3,plate,2,4,plate,2,5,,4,0,tomato,5,0,tomato,6,0,plate,6,3,,6,4,,7,1,plate,7,3,,7,4,,2,56.0,88.0,,tomato,1,1.0,30.0,88.0,24.0,,tomato,1,1.0,30.0
1730,0,1,,0,2,None_cut,4.0,3,0,3,None_cut,3.3749999999999964,3,2,2,plate,2,3,plate,2,4,plate,2,5,,4,0,tomato,5,0,tomato,6,0,plate,6,3,,6,4,,7,1,plate,7,3,,7,4,,2,56.0,88.0,,tomato,1,1.0,30.0,88.0,24.0,,tomato,1,1.0,30.0
1731,0,1,,0,2,None_cut,4.0,3,0,3,None_cut,3.3749999999999964,3,2,2,plate,2,3,plate,2,4,plate,2,5,,4,0,tomato,5,0,tomato,6,0,plate,6,3,,6,4,,7,1,plate,7,3,,7,4,,2,56.0,88.0,,tomato,1,1.0,30.0,88.0,24.0,,tomato,1,1.0,30.0
1732,0,1,,0,2,None_cut,4.0,3,0,3,None_cut,3.3749999999999964,3,2,2,plate,2,3,plate,2,4,plate,2,5,,4,0,tomato,5,0,tomato,6,0,plate,6,3,,6,4,,7,1,plate,7,3,,7,4,,2,56.0,88.0,,tomato,1,1.0,30.0,88.0,24.0,,tomato,1,1.0,30.0
1733,0,1,,0,2,None_cut,4.0,3,0,3,None_cut,3.3749999999999964,3,2,2,plate,2,3,plate,2,4,plate,2,5,,4,0,tomato,5,0,tomato,6,0,plate,6,3,,6,4,,7,1,plate,7,3,,7,4,,2,56.0,88.0,,tomato,1,1.0,30.0,88.0,24.0,,tomato,1,1.0,30.0
1734,0,1,,0,2,None_cut,4.0,3,0,3,None_cut,3.3749999999999964,3,2,2,plate,2,3,plate,2,4,plate,2,5,,4,0,tomato,5,0,tomato,6,0,plate,6,3,,6,4,,7,1,plate,7,3,,7,4,,2,56.0,88.0,,tomato,1,1.0,30.0,88.0,24.0,,tomato,1,1.0,30.0
1735,0,1,,0,2,None_cut,4.0,3,0,3,None_cut,3.3749999999999964,3,2,2,plate,2,3,plate,2,4,plate,2,5,,4,0,tomato,5,0,tomato,6,0,plate,6,3,,6,4,,7,1,plate,7,3,,7,4,,2,56.0,88.0,,tomato,1,1.0,30.0,88.0,24.0,,tomato,1,1.0,30.0
1736,0,1,,0,2,None_cut,4.0,3,0,3,None_cut,3.3749999999999964,3,2,2,plate,2,3,plate,2,4,plate,2,5,,4,0,tomato,5,0,tomato,6,0,plate,6,3,,6,4,,7,1,plate,7,3,,7,4,,2,56.0,88.0,,tomato,1,1.0,30.0,88.0,24.0,,tomato,1,1.0,30.0
1737,0,1,,0,2,None_cut,4.0,3,0,3,None_cut,3.3749999999999964,3,2,2,plate,2,3,plate,2,4,plate,2,5,,4,0,tomato,5,0,tomato,6,0,plate,6,3,,6,4,,7,1,plate,7,3,,7,4,,2,56.0,88.0,,tomato,1,1.0,30.0,88.0,24.0,,tomato,1,1.0,30.0
1738,0,1,,0,2,None_cut,4.0,3,0,3,None_cut,3.3749999999999964,3,2,2,plate,2,3,plate,2,4,plate,2,5,,4,0,tomato,5,0,tomato,6,0,plate,6,3,,6,4,,7,1,plate,7,3,,7,4,,2,56.0,88.0,,tomato,1,1.0,30.0,88.0,24.0,,tomato,1,1.0,30.0
1739,0,1,,0,2,None_cut,4.0,3,0,3,None_cut,3.3749999999999964,3,2,2,plate,2,3,plate,2,4,plate,2,5,,4,0,tomato,5,0,tomato,6,0,plate,6,3,,6,4,,7,1,plate,7,3,,7,4,,2,56.0,88.0,,tomato,1,1.0,30.0,88.0,24.0,,tomato,1,1.0,30.0
1740,0,1,,0,2,None_cut,4.0,3,0,3,None_cut,3.3749999999999964,3,2,2,plate,2,3,plate,2,4,plate,2,5,,4,0,tomato,5,0,tomato,6,0,plate,6,3,,6,4,,7,1,plate,7,3,,7,4,,2,56.0,88.0,,tomato,1,1.0,30.0,88.0,24.0,,tomato,1,1.0,30.0
1741,0,1,,0,2,None_cut,4.0,3,0,3,None_cut,3.3749999999999964,3,2,2,plate,2,3,plate,2,4,plate,2,5,,4,0,tomato,5,0,tomato,6,0,plate,6,3,,6,4,,7,1,plate,7,3,,7,4,,2,56.0,88.0,,tomato,1,1.0,30.0,88.0,24.0,,tomato,1,1.0,30.0
1742,0,1,,0,2,None_cut,4.0,3,0,3,None_cut,3.3749999999999964,3,2,2,plate,2,3,plate,2,4,plate,2,5,,4,0,tomato,5,0,tomato,6,0,plate,6,3,,6,4,,7,1,plate,7,3,,7,4,,2,56.0,88.0,,tomato,1,1.0,30.0,88.0,24.0,,tomato,1,1.0,30.0
1743,0,1,,0,2,None_cut,4.0,3,0,3,None_cut,3.3749999999999964,3,2,2,plate,2,3,plate,2,4,plate,2,5,,4,0,tomato,5,0,tomato,6,0,plate,6,3,,6,4,,7,1,plate,7,3,,7,4,,2,56.0,88.0,,tomato,1,1.0,30.0,88.0,24.0,,tomato,1,1.0,30.0
1744,0,1,,0,2,None_cut,4.0,3,0,3,None_cut,3.3749999999999964,3,2,2,plate,2,3,plate,2,4,plate,2,5,,4,0,tomato,5,0,tomato,6,0,plate,6,3,,6,4,,7,1,plate,7,3,,7,4,,2,56.0,88.0,,tomato,1,1.0,30.0,88.0,24.0,,tomato,1,1.0,30.0
1745,0,1,,0,2,None_cut,4.0,3,0,3,None_cut,3.3749999999999964,3,2,2,plate,2,3,plate,2,4,plate,2,5,,4,0,tomato,5,0,tomato,6,0,plate,6,3,,6,4,,7,1,plate,7,3,,7,4,,2,56.0,88.0,,tomato,1,1.0,30.0,88.0,24.0,,tomato,1,1.0,30.0
1746,0,1,,0,2,None_cut,4.0,3,0,3,None_cut,3.3749999999999964,3,2,2,plate,2,3,plate,2,4,plate,2,5,,4,0,tomato,5,0,tomato,6,0,plate,6,3,,6,4,,7,1,plate,7,3,,7,4,,2,55.11611652351695,88.88388347648305,,tomato,1,1.0,30.0,88.0,24.0,,tomato,1,1.0,30.0
1747,0,1,,0,2,None_cut,4.0,3,0,3,None_cut,3.3749999999999964,3,2,2,plate,2,3,plate,2,4,plate,2,5,,4,0,tomato,5,0,tomato,6,0,plate,6,3,,6,4,,7,1,plate,7,3,,7,4,,2,54.2322330470339,89.7677669529661,,tomato,1,1.0,30.0,88.0,24.0,,tomato,1,1.0,30.0
1748,0,1,,0,2,None_cut,4.0,3,0,3,None_cut,3.3749999999999964,3,2,2,plate,2,3,plate,2,4,plate,2,5,,4,0,tomato,5,0,tomato,6,0,plate,6,3,,6,4,,7,1,plate,7,3,,7,4,,2,53.34834957055085,90.65165042944915,,tomato,1,1.0,30.0,88.0,24.0,,tomato,1,1.0,30.0
1749,0,1,,0,2,None_cut,4.0,3,0,3,None_cut,3.3749999999999964,3,2,2,plate,2,3,plate,2,4,plate,2,5,,4,0,tomato,5,0,tomato,6,0,plate,6,3,,6,4,,7,1,plate,7,3,,7,4,,2,52.4644660940678,91.5355339059322,,tomato,1,1.0,30.0,88.0,24.0,,tomato,1,1.0,30.0
1750,0,1,,0,2,None_cut,4.0,3,0,3,None_cut,3.3749999999999964,3,2,2,plate,2,3,plate,2,4,plate,2,5,,4,0,tomato,5,0,tomato,6,0,plate,6,3,,6,4,,7,1,plate,7,3,,7,4,,2,51.58058261758475,92.41941738241525,,tomato,1,1.0,30.0,88.0,24.0,,tomato,1,1.0,30.0
1751,0,1,,0,2,None_cut,4.0,3,0,3,None_cut,3.3749999999999964,3,2,2,plate,2,3,plate,2,4,plate,2,5,,4,0,tomato,5,0,tomato,6,0,plate,6,3,,6,4,,7,1,plate,7,3,,7,4,,2,50.6966991411017,93.3033008588983,,tomato,1,1.0,30.0,88.0,24.0,,tomato,1,1.0,30.0
1752,0,1,,0,2,None_cut,4.0,3,0,3,None_cut,3.3749999999999964,3,2,2,plate,2,3,plate,2,4,plate,2,5,,4,0,tomato,5,0,tomato,6,0,plate,6,3,,6,4,,7,1,plate,7,3,,7,4,,2,49.812815664618654,94.18718433538135,,tomato,1,1.0,30.0,88.0,24.0,,tomato,1,1.0,30.0
1753,0,1,,0,2,None_cut,4.0,3,0,3,None_cut,3.3749999999999964,3,2,2,plate,2,3,plate,2,4,plate,2,5,,4,0,tomato,5,0,tomato,6,0,plate,6,3,,6,4,,7,1,plate,7,3,,7,4,,2,48.928932188135605,95.0710678118644,,tomato,1,1.0,30.0,88.0,24.0,,tomato,1,1.0,30.0
1754,0,1,,0,2,None_cut,4.0,3,0,3,None_cut,3.3749999999999964,3,2,2,plate,2,3,plate,2,4,plate,2,5,,4,0,tomato,5,0,tomato,6,0,plate,6,3,,6,4,,7,1,plate,7,3,,7,4,,2,48.045048711652555,95.95495128834744,,tomato,1,1.0,30.0,88.0,24.0,,tomato,1,1.0,30.0
1755,0,1,,0,2,None_cut,4.0,3,0,3,None_cut,3.3749999999999964,3,2,2,plate,2,3,plate,2,4,plate,2,5,,4,0,tomato,5,0,tomato,6,0,plate,6,3,,6,4,,7,1,plate,7,3,,7,4,,2,47.161165235169506,96.8388347648305,,tomato,1,1.0,30.0,88.0,24.0,,tomato,1,1.0,30.0
1756,0,1,,0,2,None_cut,4.0,3,0,3,None_cut,3.3749999999999964,3,2,2,plate,2,3,plate,2,4,plate,2,5,,4,0,tomato,5,0,tomato,6,0,plate,6,3,,6,4,,7,1,plate,7,3,,7,4,,2,46.277281758686456,97.72271824131354,,tomato,1,1.0,30.0,88.0,24.0,,tomato,1,1.0,30.0
1757,0,1,,0,2,None_cut,4.0,3,0,3,None_cut,3.3749999999999964,3,2,2,plate,2,3,plate,2,4,plate,2,5,,4,0,tomato,5,0,tomato,6,0,plate,6,3,,6,4,,7,1,plate,7,3,,7,4,,2,45.39339828220341,98.6066017177966,,tomato,1,1.0,30.0,88.0,24.0,,tomato,1,1.0,30.0
1758,0,1,,0,2,None_cut,4.0,3,0,3,None_cut,3.3749999999999964,3,2,2,plate,2,3,plate,2,4,plate,2,5,,4,0,tomato,5,0,tomato,6,0,plate,6,3,,6,4,,7,1,plate,7,3,,7,4,,2,44.50951480572036,99.49048519427964,,tomato,1,1.0,30.0,88.0,24.0,,tomato,1,1.0,30.0
1759,0,1,,0,2,None_cut,4.0,3,0,3,None_cut,3.3749999999999964,3,2,2,plate,2,3,plate,2,4,plate,2,5,,4,0,tomato,5,0,tomato,6,0,plate,6,3,,6,4,,7,1,plate,7,3,,7,4,,2,43.62563132923731,100.37436867076269,,tomato,1,1.0,30.0,88.0,24.0,,tomato,1,1.0,30.0
1760,0,1,,0,2,None_cut,4.0,3,0,3,None_cut,3.3749999999999964,3,2,2,plate,2,3,plate,2,4,plate,2,5,,4,0,tomato,5,0,tomato,6,0,plate,6,3,,6,4,,7,1,plate,7,3,,7,4,,2,42.74174785275426,101.25825214724574,,tomato,1,1.0,30.0,88.0,24.0,,tomato,1,1.0,30.0
1761,0,1,,0,2,None_cut,4.0,3,0,3,None_cut,3.3749999999999964,3,2,2,plate,2,3,plate,2,4,plate,2,5,,4,0,tomato,5,0,tomato,6,0,plate,6,3,,6,4,,7,1,plate,7,3,,7,4,,2,41.85786437627121,102.14213562372879,,tomato,1,1.0,30.0,88.0,24.0,,tomato,1,1.0,30.0
1762,0,1,,0,2,None_cut,4.0,3,0,3,None_cut,3.3749999999999964,3,2,2,plate,2,3,plate,2,4,plate,2,5,,4,0,tomato,5,0,tomato,6,0,plate,6,3,,6,4,,7,1,plate,7,3,,7,4,,2,40.97398089978816,103.02601910021184,,tomato,1,1.0,30.0,88.0,24.0,,tomato,1,1.0,30.0
1763,0,1,,0,2,None_cut,4.0,3,0,3,None_cut,3.3749999999999964,3,2,2,plate,2,3,plate,2,4,plate,2,5,,4,0,tomato,5,0,tomato,6,0,plate,6,3,,6,4,,7,1,plate,7,3,,7,4,,2,40.088805099494266,103.69907880744046,,tomato,1,1.0,30.0,88.0,24.0,,tomato,1,1.0,30.0
1764,0,1,,0,2,None_cut,4.0,3,0,3,None_cut,3.3749999999999964,3,2,2,plate,2,3,plate,2,4,plate,2,5,,4,0,tomato,5,0,tomato,6,0,plate,6,3,,6,4,,7,1,plate,7,3,,7,4,,2,39.19415225792085,102.82609754013657,,tomato,1,1.0,30.0,88.0,24.0,,tomato,1,1.0,30.0
1765,0,1,,0,2,None_cut,4.0,3,0,3,None_cut,3.3749999999999964,3,2,2,plate,2,3,plate,2,4,plate,2,5,,4,0,tomato,5,0,tomato,6,0,plate,6,3,,6,4,,7,1,plate,7,3,,7,4,,2,38.29949941634743,101.95311627283269,,tomato,1,1.0,30.0,88.0,24.0,,tomato,1,1.0,30.0
1766,0,1,,0,2,None_cut,4.0,3,0,3,None_cut,3.3749999999999964,3,2,2,plate,2,3,plate,2,4,plate,2,5,,4,0,tomato,5,0,tomato,6,0,plate,6,3,,6,4,,7,1,plate,7,3,,7,4,,2,37.40484657477401,101.0801350055288,,tomato,1,1.0,30.0,88.0,24.0,,tomato,1,1.0,30.0
1767,0,1,,0,2,None_cut,4.0,3,0,3,None_cut,3.3749999999999964,3,2,2,plate,2,3,plate,2,4,plate,2,5,,4,0,tomato,5,0,tomato,6,0,plate,6,3,,6,4,,7,1,plate,7,3,,7,4,,2,36.510193733200595,100.20715373822492,,tomato,1,1.0,30.0,88.0,24.0,,tomato,1,1.0,30.0
1768,0,1,,0,2,None_cut,4.0,3,0,3,None_cut,3.3749999999999964,3,2,2,plate,2,3,plate,2,4,plate,2,5,,4,0,tomato,5,0,tomato,6,0,plate,6,3,,6,4,,7,1,plate,7,3,,7,4,,2,35.61554089162718,99.33417247092103,,tomato,1,1.0,30.0,88.0,24.0,,tomato,1,1.0,30.0
1769,0,1,,0,2,None_cut,4.0,3,0,3,None_cut,3.3749999999999964,3,2,2,plate,2,3,plate,2,4,plate,2,5,,4,0,tomato,5,0,tomato,6,0,plate,6,3,,6,4,,7,1,plate,7,3,,7,4,,2,34.72088805005376,98.46119120361715,,tomato,1,1.0,30.0,88.0,24.0,,tomato,1,1.0,30.0
1770,0,1,,0,2,None_cut,4.0,3,0,3,None_cut,3.3749999999999964,3,2,2,plate,2,3,plate,2,4,plate,2,5,,4,0,tomato,5,0,tomato,6,0,plate,6,3,,6,4,,7,1,plate,7,3,,7,4,,2,33.82623520848034,97.58820993631326,,tomato,1,1.0,30.0,88.0,24.0,,tomato,1,1.0,30.0
1771,0,1,,0,2,None_cut,4.0,3,0,3,None_cut,3.3749999999999964,3,2,2,plate,2,3,plate,2,4,plate,2,5,,4,0,tomato,5,0,tomato,6,0,plate,6,3,,6,4,,7,1,plate,7,3,,7,4,,2,32.93158236690692,96.71522866900938,,tomato,1,1.0,30.0,88.0,24.0,,tomato,1,1.0,30.0
1772,0,1,,0,2,None_cut,4.0,3,0,3,None_cut,3.3749999999999964,3,2,2,plate,2,3,plate,2,4,plate,2,5,,4,0,tomato,5,0,tomato,6,0,plate,6,3,,6,4,,7,1,plate,7,3,,7,4,,2,32.036929525333505,95.84224740170549,,tomato,1,1.0,30.0,88.0,24.0,,tomato,1,1.0,30.0
1773,0,1,,0,2,None_cut,4.0,3,0,3,None_cut,3.3749999999999964,3,2,2,plate,2,3,plate,2,4,plate,2,5,,4,0,tomato,5,0,tomato,6,0,plate,6,3,,6,4,,7,1,plate,7,3,,7,4,,2,31.142276683759746,94.96926613440161,,tomato,1,1.0,30.0,88.0,24.0,,tomato,1,1.0,30.0
1774,0,1,,0,2,None_cut,4.0,3,0,3,None_cut,3.3749999999999964,3,2,2,plate,2,3,plate,2,4,plate,2,5,,4,0,tomato,5,0,tomato,6,0,plate,6,3,,6,4,,7,1,plate,7,3,,7,4,,2,30.247623842185973,94.09628486709772,,tomato,1,1.0,30.0,88.0,24.0,,tomato,1,1.0,30.0
1775,0,1,,0,2,None_cut,4.0,3,0,3,None_cut,3.3749999999999964,3,2,2,plate,2,3,plate,2,4,plate,2,5,,4,0,tomato,5,0,tomato,6,0,plate,6,3,,6,4,,7,1,plate,7,3,,7,4,,2,29.3529710006122,93.22330359979384,,tomato,1,1.0,30.0,88.0,24.0,,tomato,1,1.0,30.0
1776,0,1,,0,2,None_cut,4.0,3,0,3,None_cut,3.3749999999999964,3,2,2,plate,2,3,plate,2,4,plate,2,5,,4,0,tomato,5,0,tomato,6,0,plate,6,3,,6,4,,7,1,plate,7,3,,7,4,,2,28.458318159038427,92.35032233248995,,tomato,1,1.0,30.0,88.0,24.0,,tomato,1,1.0,30.0
1777,0,1,,0,2,None_cut,4.0,3,0,3,None_cut,3.3749999999999964,3,2,2,plate,2,3,plate,2,4,plate,2,5,,4,0,tomato,5,0,tomato,6,0,plate,6,3,,6,4,,7,1,plate,7,3,,7,4,,2,27.563665317464938,91.47734106518607,,tomato,1,1.0,30.0,86.74999999999972,24.0,,tomato,1,1.0,30.0
1778,0,1,,0,2,None_cut,4.0,3,0,3,None_cut,3.3749999999999964,3,2,2,plate,2,3,plate,2,4,plate,2,5,,4,0,tomato,5,0,tomato,6,0,plate,6,3,,6,4,,7,1,plate,7,3,,7,4,,2,26.66901247589152,90.60435979788218,,tomato,1,1.0,30.0,85.49999999999943,24.0,,tomato,1,1.0,30.0
1779,0,1,,0,2,None_cut,4.0,3,0,3,None_cut,3.3749999999999964,3,2,2,plate,2,3,plate,2,4,plate,2,5,,4,0,tomato,5,0,tomato,6,0,plate,6,3,,6,4,,7,1,plate,7,3,,7,4,,2,25.774359634318103,89.7313785305783,,tomato,1,1.0,30.0,84.24999999999915,24.0,,tomato,1,1.0,30.0
1780,0,1,,0,2,None_cut,4.0,3,0,3,None_cut,3.3749999999999964,3,2,2,plate,2,3,plate,2,4,plate,2,5,,4,0,tomato,5,0,tomato,6,0,plate,6,3,,6,4,,7,1,plate,7,3,,7,4,,2,24.879706792744685,88.85839726327383,,tomato,1,1.0,30.0,82.99999999999886,24.0,,tomato,1,1.0,30.0
1781,0,1,,0,2,None_cut,4.0,3,0,3,None_cut,3.3749999999999964,3,2,2,plate,2,3,plate,2,4,plate,2,5,,4,0,tomato,5,0,tomato,6,0,plate,6,3,,6,4,,7,1,plate,7,3,,7,4,,2,24.19607030068059,87.89495432175774,,tomato,1,1.0,30.0,81.74999999999858,24.0,,tomato,1,1.0,30.0
1782,0,1,,0,2,None_cut,4.0,3,0,3,None_cut,3.3749999999999964,3,2,2,plate,2,3,plate,2,4,plate,2,5,,4,0,tomato,5,0,tomato,6,0,plate,6,3,,6,4,,7,1,plate,7,3,,7,4,,2,24.180652248729345,86.64504941190548,,tomato,1,1.0,30.0,80.4999999999983,24.0,,tomato,1,1.0,30.0
1783,0,1,,0,2,None_cut,4.0,3,0,3,None_cut,3.3749999999999964,3,2,2,plate,2,3,plate,2,4,plate,2,5,,4,0,tomato,5,0,tomato,6,0,plate,6,3,,6,4,,7,1,plate,7,3,,7,4,,2,24.1652341967781,85.39514450205321,,tomato,1,1.0,30.0,79.24999999999801,24.0,,tomato,1,1.0,30.0
1784,0,1,,0,2,None_cut,4.0,3,0,3,None_cut,3.3749999999999964,3,2,2,plate,2,3,plate,2,4,plate,2,5,,4,0,tomato,5,0,tomato,6,0,plate,6,3,,6,4,,7,1,plate,7,3,,7,4,,2,24.149816144826858,84.14523959220095,,tomato,1,1.0,30.0,77.99999999999773,24.0,,tomato,1,1.0,30.0
1785,0,1,,0,2,None_cut,4.0,3,0,3,None_cut,3.3749999999999964,3,2,2,plate,2,3,plate,2,4,plate,2,5,,4,0,tomato,5,0,tomato,6,0,plate,6,3,,6,4,,7,1,plate,7,3,,7,4,,2,24.134398092875614,82.89533468234869,,tomato,1,1.0,30.0,76.74999999999744,24.0,,tomato,1,1.0,30.0
1786,0,1,,0,2,None_cut,4.0,3,0,3,None_cut,3.3749999999999964,3,2,2,plate,2,3,plate,2,4,plate,2,5,,4,0,tomato,5,0,tomato,6,0,plate,6,3,,6,4,,7,1,plate,7,3,,7,4,,2,24.11898004092437,81.64542977249643,,tomato,1,1.0,30.0,75.49999999999716,24.0,,tomato,1,1.0,30.0
1787,0,1,,0,2,None_cut,4.0,3,0,3,None_cut,3.3749999999999964,3,2,2,plate,2,3,plate,2,4,plate,2,5,,4,0,tomato,5,0,tomato,6,0,plate,6,3,,6,4,,7,1,plate,7,3,,7,4,,2,24.103561988973127,80.39552486264417,,tomato,1,1.0,30.0,74.24999999999687,24.0,,tomato,1,1.0,30.0
1788,0,1,,0,2,None_cut,4.0,3,0,3,None_cut,3.3749999999999964,3,2,2,plate,2,3,plate,2,4,plate,2,5,,4,0,tomato,5,0,tomato,6,0,plate,6,3,,6,4,,7,1,plate,7,3,,7,4,,2,24.088143937021766,79.1456199527919,,tomato,1,1.0,30.0,72.99999999999659,24.0,,tomato,1,1.0,30.0
1789,0,1,,0,2,None_cut,4.0,3,0,3,None_cut,3.3749999999999964,3,2,2,plate,2,3,plate,2,4,plate,2,5,,4,0,tomato,5,0,tomato,6,0,plate,6,3,,6,4,,7,1,plate,7,3,,7,4,,2,24.07272588507035,77.89571504293964,,tomato,1,1.0,30.0,71.87983173883686,24.31621556657754,,tomato,1,1.0,30.0
1790,0,1,,0,2,None_cut,4.0,3,0,3,None_cut,3.3749999999999964,3,2,2,plate,2,3,plate,2,4,plate,2,5,,4,0,tomato,5,0,tomato,6,0,plate,6,3,,6,4,,7,1,plate,7,3,,7,4,,2,24.057307833118937,76.64581013308738,,tomato,1,1.0,30.0,70.9904754578381,25.19459214040404,,tomato,1,1.0,30.0
1791,0,1,,0,2,None_cut,4.0,3,0,3,None_cut,3.3749999999999964,3,2,2,plate,2,3,plate,2,4,plate,2,5,,4,0,tomato,5,0,tomato,6,0,plate,6,3,,6,4,,7,1,plate,7,3,,7,4,,2,24.04188978116752,75.39590522323512,,tomato,1,1.0,30.0,70.10111917683935,26.07296871423054,,tomato,1,1.0,30.0
1792,0,1,,0,2,None_cut,4.0,3,0,3,None_cut,3.3749999999999964,3,2,2,plate,2,3,plate,2,4,plate,2,5,,4,0,tomato,5,0,tomato,6,0,plate,6,3,,6,4,,7,1,plate,7,3,,7,4,,2,24.026471729216105,74.14600031338286,,tomato,1,1.0,30.0,69.2117628958406,26.95134528805704,,tomato,1,1.0,30.0
1793,0,1,,0,2,None_cut,4.0,3,0,3,None_cut,3.3749999999999964,3,2,2,plate,2,3,plate,2,4,plate,2,5,,4,0,tomato,5,0,tomato,6,0,plate,6,3,,6,4,,7,1,plate,7,3,,7,4,,2,24.01105367726469,72.8960954035306,,tomato,1,1.0,30.0,68.32240661484184,27.82972186188354,,tomato,1,1.0,30.0
1794,0,1,,0,2,None_cut,4.0,3,0,3,None_cut,3.3749999999999964,3,2,2,plate,2,3,plate,2,4,plate,2,5,,4,0,tomato,5,0,tomato,6,0,plate,6,3,,6,4,,7,1,plate,7,3,,7,4,,2,24.00233740280599,71.64614866015093,,tomato,1,1.0,30.0,67.43305033384308,28.708098435710042,,tomato,1,1.0,30.0
1795,0,1,,0,2,None_cut,4.0,3,0,3,None_cut,3.3749999999999964,3,2,2,plate,2,3,plate,2,4,plate,2,5,,4,0,tomato,5,0,tomato,6,0,plate,6,3,,6,4,,7,1,plate,7,3,,7,4,,2,24.00215066333801,70.39614867410002,,tomato,1,1.0,30.0,66.54369405284433,29.586475009536542,,tomato,1,1.0,30.0
1796,0,1,,0,2,None_cut,4.0,3,0,3,None_cut,3.3749999999999964,3,2,2,plate,2,3,plate,2,4,plate,2,5,,4,0,tomato,5,0,tomato,6,0,plate,6,3,,6,4,,7,1,plate,7,3,,7,4,,2,24.001963923870033,69.14614868804911,,tomato,1,1.0,30.0,65.65433777184558,30.464851583363043,,tomato,1,1.0,30.0
1797,0,1,,0,2,None_cut,4.0,3,0,3,None_cut,3.3749999999999964,3,2,2,plate,2,3,plate,2,4,plate,2,5,,4,0,tomato,5,0,tomato,6,0,plate,6,3,,6,4,,7,1,plate,7,3,,7,4,,2,24.001777184402055,67.8961487019982,,tomato,1,1.0,30.0,64.76498149084682,31.343228157189543,,tomato,1,1.0,30.0
1798,0,1,,0,2,None_cut,4.0,3,0,3,None_cut,3.3749999999999964,3,2,2,plate,2,3,plate,2,4,plate,2,5,,4,0,tomato,5,0,tomato,6,0,plate,6,3,,6,4,,7,1,plate,7,3,,7,4,,2,24.001590444934077,66.64614871594729,,tomato,1,1.0,30.0,63.87562520984797,32.22160473101604,,tomato,1,1.0,30.0
1799,0,1,,0,2,None_cut,4.0,3,0,3,None_cut,3.3749999999999964,3,2,2,plate,2,3,plate,2,4,plate,2,5,,4,0,tomato,5,0,tomato,6,0,plate,6,3,,6,4,,7,1,plate,7,3,,7,4,,2,24.001403705466217,65.39614872989638,,tomato,1,1.0,30.0,62.9862689288485,33.099981304842544,,tomato,1,1.0,30.0
1800,0,1,,0,2,None_cut,4.0,3,0,3,None_cut,3.3749999999999964,3,2,2,plate,2,3,plate,2,4,plate,2,5,,4,0,tomato,5,0,tomato,6,0,plate,6,3,,6,4,,7,1,plate,7,3,,7,4,,2,24.001216965998417,64.14614874384547,,tomato,1,1.0,30.0,62.09691264784904,33.978357878669044,,tomato,1,1.0,30.0
1801,0,1,,0,2,None_cut,4.0,3,0,3,None_cut,3.3749999999999964,3,2,2,plate,2,3,plate,2,4,plate,2,5,,4,0,tomato,5,0,tomato,6,0,plate,6,3,,6,4,,7,1,plate,7,3,,7,4,,2,24.001030226530617,62.89614875779393,,tomato,1,1.0,30.0,61.20755636684957,34.856734452495544,,tomato,1,1.0,30.0
1802,0,1,,0,2,None_cut,4.0,3,0,3,None_cut,3.3749999999999964,3,2,2,plate,2,3,plate,2,4,plate,2,5,,4,0,tomato,5,0,tomato,6,0,plate,6,3,,6,4,,7,1,plate,7,3,,7,4,,2,24.000843487062816,61.64614877174231,,tomato,1,1.0,30.0,60.31820008585011,35.735111026322045,,tomato,1,1.0,30.0
1803,0,1,,0,2,None_cut,4.0,3,0,3,None_cut,3.3749999999999964,3,2,2,plate,2,3,plate,2,4,plate,2,5,,4,0,tomato,5,0,tomato,6,0,plate,6,3,,6,4,,7,1,plate,7,3,,7,4,,2,24.000656747595016,60.39614878569069,,tomato,1,1.0,30.0,59.42884380485064,36.613487600148545,,tomato,1,1.0,30.0
1804,0,1,,0,2,None_cut,4.0,3,0,3,None_cut,3.3749999999999964,3,2,2,plate,2,3,plate,2,4,plate,2,5,,4,0,tomato,5,0,tomato,6,0,plate,6,3,,6,4,,7,1,plate,7,3,,7,4,,2,24.000470008127216,59.14614879963907,,tomato,1,1.0,30.0,58.53948752385118,37.491864173975046,,tomato,1,1.0,30.0
1805,0,1,,0,2,None_cut,4.0,3,0,3,None_cut,3.3749999999999964,3,2,2,plate,2,3,plate,2,4,plate,2,5,,4,0,tomato,5,0,tomato,6,0,plate,6,3,,6,4,,7,1,plate,7,3,,7,4,,2,24.000283268659416,57.89614881358745,,tomato,1,1.0,30.0,57.650131242851714,38.370240747801546,,tomato,1,1.0,30.0
1806,0,1,,0,2,None_cut,4.0,3,0,3,None_cut,3.3749999999999964,3,2,2,plate,2,3,plate,2,4,plate,2,5,,4,0,tomato,5,0,tomato,6,0,plate,6,3,,6,4,,7,1,plate,7,3,,7,4,,2,24.000096529191616,56.64614882753583,,tomato,1,1.0,30.0,56.76077496185225,39.24861732162794,,tomato,1,1.0,30.0
1807,0,1,,0,2,None_cut,4.0,3,0,3,None_cut,3.3749999999999964,3,2,2,plate,2,3,plate,2,4,plate,2,5,,4,0,tomato,5,0,tomato,6,0,plate,6,3,,6,4,,7,1,plate,7,3,,7,4,,2,24.0,56.0,,tomato,1,1.0,30.0,56.0,40.0,,tomato,1,1.0,30.0
1808,0,1,,0,2,None_cut,4.0,3,0,3,tomato,0.0,0,2,2,tomato,2,3,plate,2,4,plate,2,5,,4,0,tomato,5,0,tomato,6,0,plate,6,3,,6,4,,7,1,plate,7,3,,7,4,,2,24.0,56.0,,,1,1.0,30.0,56.0,40.0,,plate,1,1.0,30.0
1809,0,1,,0,2,None_cut,4.0,3,0,3,tomato,0.041666666666666664,0,2,2,tomato,2,3,plate,2,4,plate,2,5,,4,0,tomato,5,0,tomato,6,0,plate,6,3,,6,4,,7,1,plate,7,3,,7,4,,2,24.0,56.0,,,1,1.0,30.0,56.0,40.0,,plate,1,1.0,30.0
1810,0,1,,0,2,None_cut,4.0,3,0,3,tomato,0.08333333333333333,0,2,2,tomato,2,3,plate,2,4,plate,2,5,,4,0,tomato,5,0,tomato,6,0,plate,6,3,,6,4,,7,1,plate,7,3,,7,4,,2,24.0,56.0,,,1,1.0,30.0,56.0,40.0,,plate,1,1.0,30.0
1811,0,1,,0,2,None_cut,4.0,3,0,3,tomato,0.125,0,2,2,tomato,2,3,plate,2,4,plate,2,5,,4,0,tomato,5,0,tomato,6,0,plate,6,3,,6,4,,7,1,plate,7,3,,7,4,,2,24.0,56.0,,,1,1.0,30.0,56.0,40.0,,plate,1,1.0,30.0
1812,0,1,,0,2,None_cut,4.0,3,0,3,tomato,0.16666666666666666,0,2,2,tomato,2,3,plate,2,4,plate,2,5,,4,0,tomato,5,0,tomato,6,0,plate,6,3,,6,4,,7,1,plate,7,3,,7,4,,2,24.0,56.0,,,1,1.0,30.0,56.0,40.0,,plate,1,1.0,30.0
1813,0,1,,0,2,None_cut,4.0,3,0,3,tomato,0.20833333333333331,0,2,2,tomato,2,3,plate,2,4,plate,2,5,,4,0,tomato,5,0,tomato,6,0,plate,6,3,,6,4,,7,1,plate,7,3,,7,4,,2,24.0,56.0,,,1,1.0,30.0,56.0,40.0,,plate,1,1.0,30.0
1814,0,1,,0,2,None_cut,4.0,3,0,3,tomato,0.24999999999999997,0,2,2,tomato,2,3,plate,2,4,plate,2,5,,4,0,tomato,5,0,tomato,6,0,plate,6,3,,6,4,,7,1,plate,7,3,,7,4,,2,24.0,56.0,,,1,1.0,30.0,56.0,40.0,,plate,1,1.0,30.0
1815,0,1,,0,2,None_cut,4.0,3,0,3,tomato,0.29166666666666663,0,2,2,tomato,2,3,plate,2,4,plate,2,5,,4,0,tomato,5,0,tomato,6,0,plate,6,3,,6,4,,7,1,plate,7,3,,7,4,,2,24.0,56.0,,,1,1.0,30.0,56.0,40.0,,plate,1,1.0,30.0
1816,0,1,,0,2,None_cut,4.0,3,0,3,tomato,0.3333333333333333,0,2,2,tomato,2,3,plate,2,4,plate,2,5,,4,0,tomato,5,0,tomato,6,0,plate,6,3,,6,4,,7,1,plate,7,3,,7,4,,2,24.0,56.0,,,1,1.0,30.0,56.0,40.0,,plate,1,1.0,30.0
1817,0,1,,0,2,None_cut,4.0,3,0,3,tomato,0.375,0,2,2,tomato,2,3,plate,2,4,plate,2,5,,4,0,tomato,5,0,tomato,6,0,plate,6,3,,6,4,,7,1,plate,7,3,,7,4,,2,24.0,56.0,,,1,1.0,30.0,56.0,40.0,,plate,1,1.0,30.0
1818,0,1,,0,2,None_cut,4.0,3,0,3,tomato,0.4166666666666667,0,2,2,tomato,2,3,plate,2,4,plate,2,5,,4,0,tomato,5,0,tomato,6,0,plate,6,3,,6,4,,7,1,plate,7,3,,7,4,,2,24.0,56.0,,,1,1.0,30.0,56.0,40.0,,plate,1,1.0,30.0
1819,0,1,,0,2,None_cut,4.0,3,0,3,tomato,0.45833333333333337,0,2,2,tomato,2,3,plate,2,4,plate,2,5,,4,0,tomato,5,0,tomato,6,0,plate,6,3,,6,4,,7,1,plate,7,3,,7,4,,2,24.0,56.0,,,1,1.0,30.0,56.0,40.0,,plate,1,1.0,30.0
1820,0,1,,0,2,None_cut,4.0,3,0,3,tomato,0.5,0,2,2,tomato,2,3,plate,2,4,plate,2,5,,4,0,tomato,5,0,tomato,6,0,plate,6,3,,6,4,,7,1,plate,7,3,,7,4,,2,24.0,56.0,,,1,1.0,30.0,56.0,40.0,,plate,1,1.0,30.0
1821,0,1,,0,2,None_cut,4.0,3,0,3,tomato,0.5416666666666666,0,2,2,tomato,2,3,plate,2,4,plate,2,5,,4,0,tomato,5,0,tomato,6,0,plate,6,3,,6,4,,7,1,plate,7,3,,7,4,,2,24.0,56.0,,,1,1.0,30.0,56.0,40.0,,plate,1,1.0,30.0
1822,0,1,,0,2,None_cut,4.0,3,0,3,tomato,0.5833333333333333,0,2,2,tomato,2,3,plate,2,4,plate,2,5,,4,0,tomato,5,0,tomato,6,0,plate,6,3,,6,4,,7,1,plate,7,3,,7,4,,2,24.0,56.0,,,1,1.0,30.0,56.0,40.0,,plate,1,1.0,30.0
1823,0,1,,0,2,None_cut,4.0,3,0,3,tomato,0.6249999999999999,0,2,2,tomato,2,3,plate,2,4,plate,2,5,,4,0,tomato,5,0,tomato,6,0,plate,6,3,,6,4,,7,1,plate,7,3,,7,4,,2,24.0,56.0,,,1,1.0,30.0,56.0,40.0,,plate,1,1.0,30.0
1824,0,1,,0,2,None_cut,4.0,3,0,3,tomato,0.6666666666666665,0,2,2,tomato,2,3,plate,2,4,plate,2,5,,4,0,tomato,5,0,tomato,6,0,plate,6,3,,6,4,,7,1,plate,7,3,,7,4,,2,24.0,56.0,,,1,1.0,30.0,56.0,40.0,,plate,1,1.0,30.0
1825,0,1,,0,2,None_cut,4.0,3,0,3,tomato,0.7083333333333331,0,2,2,tomato,2,3,plate,2,4,plate,2,5,,4,0,tomato,5,0,tomato,6,0,plate,6,3,,6,4,,7,1,plate,7,3,,7,4,,2,24.0,56.0,,,1,1.0,30.0,56.0,41.250000000000284,,plate,1,1.0,30.0
1826,0,1,,0,2,None_cut,4.0,3,0,3,tomato,0.7499999999999998,0,2,2,tomato,2,3,plate,2,4,plate,2,5,,4,0,tomato,5,0,tomato,6,0,plate,6,3,,6,4,,7,1,plate,7,3,,7,4,,2,24.0,56.0,,,1,1.0,30.0,56.0,42.50000000000057,,plate,1,1.0,30.0
1827,0,1,,0,2,None_cut,4.0,3,0,3,tomato,0.7916666666666664,0,2,2,tomato,2,3,plate,2,4,plate,2,5,,4,0,tomato,5,0,tomato,6,0,plate,6,3,,6,4,,7,1,plate,7,3,,7,4,,2,24.0,56.0,,,1,1.0,30.0,56.0,43.75000000000085,,plate,1,1.0,30.0
1828,0,1,,0,2,None_cut,4.0,3,0,3,tomato,0.833333333333333,0,2,2,tomato,2,3,plate,2,4,plate,2,5,,4,0,tomato,5,0,tomato,6,0,plate,6,3,,6,4,,7,1,plate,7,3,,7,4,,2,24.0,56.0,,,1,1.0,30.0,56.0,45.00000000000114,,plate,1,1.0,30.0
1829,0,1,,0,2,None_cut,4.0,3,0,3,tomato,0.8749999999999997,0,2,2,tomato,2,3,plate,2,4,plate,2,5,,4,0,tomato,5,0,tomato,6,0,plate,6,3,,6,4,,7,1,plate,7,3,,7,4,,2,24.0,56.0,,,1,1.0,30.0,56.0,46.25000000000142,,plate,1,1.0,30.0
1830,0,1,,0,2,None_cut,4.0,3,0,3,tomato,0.9166666666666663,0,2,2,tomato,2,3,plate,2,4,plate,2,5,,4,0,tomato,5,0,tomato,6,0,plate,6,3,,6,4,,7,1,plate,7,3,,7,4,,2,24.0,56.0,,,1,1.0,30.0,56.0,47.500000000001705,,plate,1,1.0,30.0
1831,0,1,,0,2,None_cut,4.0,3,0,3,tomato,0.9583333333333329,0,2,2,tomato,2,3,plate,2,4,plate,2,5,,4,0,tomato,5,0,tomato,6,0,plate,6,3,,6,4,,7,1,plate,7,3,,7,4,,2,24.0,56.0,,,1,1.0,30.0,56.0,48.75000000000199,,plate,1,1.0,30.0
1832,0,1,,0,2,None_cut,4.0,3,0,3,tomato,0.9999999999999996,0,2,2,tomato,2,3,plate,2,4,plate,2,5,,4,0,tomato,5,0,tomato,6,0,plate,6,3,,6,4,,7,1,plate,7,3,,7,4,,2,24.0,56.0,,,1,1.0,30.0,56.0,50.000000000002274,,plate,1,1.0,30.0
1833,0,1,,0,2,None_cut,4.0,3,0,3,tomato,1.0416666666666663,1,2,2,tomato,2,3,plate,2,4,plate,2,5,,4,0,tomato,5,0,tomato,6,0,plate,6,3,,6,4,,7,1,plate,7,3,,7,4,,2,24.0,56.0,,,1,1.0,30.0,56.0,51.25000000000256,,plate,1,1.0,30.0
1834,0,1,,0,2,None_cut,4.0,3,0,3,tomato,1.083333333333333,1,2,2,tomato,2,3,plate,2,4,plate,2,5,,4,0,tomato,5,0,tomato,6,0,plate,6,3,,6,4,,7,1,plate,7,3,,7,4,,2,24.0,56.0,,,1,1.0,30.0,56.0,52.50000000000284,,plate,1,1.0,30.0
1835,0,1,,0,2,None_cut,4.0,3,0,3,tomato,1.1249999999999998,1,2,2,tomato,2,3,plate,2,4,plate,2,5,,4,0,tomato,5,0,tomato,6,0,plate,6,3,,6,4,,7,1,plate,7,3,,7,4,,2,24.0,56.0,,,1,1.0,30.0,56.0,53.750000000003126,,plate,1,1.0,30.0
1836,0,1,,0,2,None_cut,4.0,3,0,3,tomato,1.1666666666666665,1,2,2,tomato,2,3,plate,2,4,plate,2,5,,4,0,tomato,5,0,tomato,6,0,plate,6,3,,6,4,,7,1,plate,7,3,,7,4,,2,24.0,56.0,,,1,1.0,30.0,56.0,55.00000000000341,,plate,1,1.0,30.0
1837,0,1,,0,2,None_cut,4.0,3,0,3,tomato,1.2083333333333333,1,2,2,tomato,2,3,plate,2,4,plate,2,5,,4,0,tomato,5,0,tomato,6,0,plate,6,3,,6,4,,7,1,plate,7,3,,7,4,,2,24.0,56.0,,,1,1.0,30.0,56.0,56.250000000003695,,plate,1,1.0,30.0
1838,0,1,,0,2,None_cut,4.0,3,0,3,tomato,1.25,1,2,2,tomato,2,3,plate,2,4,plate,2,5,,4,0,tomato,5,0,tomato,6,0,plate,6,3,,6,4,,7,1,plate,7,3,,7,4,,2,24.0,56.0,,,1,1.0,30.0,56.0,57.50000000000398,,plate,1,1.0,30.0
1839,0,1,,0,2,None_cut,4.0,3,0,3,tomato,1.2916666666666667,1,2,2,tomato,2,3,plate,2,4,plate,2,5,,4,0,tomato,5,0,tomato,6,0,plate,6,3,,6,4,,7,1,plate,7,3,,7,4,,2,24.0,56.0,,,1,1.0,30.0,56.0,58.75000000000426,,plate,1,1.0,30.0
1840,0,1,,0,2,None_cut,4.0,3,0,3,tomato,1.3333333333333335,1,2,2,tomato,2,3,plate,2,4,plate,2,5,,4,0,tomato,5,0,tomato,6,0,plate,6,3,,6,4,,7,1,plate,7,3,,7,4,,2,24.0,56.0,,,1,1.0,30.0,56.0,60.00000000000455,,plate,1,1.0,30.0
1841,0,1,,0,2,None_cut,4.0,3,0,3,tomato,1.3750000000000002,1,2,2,tomato,2,3,plate,2,4,plate,2,5,,4,0,tomato,5,0,tomato,6,0,plate,6,3,,6,4,,7,1,plate,7,3,,7,4,,2,24.0,56.0,,,1,1.0,30.0,56.0,61.25000000000483,,plate,1,1.0,30.0
1842,0,1,,0,2,None_cut,4.0,3,0,3,tomato,1.416666666666667,1,2,2,tomato,2,3,plate,2,4,plate,2,5,,4,0,tomato,5,0,tomato,6,0,plate,6,3,,6,4,,7,1,plate,7,3,,7,4,,2,24.0,56.0,,,1,1.0,30.0,56.0,62.500000000005116,,plate,1,1.0,30.0
1843,0,1,,0,2,None_cut,4.0,3,0,3,tomato,1.4583333333333337,1,2,2,tomato,2,3,plate,2,4,plate,2,5,,4,0,tomato,5,0,tomato,6,0,plate,6,3,,6,4,,7,1,plate,7,3,,7,4,,2,24.0,56.0,,,1,1.0,30.0,56.0,63.7500000000054,,plate,1,1.0,30.0
1844,0,1,,0,2,None_cut,4.0,3,0,3,tomato,1.5000000000000004,1,2,2,tomato,2,3,plate,2,4,plate,2,5,,4,0,tomato,5,0,tomato,6,0,plate,6,3,,6,4,,7,1,plate,7,3,,7,4,,2,24.0,56.0,,,1,1.0,30.0,56.0,65.00000000000568,,plate,1,1.0,30.0
1845,0,1,,0,2,None_cut,4.0,3,0,3,tomato,1.5416666666666672,1,2,2,tomato,2,3,plate,2,4,plate,2,5,,4,0,tomato,5,0,tomato,6,0,plate,6,3,,6,4,,7,1,plate,7,3,,7,4,,2,24.0,56.0,,,1,1.0,30.0,56.0,66.25000000000597,,plate,1,1.0,30.0
1846,0,1,,0,2,None_cut,4.0,3,0,3,tomato,1.583333333333334,1,2,2,tomato,2,3,plate,2,4,plate,2,5,,4,0,tomato,5,0,tomato,6,0,plate,6,3,,6,4,,7,1,plate,7,3,,7,4,,2,24.0,56.0,,,1,1.0,30.0,56.0,67.50000000000625,,plate,1,1.0,30.0
1847,0,1,,0,2,None_cut,4.0,3,0,3,tomato,1.6250000000000007,1,2,2,tomato,2,3,plate,2,4,plate,2,5,,4,0,tomato,5,0,tomato,6,0,plate,6,3,,6,4,,7,1,plate,7,3,,7,4,,2,24.0,56.0,,,1,1.0,30.0,56.0,68.75000000000654,,plate,1,1.0,30.0
1848,0,1,,0,2,None_cut,4.0,3,0,3,tomato,1.6666666666666674,1,2,2,tomato,2,3,plate,2,4,plate,2,5,,4,0,tomato,5,0,tomato,6,0,plate,6,3,,6,4,,7,1,plate,7,3,,7,4,,2,24.0,56.0,,,1,1.0,30.0,56.0,70.00000000000682,,plate,1,1.0,30.0
1849,0,1,,0,2,None_cut,4.0,3,0,3,tomato,1.7083333333333341,1,2,2,tomato,2,3,plate,2,4,plate,2,5,,4,0,tomato,5,0,tomato,6,0,plate,6,3,,6,4,,7,1,plate,7,3,,7,4,,2,24.0,56.0,,,1,1.0,30.0,56.0,71.2500000000071,,plate,1,1.0,30.0
1850,0,1,,0,2,None_cut,4.0,3,0,3,tomato,1.7500000000000009,1,2,2,tomato,2,3,plate,2,4,plate,2,5,,4,0,tomato,5,0,tomato,6,0,plate,6,3,,6,4,,7,1,plate,7,3,,7,4,,2,24.0,56.0,,,1,1.0,30.0,56.0,72.50000000000739,,plate,1,1.0,30.0
1851,0,1,,0,2,None_cut,4.0,3,0,3,tomato,1.7916666666666676,1,2,2,tomato,2,3,plate,2,4,plate,2,5,,4,0,tomato,5,0,tomato,6,0,plate,6,3,,6,4,,7,1,plate,7,3,,7,4,,2,24.0,56.0,,,1,1.0,30.0,56.0,73.75000000000767,,plate,1,1.0,30.0
1852,0,1,,0,2,None_cut,4.0,3,0,3,tomato,1.8333333333333344,1,2,2,tomato,2,3,plate,2,4,plate,2,5,,4,0,tomato,5,0,tomato,6,0,plate,6,3,,6,4,,7,1,plate,7,3,,7,4,,2,24.0,56.0,,,1,1.0,30.0,56.0,75.00000000000796,,plate,1,1.0,30.0
1853,0,1,,0,2,None_cut,4.0,3,0,3,tomato,1.875000000000001,1,2,2,tomato,2,3,plate,2,4,plate,2,5,,4,0,tomato,5,0,tomato,6,0,plate,6,3,,6,4,,7,1,plate,7,3,,7,4,,2,24.0,56.0,,,1,1.0,30.0,56.0,76.25000000000824,,plate,1,1.0,30.0
1854,0,1,,0,2,None_cut,4.0,3,0,3,tomato,1.9166666666666679,1,2,2,tomato,2,3,plate,2,4,plate,2,5,,4,0,tomato,5,0,tomato,6,0,plate,6,3,,6,4,,7,1,plate,7,3,,7,4,,2,24.0,56.0,,,1,1.0,30.0,56.0,77.50000000000853,,plate,1,1.0,30.0
1855,0,1,,0,2,None_cut,4.0,3,0,3,tomato,1.9583333333333346,1,2,2,tomato,2,3,plate,2,4,plate,2,5,,4,0,tomato,5,0,tomato,6,0,plate,6,3,,6,4,,7,1,plate,7,3,,7,4,,2,24.0,56.0,,,1,1.0,30.0,56.0,78.75000000000881,,plate,1,1.0,30.0
1856,0,1,,0,2,None_cut,4.0,3,0,3,tomato,2.0000000000000013,2,2,2,tomato,2,3,plate,2,4,plate,2,5,,4,0,tomato,5,0,tomato,6,0,plate,6,3,,6,4,,7,1,plate,7,3,,7,4,,2,24.0,56.0,,,1,1.0,30.0,56.0,80.0000000000091,,plate,1,1.0,30.0
1857,0,1,,0,2,None_cut,4.0,3,0,3,tomato,2.041666666666668,2,2,2,tomato,2,3,plate,2,4,plate,2,5,,4,0,tomato,5,0,tomato,6,0,plate,6,3,,6,4,,7,1,plate,7,3,,7,4,,2,24.0,56.0,,,1,1.0,30.0,56.0,81.25000000000938,,plate,1,1.0,30.0
1858,0,1,,0,2,None_cut,4.0,3,0,3,tomato,2.0833333333333344,2,2,2,tomato,2,3,plate,2,4,plate,2,5,,4,0,tomato,5,0,tomato,6,0,plate,6,3,,6,4,,7,1,plate,7,3,,7,4,,2,24.0,56.0,,,1,1.0,30.0,56.0,82.50000000000966,,plate,1,1.0,30.0
1859,0,1,,0,2,None_cut,4.0,3,0,3,tomato,2.125000000000001,2,2,2,tomato,2,3,plate,2,4,plate,2,5,,4,0,tomato,5,0,tomato,6,0,plate,6,3,,6,4,,7,1,plate,7,3,,7,4,,2,24.0,56.0,,,1,1.0,30.0,56.0,83.75000000000995,,plate,1,1.0,30.0
1860,0,1,,0,2,None_cut,4.0,3,0,3,tomato,2.1666666666666674,2,2,2,tomato,2,3,plate,2,4,plate,2,5,,4,0,tomato,5,0,tomato,6,0,plate,6,3,,6,4,,7,1,plate,7,3,,7,4,,2,24.0,56.0,,,1,1.0,30.0,56.0,85.00000000001023,,plate,1,1.0,30.0
1861,0,1,,0,2,None_cut,4.0,3,0,3,tomato,2.208333333333334,2,2,2,tomato,2,3,plate,2,4,plate,2,5,,4,0,tomato,5,0,tomato,6,0,plate,6,3,,6,4,,7,1,plate,7,3,,7,4,,2,24.0,56.0,,,1,1.0,30.0,56.0,86.25000000001052,,plate,1,1.0,30.0
1862,0,1,,0,2,None_cut,4.0,3,0,3,tomato,2.2500000000000004,2,2,2,tomato,2,3,plate,2,4,plate,2,5,,4,0,tomato,5,0,tomato,6,0,plate,6,3,,6,4,,7,1,plate,7,3,,7,4,,2,24.0,56.0,,,1,1.0,30.0,56.0,87.5000000000108,,plate,1,1.0,30.0
1863,0,1,,0,2,None_cut,4.0,3,0,3,tomato,2.291666666666667,2,2,2,tomato,2,3,plate,2,4,plate,2,5,,4,0,tomato,5,0,tomato,6,0,plate,6,3,,6,4,,7,1,plate,7,3,,7,4,,2,24.0,56.0,,,1,1.0,30.0,56.0,88.0,,plate,1,1.0,30.0
1864,0,1,,0,2,None_cut,4.0,3,0,3,tomato,2.3333333333333335,2,2,2,tomato,2,3,plate,2,4,plate,2,5,plate,4,0,tomato,5,0,tomato,6,0,plate,6,3,,6,4,,7,1,plate,7,3,,7,4,,2,24.0,56.0,,,1,1.0,30.0,56.0,88.0,,,1,1.0,30.0
1865,0,1,,0,2,None_cut,4.0,3,0,3,tomato,2.375,2,2,2,tomato,2,3,plate,2,4,plate,2,5,plate,4,0,tomato,5,0,tomato,6,0,plate,6,3,,6,4,,7,1,plate,7,3,,7,4,,2,24.0,56.0,,,1,1.0,30.0,56.0,88.0,,,1,1.0,30.0
1866,0,1,,0,2,None_cut,4.0,3,0,3,tomato,2.4166666666666665,2,2,2,tomato,2,3,plate,2,4,plate,2,5,plate,4,0,tomato,5,0,tomato,6,0,plate,6,3,,6,4,,7,1,plate,7,3,,7,4,,2,24.0,56.0,,,1,1.0,30.0,56.0,88.0,,,1,1.0,30.0
1867,0,1,,0,2,None_cut,4.0,3,0,3,tomato,2.458333333333333,2,2,2,tomato,2,3,plate,2,4,plate,2,5,plate,4,0,tomato,5,0,tomato,6,0,plate,6,3,,6,4,,7,1,plate,7,3,,7,4,,2,24.0,56.0,,,1,1.0,30.0,56.0,88.0,,,1,1.0,30.0
1868,0,1,,0,2,None_cut,4.0,3,0,3,tomato,2.4999999999999996,2,2,2,tomato,2,3,plate,2,4,plate,2,5,plate,4,0,tomato,5,0,tomato,6,0,plate,6,3,,6,4,,7,1,plate,7,3,,7,4,,2,24.0,56.0,,,1,1.0,30.0,56.0,88.0,,,1,1.0,30.0
1869,0,1,,0,2,None_cut,4.0,3,0,3,tomato,2.541666666666666,2,2,2,tomato,2,3,plate,2,4,plate,2,5,plate,4,0,tomato,5,0,tomato,6,0,plate,6,3,,6,4,,7,1,plate,7,3,,7,4,,2,24.0,56.0,,,1,1.0,30.0,56.0,88.0,,,1,1.0,30.0
1870,0,1,,0,2,None_cut,4.0,3,0,3,tomato,2.5833333333333326,2,2,2,tomato,2,3,plate,2,4,plate,2,5,plate,4,0,tomato,5,0,tomato,6,0,plate,6,3,,6,4,,7,1,plate,7,3,,7,4,,2,24.0,56.0,,,1,1.0,30.0,56.0,88.0,,,1,1.0,30.0
1871,0,1,,0,2,None_cut,4.0,3,0,3,tomato,2.624999999999999,2,2,2,tomato,2,3,plate,2,4,plate,2,5,plate,4,0,tomato,5,0,tomato,6,0,plate,6,3,,6,4,,7,1,plate,7,3,,7,4,,2,24.0,56.0,,,1,1.0,30.0,56.0,88.0,,,1,1.0,30.0
1872,0,1,,0,2,None_cut,4.0,3,0,3,tomato,2.6666666666666656,2,2,2,tomato,2,3,plate,2,4,plate,2,5,plate,4,0,tomato,5,0,tomato,6,0,plate,6,3,,6,4,,7,1,plate,7,3,,7,4,,2,24.0,56.0,,,1,1.0,30.0,56.0,88.0,,,1,1.0,30.0
1873,0,1,,0,2,None_cut,4.0,3,0,3,tomato,2.708333333333332,2,2,2,tomato,2,3,plate,2,4,plate,2,5,plate,4,0,tomato,5,0,tomato,6,0,plate,6,3,,6,4,,7,1,plate,7,3,,7,4,,2,24.0,56.0,,,1,1.0,30.0,56.0,88.0,,,1,1.0,30.0
1874,0,1,,0,2,None_cut,4.0,3,0,3,tomato,2.7499999999999987,2,2,2,tomato,2,3,plate,2,4,plate,2,5,plate,4,0,tomato,5,0,tomato,6,0,plate,6,3,,6,4,,7,1,plate,7,3,,7,4,,2,24.0,56.0,,,1,1.0,30.0,56.0,88.0,,,1,1.0,30.0
1875,0,1,,0,2,None_cut,4.0,3,0,3,tomato,2.791666666666665,2,2,2,tomato,2,3,plate,2,4,plate,2,5,plate,4,0,tomato,5,0,tomato,6,0,plate,6,3,,6,4,,7,1,plate,7,3,,7,4,,2,24.0,56.0,,,1,1.0,30.0,56.0,88.0,,,1,1.0,30.0
1876,0,1,,0,2,None_cut,4.0,3,0,3,tomato,2.8333333333333317,2,2,2,tomato,2,3,plate,2,4,plate,2,5,plate,4,0,tomato,5,0,tomato,6,0,plate,6,3,,6,4,,7,1,plate,7,3,,7,4,,2,24.0,56.0,,,1,1.0,30.0,56.0,88.0,,,1,1.0,30.0
1877,0,1,,0,2,None_cut,4.0,3,0,3,tomato,2.8749999999999982,2,2,2,tomato,2,3,plate,2,4,plate,2,5,plate,4,0,tomato,5,0,tomato,6,0,plate,6,3,,6,4,,7,1,plate,7,3,,7,4,,2,24.0,56.0,,,1,1.0,30.0,56.0,88.0,,,1,1.0,30.0
1878,0,1,,0,2,None_cut,4.0,3,0,3,tomato,2.9166666666666647,2,2,2,tomato,2,3,plate,2,4,plate,2,5,plate,4,0,tomato,5,0,tomato,6,0,plate,6,3,,6,4,,7,1,plate,7,3,,7,4,,2,24.0,56.0,,,1,1.0,30.0,56.0,88.0,,,1,1.0,30.0
1879,0,1,,0,2,None_cut,4.0,3,0,3,tomato,2.9583333333333313,2,2,2,tomato,2,3,plate,2,4,plate,2,5,plate,4,0,tomato,5,0,tomato,6,0,plate,6,3,,6,4,,7,1,plate,7,3,,7,4,,2,24.0,56.0,,,1,1.0,30.0,56.0,88.0,,,1,1.0,30.0
1880,0,1,,0,2,None_cut,4.0,3,0,3,tomato,2.999999999999998,2,2,2,tomato,2,3,plate,2,4,plate,2,5,plate,4,0,tomato,5,0,tomato,6,0,plate,6,3,,6,4,,7,1,plate,7,3,,7,4,,2,24.0,56.0,,,1,1.0,30.0,56.0,88.0,,,1,1.0,30.0
1881,0,1,,0,2,None_cut,4.0,3,0,3,tomato_cut,3.0416666666666643,3,2,2,tomato,2,3,plate,2,4,plate,2,5,plate,4,0,tomato,5,0,tomato,6,0,plate,6,3,,6,4,,7,1,plate,7,3,,7,4,,2,24.0,56.0,,,1,1.0,30.0,56.0,88.0,,,1,1.0,30.0
1882,0,1,,0,2,None_cut,4.0,3,0,3,tomato_cut,3.083333333333331,3,2,2,tomato,2,3,plate,2,4,plate,2,5,plate,4,0,tomato,5,0,tomato,6,0,plate,6,3,,6,4,,7,1,plate,7,3,,7,4,,2,24.0,56.0,,,1,1.0,30.0,56.0,88.0,,,1,1.0,30.0
1883,0,1,,0,2,None_cut,4.0,3,0,3,tomato_cut,3.1249999999999973,3,2,2,tomato,2,3,plate,2,4,plate,2,5,plate,4,0,tomato,5,0,tomato,6,0,plate,6,3,,6,4,,7,1,plate,7,3,,7,4,,2,24.0,56.0,,,1,1.0,30.0,56.0,88.0,,,1,1.0,30.0
1884,0,1,,0,2,None_cut,4.0,3,0,3,tomato_cut,3.166666666666664,3,2,2,tomato,2,3,plate,2,4,plate,2,5,plate,4,0,tomato,5,0,tomato,6,0,plate,6,3,,6,4,,7,1,plate,7,3,,7,4,,2,24.0,56.0,,,1,1.0,30.0,56.0,88.0,,,1,1.0,30.0
1885,0,1,,0,2,None_cut,4.0,3,0,3,tomato_cut,3.2083333333333304,3,2,2,tomato,2,3,plate,2,4,plate,2,5,plate,4,0,tomato,5,0,tomato,6,0,plate,6,3,,6,4,,7,1,plate,7,3,,7,4,,2,24.0,56.0,,,1,1.0,30.0,56.0,88.0,,,1,1.0,30.0
1886,0,1,,0,2,None_cut,4.0,3,0,3,tomato_cut,3.249999999999997,3,2,2,tomato,2,3,plate,2,4,plate,2,5,plate,4,0,tomato,5,0,tomato,6,0,plate,6,3,,6,4,,7,1,plate,7,3,,7,4,,2,24.0,56.0,,,1,1.0,30.0,56.0,88.0,,,1,1.0,30.0
1887,0,1,,0,2,None_cut,4.0,3,0,3,tomato_cut,3.2916666666666634,3,2,2,tomato,2,3,plate,2,4,plate,2,5,plate,4,0,tomato,5,0,tomato,6,0,plate,6,3,,6,4,,7,1,plate,7,3,,7,4,,2,24.0,56.0,,,1,1.0,30.0,56.0,88.0,,,1,1.0,30.0
1888,0,1,,0,2,None_cut,4.0,3,0,3,tomato_cut,3.33333333333333,3,2,2,tomato,2,3,plate,2,4,plate,2,5,plate,4,0,tomato,5,0,tomato,6,0,plate,6,3,,6,4,,7,1,plate,7,3,,7,4,,2,24.0,56.0,,,1,1.0,30.0,56.0,88.0,,,1,1.0,30.0
1889,0,1,,0,2,None_cut,4.0,3,0,3,tomato_cut,3.3749999999999964,3,2,2,tomato,2,3,plate,2,4,plate,2,5,plate,4,0,tomato,5,0,tomato,6,0,plate,6,3,,6,4,,7,1,plate,7,3,,7,4,,2,24.0,56.0,,,1,1.0,30.0,56.0,88.0,,,1,1.0,30.0
1890,0,1,,0,2,None_cut,4.0,3,0,3,tomato_cut,3.416666666666663,3,2,2,tomato,2,3,plate,2,4,plate,2,5,plate,4,0,tomato,5,0,tomato,6,0,plate,6,3,,6,4,,7,1,plate,7,3,,7,4,,2,24.0,56.0,,,1,1.0,30.0,56.0,88.0,,,1,1.0,30.0
1891,0,1,,0,2,None_cut,4.0,3,0,3,tomato_cut,3.4583333333333295,3,2,2,tomato,2,3,plate,2,4,plate,2,5,plate,4,0,tomato,5,0,tomato,6,0,plate,6,3,,6,4,,7,1,plate,7,3,,7,4,,2,24.0,56.0,,,1,1.0,30.0,56.0,88.0,,,1,1.0,30.0
1892,0,1,,0,2,None_cut,4.0,3,0,3,tomato_cut,3.499999999999996,3,2,2,tomato,2,3,plate,2,4,plate,2,5,plate,4,0,tomato,5,0,tomato,6,0,plate,6,3,,6,4,,7,1,plate,7,3,,7,4,,2,24.0,56.0,,,1,1.0,30.0,56.0,88.0,,,1,1.0,30.0
1893,0,1,,0,2,None_cut,4.0,3,0,3,tomato_cut,3.5416666666666625,3,2,2,tomato,2,3,plate,2,4,plate,2,5,plate,4,0,tomato,5,0,tomato,6,0,plate,6,3,,6,4,,7,1,plate,7,3,,7,4,,2,24.0,56.0,,,1,1.0,30.0,56.0,88.0,,,1,1.0,30.0
1894,0,1,,0,2,None_cut,4.0,3,0,3,tomato_cut,3.583333333333329,3,2,2,tomato,2,3,plate,2,4,plate,2,5,plate,4,0,tomato,5,0,tomato,6,0,plate,6,3,,6,4,,7,1,plate,7,3,,7,4,,2,24.0,56.0,,,1,1.0,30.0,56.0,88.0,,,1,1.0,30.0
1895,0,1,,0,2,None_cut,4.0,3,0,3,tomato_cut,3.6249999999999956,3,2,2,tomato,2,3,plate,2,4,plate,2,5,plate,4,0,tomato,5,0,tomato,6,0,plate,6,3,,6,4,,7,1,plate,7,3,,7,4,,2,24.0,56.0,,,1,1.0,30.0,56.0,88.0,,,1,1.0,30.0
1896,0,1,,0,2,None_cut,4.0,3,0,3,tomato_cut,3.666666666666662,3,2,2,tomato,2,3,plate,2,4,plate,2,5,plate,4,0,tomato,5,0,tomato,6,0,plate,6,3,,6,4,,7,1,plate,7,3,,7,4,,2,24.0,56.0,,,1,1.0,30.0,56.0,88.0,,,1,1.0,30.0
1897,0,1,,0,2,None_cut,4.0,3,0,3,tomato_cut,3.7083333333333286,3,2,2,tomato,2,3,plate,2,4,plate,2,5,plate,4,0,tomato,5,0,tomato,6,0,plate,6,3,,6,4,,7,1,plate,7,3,,7,4,,2,24.0,56.0,,,1,1.0,30.0,56.0,88.0,,,1,1.0,30.0
1898,0,1,,0,2,None_cut,4.0,3,0,3,tomato_cut,3.749999999999995,3,2,2,tomato,2,3,plate,2,4,plate,2,5,plate,4,0,tomato,5,0,tomato,6,0,plate,6,3,,6,4,,7,1,plate,7,3,,7,4,,2,24.0,56.0,,,1,1.0,30.0,56.0,88.0,,,1,1.0,30.0
1899,0,1,,0,2,None_cut,4.0,3,0,3,tomato_cut,3.7916666666666616,3,2,2,tomato,2,3,plate,2,4,plate,2,5,plate,4,0,tomato,5,0,tomato,6,0,plate,6,3,,6,4,,7,1,plate,7,3,,7,4,,2,24.0,56.0,,,1,1.0,30.0,56.0,88.0,,,1,1.0,30.0
1900,0,1,,0,2,None_cut,4.0,3,0,3,tomato_cut,3.833333333333328,3,2,2,tomato,2,3,plate,2,4,plate,2,5,plate,4,0,tomato,5,0,tomato,6,0,plate,6,3,,6,4,,7,1,plate,7,3,,7,4,,2,24.0,56.0,,,1,1.0,30.0,56.0,88.0,,,1,1.0,30.0
1901,0,1,,0,2,None_cut,4.0,3,0,3,tomato_cut,3.8749999999999947,3,2,2,tomato,2,3,plate,2,4,plate,2,5,plate,4,0,tomato,5,0,tomato,6,0,plate,6,3,,6,4,,7,1,plate,7,3,,7,4,,2,24.0,56.0,,,1,1.0,30.0,56.0,88.0,,,1,1.0,30.0
1902,0,1,,0,2,None_cut,4.0,3,0,3,tomato_cut,3.916666666666661,3,2,2,tomato,2,3,plate,2,4,plate,2,5,plate,4,0,tomato,5,0,tomato,6,0,plate,6,3,,6,4,,7,1,plate,7,3,,7,4,,2,24.0,56.0,,,1,1.0,30.0,56.0,88.0,,,1,1.0,30.0
1903,0,1,,0,2,None_cut,4.0,3,0,3,tomato_cut,3.9583333333333277,3,2,2,tomato,2,3,plate,2,4,plate,2,5,plate,4,0,tomato,5,0,tomato,6,0,plate,6,3,,6,4,,7,1,plate,7,3,,7,4,,2,24.0,56.0,,,1,1.0,30.0,56.0,88.0,,,1,1.0,30.0
1904,0,1,,0,2,None_cut,4.0,3,0,3,tomato_cut,3.9999999999999942,3,2,2,tomato,2,3,plate,2,4,plate,2,5,plate,4,0,tomato,5,0,tomato,6,0,plate,6,3,,6,4,,7,1,plate,7,3,,7,4,,2,24.0,56.0,,,1,1.0,30.0,56.0,88.0,,,1,1.0,30.0
1905,0,1,,0,2,None_cut,4.0,3,0,3,tomato_cut,4.0,3,2,2,tomato,2,3,plate,2,4,plate,2,5,plate,4,0,tomato,5,0,tomato,6,0,plate,6,3,,6,4,,7,1,plate,7,3,,7,4,,2,24.0,56.0,,,1,1.0,30.0,56.0,88.0,,,1,1.0,30.0
1906,0,1,,0,2,None_cut,4.0,3,0,3,tomato_cut,4.0,3,2,2,tomato,2,3,plate,2,4,plate,2,5,plate,4,0,tomato,5,0,tomato,6,0,plate,6,3,,6,4,,7,1,plate,7,3,,7,4,,2,24.0,56.0,,,1,1.0,30.0,56.0,88.0,,,1,1.0,30.0
1907,0,1,,0,2,None_cut,4.0,3,0,3,tomato_cut,4.0,3,2,2,tomato,2,3,plate,2,4,plate,2,5,plate,4,0,tomato,5,0,tomato,6,0,plate,6,3,,6,4,,7,1,plate,7,3,,7,4,,2,24.0,56.0,,,1,1.0,30.0,56.0,88.0,,,1,1.0,30.0
1908,0,1,,0,2,None_cut,4.0,3,0,3,tomato_cut,4.0,3,2,2,tomato,2,3,plate,2,4,plate,2,5,plate,4,0,tomato,5,0,tomato,6,0,plate,6,3,,6,4,,7,1,plate,7,3,,7,4,,2,24.0,56.0,,,1,1.0,30.0,56.0,88.0,,,1,1.0,30.0
1909,0,1,,0,2,None_cut,4.0,3,0,3,tomato_cut,4.0,3,2,2,tomato,2,3,plate,2,4,plate,2,5,plate,4,0,tomato,5,0,tomato,6,0,plate,6,3,,6,4,,7,1,plate,7,3,,7,4,,2,24.0,56.0,,,1,1.0,30.0,56.0,88.0,,,1,1.0,30.0
1910,0,1,,0,2,None_cut,4.0,3,0,3,tomato_cut,4.0,3,2,2,tomato,2,3,plate,2,4,plate,2,5,plate,4,0,tomato,5,0,tomato,6,0,plate,6,3,,6,4,,7,1,plate,7,3,,7,4,,2,24.0,56.0,,,1,1.0,30.0,56.0,86.74999999999972,,,1,1.0,30.0
1911,0,1,,0,2,None_cut,4.0,3,0,3,tomato_cut,4.0,3,2,2,tomato,2,3,plate,2,4,plate,2,5,plate,4,0,tomato,5,0,tomato,6,0,plate,6,3,,6,4,,7,1,plate,7,3,,7,4,,2,24.0,56.0,,,1,1.0,30.0,56.0,85.49999999999943,,,1,1.0,30.0
1912,0,1,,0,2,None_cut,4.0,3,0,3,tomato_cut,4.0,3,2,2,tomato,2,3,plate,2,4,plate,2,5,plate,4,0,tomato,5,0,tomato,6,0,plate,6,3,,6,4,,7,1,plate,7,3,,7,4,,2,24.0,56.0,,,1,1.0,30.0,56.0,84.24999999999915,,,1,1.0,30.0
1913,0,1,,0,2,None_cut,4.0,3,0,3,tomato_cut,4.0,3,2,2,tomato,2,3,plate,2,4,plate,2,5,plate,4,0,tomato,5,0,tomato,6,0,plate,6,3,,6,4,,7,1,plate,7,3,,7,4,,2,24.0,56.0,,,1,1.0,30.0,56.0,82.99999999999886,,,1,1.0,30.0
1914,0,1,,0,2,None_cut,4.0,3,0,3,tomato_cut,4.0,3,2,2,tomato,2,3,plate,2,4,plate,2,5,plate,4,0,tomato,5,0,tomato,6,0,plate,6,3,,6,4,,7,1,plate,7,3,,7,4,,2,24.0,56.0,,,1,1.0,30.0,56.0,81.74999999999858,,,1,1.0,30.0
1915,0,1,,0,2,None_cut,4.0,3,0,3,tomato_cut,4.0,3,2,2,tomato,2,3,plate,2,4,plate,2,5,plate,4,0,tomato,5,0,tomato,6,0,plate,6,3,,6,4,,7,1,plate,7,3,,7,4,,2,24.0,56.0,,,1,1.0,30.0,56.0,80.4999999999983,,,1,1.0,30.0
1916,0,1,,0,2,None_cut,4.0,3,0,3,tomato_cut,4.0,3,2,2,tomato,2,3,plate,2,4,plate,2,5,plate,4,0,tomato,5,0,tomato,6,0,plate,6,3,,6,4,,7,1,plate,7,3,,7,4,,2,24.0,56.0,,,1,1.0,30.0,56.0,79.24999999999801,,,1,1.0,30.0
1917,0,1,,0,2,None_cut,4.0,3,0,3,tomato_cut,4.0,3,2,2,tomato,2,3,plate,2,4,plate,2,5,plate,4,0,tomato,5,0,tomato,6,0,plate,6,3,,6,4,,7,1,plate,7,3,,7,4,,2,24.0,56.0,,,1,1.0,30.0,56.0,77.99999999999773,,,1,1.0,30.0
1918,0,1,,0,2,None_cut,4.0,3,0,3,tomato_cut,4.0,3,2,2,tomato,2,3,plate,2,4,plate,2,5,plate,4,0,tomato,5,0,tomato,6,0,plate,6,3,,6,4,,7,1,plate,7,3,,7,4,,2,24.0,56.0,,,1,1.0,30.0,56.0,76.74999999999744,,,1,1.0,30.0
1919,0,1,,0,2,None_cut,4.0,3,0,3,None_cut,4.0,3,2,2,tomato,2,3,plate,2,4,plate,2,5,plate,4,0,tomato,5,0,tomato,6,0,plate,6,3,,6,4,,7,1,plate,7,3,,7,4,,2,24.0,56.0,,tomato_cut,1,1.0,30.0,56.0,75.49999999999716,,,1,1.0,30.0
1920,0,1,,0,2,None_cut,4.0,3,0,3,None_cut,4.0,3,2,2,tomato,2,3,plate,2,4,plate,2,5,plate,4,0,tomato,5,0,tomato,6,0,plate,6,3,,6,4,,7,1,plate,7,3,,7,4,,2,24.0,56.0,,tomato_cut,1,1.0,30.0,56.0,74.24999999999687,,,1,1.0,30.0
1921,0,1,,0,2,None_cut,4.0,3,0,3,None_cut,4.0,3,2,2,tomato,2,3,plate,2,4,plate,2,5,plate,4,0,tomato,5,0,tomato,6,0,plate,6,3,,6,4,,7,1,plate,7,3,,7,4,,2,24.0,56.0,,tomato_cut,1,1.0,30.0,56.0,72.99999999999659,,,1,1.0,30.0
1922,0,1,,0,2,None_cut,4.0,3,0,3,None_cut,4.0,3,2,2,tomato,2,3,plate,2,4,plate,2,5,plate,4,0,tomato,5,0,tomato,6,0,plate,6,3,,6,4,,7,1,plate,7,3,,7,4,,2,24.0,56.0,,tomato_cut,1,1.0,30.0,56.0,71.7499999999963,,,1,1.0,30.0
1923,0,1,,0,2,None_cut,4.0,3,0,3,None_cut,4.0,3,2,2,tomato,2,3,plate,2,4,plate,2,5,plate,4,0,tomato,5,0,tomato,6,0,plate,6,3,,6,4,,7,1,plate,7,3,,7,4,,2,24.0,56.0,,tomato_cut,1,1.0,30.0,56.0,70.49999999999602,,,1,1.0,30.0
1924,0,1,,0,2,None_cut,4.0,3,0,3,None_cut,4.0,3,2,2,tomato,2,3,plate,2,4,plate,2,5,plate,4,0,tomato,5,0,tomato,6,0,plate,6,3,,6,4,,7,1,plate,7,3,,7,4,,2,24.0,56.0,,tomato_cut,1,1.0,30.0,56.0,69.24999999999574,,,1,1.0,30.0
1925,0,1,,0,2,None_cut,4.0,3,0,3,None_cut,4.0,3,2,2,tomato,2,3,plate,2,4,plate,2,5,plate,4,0,tomato,5,0,tomato,6,0,plate,6,3,,6,4,,7,1,plate,7,3,,7,4,,2,24.0,56.0,,tomato_cut,1,1.0,30.0,56.0,67.99999999999545,,,1,1.0,30.0
1926,0,1,,0,2,None_cut,4.0,3,0,3,None_cut,4.0,3,2,2,tomato,2,3,plate,2,4,plate,2,5,plate,4,0,tomato,5,0,tomato,6,0,plate,6,3,,6,4,,7,1,plate,7,3,,7,4,,2,24.0,56.0,,tomato_cut,1,1.0,30.0,56.0,66.74999999999517,,,1,1.0,30.0
1927,0,1,,0,2,None_cut,4.0,3,0,3,None_cut,4.0,3,2,2,tomato,2,3,plate,2,4,plate,2,5,plate,4,0,tomato,5,0,tomato,6,0,plate,6,3,,6,4,,7,1,plate,7,3,,7,4,,2,24.0,56.0,,tomato_cut,1,1.0,30.0,56.0,65.49999999999488,,,1,1.0,30.0
1928,0,1,,0,2,None_cut,4.0,3,0,3,None_cut,4.0,3,2,2,tomato,2,3,plate,2,4,plate,2,5,plate,4,0,tomato,5,0,tomato,6,0,plate,6,3,,6,4,,7,1,plate,7,3,,7,4,,2,24.0,56.0,,tomato_cut,1,1.0,30.0,56.0,64.2499999999946,,,1,1.0,30.0
1929,0,1,,0,2,None_cut,4.0,3,0,3,None_cut,4.0,3,2,2,tomato,2,3,plate,2,4,plate,2,5,plate,4,0,tomato,5,0,tomato,6,0,plate,6,3,,6,4,,7,1,plate,7,3,,7,4,,2,24.0,56.0,,tomato_cut,1,1.0,30.0,56.0,62.999999999994316,,,1,1.0,30.0
1930,0,1,,0,2,None_cut,4.0,3,0,3,None_cut,4.0,3,2,2,tomato,2,3,plate,2,4,plate,2,5,plate,4,0,tomato,5,0,tomato,6,0,plate,6,3,,6,4,,7,1,plate,7,3,,7,4,,2,24.0,56.0,,tomato_cut,1,1.0,30.0,56.0,61.74999999999403,,,1,1.0,30.0
1931,0,1,,0,2,None_cut,4.0,3,0,3,None_cut,4.0,3,2,2,tomato,2,3,plate,2,4,plate,2,5,plate,4,0,tomato,5,0,tomato,6,0,plate,6,3,,6,4,,7,1,plate,7,3,,7,4,,2,24.0,56.0,,tomato_cut,1,1.0,30.0,56.0,60.49999999999375,,,1,1.0,30.0
1932,0,1,,0,2,None_cut,4.0,3,0,3,None_cut,4.0,3,2,2,tomato,2,3,plate,2,4,plate,2,5,plate,4,0,tomato,5,0,tomato,6,0,plate,6,3,,6,4,,7,1,plate,7,3,,7,4,,2,24.0,56.0,,tomato_cut,1,1.0,30.0,56.0,59.24999999999346,,,1,1.0,30.0
1933,0,1,,0,2,None_cut,4.0,3,0,3,None_cut,4.0,3,2,2,tomato,2,3,plate,2,4,plate,2,5,plate,4,0,tomato,5,0,tomato,6,0,plate,6,3,,6,4,,7,1,plate,7,3,,7,4,,2,24.0,56.0,,tomato_cut,1,1.0,30.0,56.0,57.99999999999318,,,1,1.0,30.0
1934,0,1,,0,2,None_cut,4.0,3,0,3,None_cut,4.0,3,2,2,tomato,2,3,plate,2,4,plate,2,5,plate,4,0,tomato,5,0,tomato,6,0,plate,6,3,,6,4,,7,1,plate,7,3,,7,4,,2,24.0,56.0,,tomato_cut,1,1.0,30.0,56.0,56.749999999992895,,,1,1.0,30.0
1935,0,1,,0,2,None_cut,4.0,3,0,3,None_cut,4.0,3,2,2,tomato,2,3,plate,2,4,plate,2,5,plate,4,0,tomato,5,0,tomato,6,0,plate,6,3,,6,4,,7,1,plate,7,3,,7,4,,2,24.0,56.0,,tomato_cut,1,1.0,30.0,56.0,55.49999999999261,,,1,1.0,30.0
1936,0,1,,0,2,None_cut,4.0,3,0,3,None_cut,4.0,3,2,2,tomato,2,3,plate,2,4,plate,2,5,plate,4,0,tomato,5,0,tomato,6,0,plate,6,3,,6,4,,7,1,plate,7,3,,7,4,,2,24.0,56.0,,tomato_cut,1,1.0,30.0,56.0,54.249999999992326,,,1,1.0,30.0
1937,0,1,,0,2,None_cut,4.0,3,0,3,None_cut,4.0,3,2,2,tomato,2,3,plate,2,4,plate,2,5,plate,4,0,tomato,5,0,tomato,6,0,plate,6,3,,6,4,,7,1,plate,7,3,,7,4,,2,24.0,56.0,,tomato_cut,1,1.0,30.0,56.0,52.99999999999204,,,1,1.0,30.0
1938,0,1,,0,2,None_cut,4.0,3,0,3,None_cut,4.0,3,2,2,tomato,2,3,plate,2,4,plate,2,5,plate,4,0,tomato,5,0,tomato,6,0,plate,6,3,,6,4,,7,1,plate,7,3,,7,4,,2,24.0,56.0,,tomato_cut,1,1.0,30.0,56.0,51.74999999999176,,,1,1.0,30.0
1939,0,1,,0,2,None_cut,4.0,3,0,3,None_cut,4.0,3,2,2,tomato,2,3,plate,2,4,plate,2,5,plate,4,0,tomato,5,0,tomato,6,0,plate,6,3,,6,4,,7,1,plate,7,3,,7,4,,2,24.0,56.0,,tomato_cut,1,1.0,30.0,56.0,50.49999999999147,,,1,1.0,30.0
1940,0,1,,0,2,None_cut,4.0,3,0,3,None_cut,4.0,3,2,2,tomato,2,3,plate,2,4,plate,2,5,plate,4,0,tomato,5,0,tomato,6,0,plate,6,3,,6,4,,7,1,plate,7,3,,7,4,,2,24.0,56.0,,tomato_cut,1,1.0,30.0,56.0,49.24999999999119,,,1,1.0,30.0
1941,0,1,,0,2,None_cut,4.0,3,0,3,None_cut,4.0,3,2,2,tomato,2,3,plate,2,4,plate,2,5,plate,4,0,tomato,5,0,tomato,6,0,plate,6,3,,6,4,,7,1,plate,7,3,,7,4,,2,24.0,56.0,,tomato_cut,1,1.0,30.0,56.0,47.999999999990905,,,1,1.0,30.0
1942,0,1,,0,2,None_cut,4.0,3,0,3,None_cut,4.0,3,2,2,tomato,2,3,plate,2,4,plate,2,5,plate,4,0,tomato,5,0,tomato,6,0,plate,6,3,,6,4,,7,1,plate,7,3,,7,4,,2,24.0,56.0,,tomato_cut,1,1.0,30.0,56.0,46.74999999999062,,,1,1.0,30.0
1943,0,1,,0,2,None_cut,4.0,3,0,3,None_cut,4.0,3,2,2,tomato,2,3,plate,2,4,plate,2,5,plate,4,0,tomato,5,0,tomato,6,0,plate,6,3,,6,4,,7,1,plate,7,3,,7,4,,2,24.0,56.0,,tomato_cut,1,1.0,30.0,56.0,45.49999999999034,,,1,1.0,30.0
1944,0,1,,0,2,None_cut,4.0,3,0,3,None_cut,4.0,3,2,2,tomato,2,3,plate,2,4,plate,2,5,plate,4,0,tomato,5,0,tomato,6,0,plate,6,3,,6,4,,7,1,plate,7,3,,7,4,,2,24.0,56.0,,tomato_cut,1,1.0,30.0,56.0,44.24999999999005,,,1,1.0,30.0
1945,0,1,,0,2,None_cut,4.0,3,0,3,None_cut,4.0,3,2,2,tomato,2,3,plate,2,4,plate,2,5,plate,4,0,tomato,5,0,tomato,6,0,plate,6,3,,6,4,,7,1,plate,7,3,,7,4,,2,24.0,56.0,,tomato_cut,1,1.0,30.0,56.0,42.99999999998977,,,1,1.0,30.0
1946,0,1,,0,2,None_cut,4.0,3,0,3,None_cut,4.0,3,2,2,tomato,2,3,plate,2,4,plate,2,5,plate,4,0,tomato,5,0,tomato,6,0,plate,6,3,,6,4,,7,1,plate,7,3,,7,4,,2,24.0,56.0,,tomato_cut,1,1.0,30.0,56.0,41.749999999989484,,,1,1.0,30.0
1947,0,1,,0,2,None_cut,4.0,3,0,3,None_cut,4.0,3,2,2,tomato,2,3,plate,2,4,plate,2,5,plate,4,0,tomato,5,0,tomato,6,0,plate,6,3,,6,4,,7,1,plate,7,3,,7,4,,2,24.0,56.0,,tomato_cut,1,1.0,30.0,56.0,40.4999999999892,,,1,1.0,30.0
1948,0,1,,0,2,None_cut,4.0,3,0,3,None_cut,4.0,3,2,2,tomato,2,3,plate,2,4,plate,2,5,plate,4,0,tomato,5,0,tomato,6,0,plate,6,3,,6,4,,7,1,plate,7,3,,7,4,,2,24.0,56.0,,tomato_cut,1,1.0,30.0,56.66756619610814,39.52408922643008,,,1,1.0,30.0
1949,0,1,,0,2,None_cut,4.0,3,0,3,None_cut,4.0,3,2,2,tomato,2,3,plate,2,4,plate,2,5,plate,4,0,tomato,5,0,tomato,6,0,plate,6,3,,6,4,,7,1,plate,7,3,,7,4,,2,24.0,56.0,,tomato_cut,1,1.0,30.0,57.54594276993464,38.634732945431324,,,1,1.0,30.0
1950,0,1,,0,2,None_cut,4.0,3,0,3,None_cut,4.0,3,2,2,tomato,2,3,plate,2,4,plate,2,5,plate,4,0,tomato,5,0,tomato,6,0,plate,6,3,,6,4,,7,1,plate,7,3,,7,4,,2,24.0,56.0,,tomato_cut,1,1.0,30.0,58.42431934376114,37.74537666443257,,,1,1.0,30.0
1951,0,1,,0,2,None_cut,4.0,3,0,3,None_cut,4.0,3,2,2,tomato,2,3,plate,2,4,plate,2,5,plate,4,0,tomato,5,0,tomato,6,0,plate,6,3,,6,4,,7,1,plate,7,3,,7,4,,2,24.0,56.0,,tomato_cut,1,1.0,30.0,59.30269591758764,36.856020383433815,,,1,1.0,30.0
1952,0,1,,0,2,None_cut,4.0,3,0,3,None_cut,4.0,3,2,2,tomato,2,3,plate,2,4,plate,2,5,plate,4,0,tomato,5,0,tomato,6,0,plate,6,3,,6,4,,7,1,plate,7,3,,7,4,,2,24.0,56.0,,tomato_cut,1,1.0,30.0,60.18107249141414,35.96666410243506,,,1,1.0,30.0
1953,0,1,,0,2,None_cut,4.0,3,0,3,None_cut,4.0,3,2,2,tomato,2,3,plate,2,4,plate,2,5,plate,4,0,tomato,5,0,tomato,6,0,plate,6,3,,6,4,,7,1,plate,7,3,,7,4,,2,24.0,56.0,,tomato_cut,1,1.0,30.0,61.05944906524064,35.07730782143631,,,1,1.0,30.0
1954,0,1,,0,2,None_cut,4.0,3,0,3,None_cut,4.0,3,2,2,tomato,2,3,plate,2,4,plate,2,5,plate,4,0,tomato,5,0,tomato,6,0,plate,6,3,,6,4,,7,1,plate,7,3,,7,4,,2,24.0,56.0,,tomato_cut,1,1.0,30.0,61.93782563906714,34.18795154043755,,,1,1.0,30.0
1955,0,1,,0,2,None_cut,4.0,3,0,3,None_cut,4.0,3,2,2,tomato,2,3,plate,2,4,plate,2,5,plate,4,0,tomato,5,0,tomato,6,0,plate,6,3,,6,4,,7,1,plate,7,3,,7,4,,2,24.0,56.0,,tomato_cut,1,1.0,30.0,62.81620221289364,33.2985952594388,,,1,1.0,30.0
1956,0,1,,0,2,None_cut,4.0,3,0,3,None_cut,4.0,3,2,2,tomato,2,3,plate,2,4,plate,2,5,plate,4,0,tomato,5,0,tomato,6,0,plate,6,3,,6,4,,7,1,plate,7,3,,7,4,,2,24.0,56.0,,tomato_cut,1,1.0,30.0,63.69457878672014,32.409238978440044,,,1,1.0,30.0
1957,0,1,,0,2,None_cut,4.0,3,0,3,None_cut,4.0,3,2,2,tomato,2,3,plate,2,4,plate,2,5,plate,4,0,tomato,5,0,tomato,6,0,plate,6,3,,6,4,,7,1,plate,7,3,,7,4,,2,24.0,56.0,,tomato_cut,1,1.0,30.0,64.57295536054711,31.519882697441098,,,1,1.0,30.0
1958,0,1,,0,2,None_cut,4.0,3,0,3,None_cut,4.0,3,2,2,tomato,2,3,tomato_salad,2,4,plate,2,5,plate,4,0,tomato,5,0,tomato,6,0,plate,6,3,,6,4,,7,1,plate,7,3,,7,4,,2,24.0,56.0,,,1,1.0,30.0,65.45133193437432,30.630526416441988,,,1,1.0,30.0
1959,0,1,,0,2,None_cut,4.0,3,0,3,None_cut,4.0,3,2,2,tomato,2,3,tomato_salad,2,4,plate,2,5,plate,4,0,tomato,5,0,tomato,6,0,plate,6,3,,6,4,,7,1,plate,7,3,,7,4,,2,24.0,56.0,,,1,1.0,30.0,66.32970850820153,29.74117013544288,,,1,1.0,30.0
1960,0,1,,0,2,None_cut,4.0,3,0,3,None_cut,4.0,3,2,2,tomato,2,3,tomato_salad,2,4,plate,2,5,plate,4,0,tomato,5,0,tomato,6,0,plate,6,3,,6,4,,7,1,plate,7,3,,7,4,,2,24.0,56.0,,,1,1.0,30.0,67.20808508202875,28.85181385444377,,,1,1.0,30.0
1961,0,1,,0,2,None_cut,4.0,3,0,3,None_cut,4.0,3,2,2,tomato,2,3,tomato_salad,2,4,plate,2,5,plate,4,0,tomato,5,0,tomato,6,0,plate,6,3,,6,4,,7,1,plate,7,3,,7,4,,2,24.0,56.0,,,1,1.0,30.0,68.08646165585596,27.96245757344466,,,1,1.0,30.0
1962,0,1,,0,2,None_cut,4.0,3,0,3,None_cut,4.0,3,2,2,tomato,2,3,tomato_salad,2,4,plate,2,5,plate,4,0,tomato,5,0,tomato,6,0,plate,6,3,,6,4,,7,1,plate,7,3,,7,4,,2,24.0,56.0,,,1,1.0,30.0,68.96483822968314,27.07310129244555,,,1,1.0,30.0
1963,0,1,,0,2,None_cut,4.0,3,0,3,None_cut,4.0,3,2,2,tomato,2,3,tomato_salad,2,4,plate,2,5,plate,4,0,tomato,5,0,tomato,6,0,plate,6,3,,6,4,,7,1,plate,7,3,,7,4,,2,24.0,56.0,,,1,1.0,30.0,69.8432148035095,26.18374501144644,,,1,1.0,30.0
1964,0,1,,0,2,None_cut,4.0,3,0,3,None_cut,4.0,3,2,2,tomato,2,3,tomato_salad,2,4,plate,2,5,plate,4,0,tomato,5,0,tomato,6,0,plate,6,3,,6,4,,7,1,plate,7,3,,7,4,,2,24.0,56.0,,,1,1.0,30.0,70.72159137733586,25.29438873044733,,,1,1.0,30.0
1965,0,1,,0,2,None_cut,4.0,3,0,3,None_cut,4.0,3,2,2,tomato,2,3,tomato_salad,2,4,plate,2,5,plate,4,0,tomato,5,0,tomato,6,0,plate,6,3,,6,4,,7,1,plate,7,3,,7,4,,2,24.0,56.0,,,1,1.0,30.0,71.59996795116221,24.40503244944822,,,1,1.0,30.0
1966,0,1,,0,2,None_cut,4.0,3,0,3,None_cut,4.0,3,2,2,tomato,2,3,tomato_salad,2,4,plate,2,5,plate,4,0,tomato,5,0,tomato,6,0,plate,6,3,,6,4,,7,1,plate,7,3,,7,4,,2,24.0,56.0,,,1,1.0,30.0,72.0,24.0,,,1,1.0,30.0
1967,0,1,,0,2,None_cut,4.0,3,0,3,None_cut,4.0,3,2,2,tomato,2,3,tomato_salad,2,4,plate,2,5,plate,4,0,tomato,5,0,tomato,6,0,plate,6,3,,6,4,,7,1,plate,7,3,,7,4,,2,24.0,56.0,,,1,1.0,30.0,72.0,24.0,,tomato,1,1.0,30.0
1968,0,1,,0,2,None_cut,4.0,3,0,3,None_cut,4.0,3,2,2,tomato,2,3,tomato_salad,2,4,plate,2,5,plate,4,0,tomato,5,0,tomato,6,0,plate,6,3,,6,4,,7,1,plate,7,3,,7,4,,2,24.0,56.0,,,1,1.0,30.0,72.0,24.0,,tomato,1,1.0,30.0
1969,0,1,,0,2,None_cut,4.0,3,0,3,None_cut,4.0,3,2,2,tomato,2,3,tomato_salad,2,4,plate,2,5,plate,4,0,tomato,5,0,tomato,6,0,plate,6,3,,6,4,,7,1,plate,7,3,,7,4,,2,24.0,56.0,,,1,1.0,30.0,72.0,24.0,,tomato,1,1.0,30.0
1970,0,1,,0,2,None_cut,4.0,3,0,3,None_cut,4.0,3,2,2,tomato,2,3,tomato_salad,2,4,plate,2,5,plate,4,0,tomato,5,0,tomato,6,0,plate,6,3,,6,4,,7,1,plate,7,3,,7,4,,2,24.0,56.0,,,1,1.0,30.0,72.0,24.0,,tomato,1,1.0,30.0
1971,0,1,,0,2,None_cut,4.0,3,0,3,None_cut,4.0,3,2,2,tomato,2,3,tomato_salad,2,4,plate,2,5,plate,4,0,tomato,5,0,tomato,6,0,plate,6,3,,6,4,,7,1,plate,7,3,,7,4,,2,24.0,56.0,,,1,1.0,30.0,72.0,24.0,,tomato,1,1.0,30.0
1972,0,1,,0,2,None_cut,4.0,3,0,3,None_cut,4.0,3,2,2,tomato,2,3,tomato_salad,2,4,plate,2,5,plate,4,0,tomato,5,0,tomato,6,0,plate,6,3,,6,4,,7,1,plate,7,3,,7,4,,2,24.0,56.0,,,1,1.0,30.0,72.0,24.0,,tomato,1,1.0,30.0
1973,0,1,,0,2,None_cut,4.0,3,0,3,None_cut,4.0,3,2,2,tomato,2,3,tomato_salad,2,4,plate,2,5,plate,4,0,tomato,5,0,tomato,6,0,plate,6,3,,6,4,,7,1,plate,7,3,,7,4,,2,24.0,56.0,,,1,1.0,30.0,72.0,24.0,,tomato,1,1.0,30.0
1974,0,1,,0,2,None_cut,4.0,3,0,3,None_cut,4.0,3,2,2,tomato,2,3,tomato_salad,2,4,plate,2,5,plate,4,0,tomato,5,0,tomato,6,0,plate,6,3,,6,4,,7,1,plate,7,3,,7,4,,2,24.0,56.0,,,1,1.0,30.0,72.0,24.0,,tomato,1,1.0,30.0
1975,0,1,,0,2,None_cut,4.0,3,0,3,None_cut,4.0,3,2,2,tomato,2,3,tomato_salad,2,4,plate,2,5,plate,4,0,tomato,5,0,tomato,6,0,plate,6,3,,6,4,,7,1,plate,7,3,,7,4,,2,24.0,56.0,,,1,1.0,30.0,72.0,24.0,,tomato,1,1.0,30.0
1976,0,1,,0,2,None_cut,4.0,3,0,3,None_cut,4.0,3,2,2,tomato,2,3,tomato_salad,2,4,plate,2,5,plate,4,0,tomato,5,0,tomato,6,0,plate,6,3,,6,4,,7,1,plate,7,3,,7,4,,2,24.0,56.0,,,1,1.0,30.0,72.0,24.0,,tomato,1,1.0,30.0
1977,0,1,,0,2,None_cut,4.0,3,0,3,None_cut,4.0,3,2,2,tomato,2,3,tomato_salad,2,4,plate,2,5,plate,4,0,tomato,5,0,tomato,6,0,plate,6,3,,6,4,,7,1,plate,7,3,,7,4,,2,24.0,56.0,,,1,1.0,30.0,72.0,24.0,,tomato,1,1.0,30.0
1978,0,1,,0,2,None_cut,4.0,3,0,3,None_cut,4.0,3,2,2,tomato,2,3,tomato_salad,2,4,plate,2,5,plate,4,0,tomato,5,0,tomato,6,0,plate,6,3,,6,4,,7,1,plate,7,3,,7,4,,2,24.0,56.0,,,1,1.0,30.0,72.0,24.0,,tomato,1,1.0,30.0
1979,0,1,,0,2,None_cut,4.0,3,0,3,None_cut,4.0,3,2,2,tomato,2,3,tomato_salad,2,4,plate,2,5,plate,4,0,tomato,5,0,tomato,6,0,plate,6,3,,6,4,,7,1,plate,7,3,,7,4,,2,24.0,56.0,,,1,1.0,30.0,72.0,24.0,,tomato,1,1.0,30.0
1980,0,1,,0,2,None_cut,4.0,3,0,3,None_cut,4.0,3,2,2,tomato,2,3,tomato_salad,2,4,plate,2,5,plate,4,0,tomato,5,0,tomato,6,0,plate,6,3,,6,4,,7,1,plate,7,3,,7,4,,2,24.0,56.0,,,1,1.0,30.0,72.0,24.0,,tomato,1,1.0,30.0
1981,0,1,,0,2,None_cut,4.0,3,0,3,None_cut,4.0,3,2,2,tomato,2,3,tomato_salad,2,4,plate,2,5,plate,4,0,tomato,5,0,tomato,6,0,plate,6,3,,6,4,,7,1,plate,7,3,,7,4,,2,24.0,56.0,,,1,1.0,30.0,72.0,24.0,,tomato,1,1.0,30.0
1982,0,1,,0,2,None_cut,4.0,3,0,3,None_cut,4.0,3,2,2,tomato,2,3,tomato_salad,2,4,plate,2,5,plate,4,0,tomato,5,0,tomato,6,0,plate,6,3,,6,4,,7,1,plate,7,3,,7,4,,2,24.0,56.0,,,1,1.0,30.0,72.0,25.24999999999993,,tomato,1,1.0,30.0
1983,0,1,,0,2,None_cut,4.0,3,0,3,None_cut,4.0,3,2,2,tomato,2,3,tomato_salad,2,4,plate,2,5,plate,4,0,tomato,5,0,tomato,6,0,plate,6,3,,6,4,,7,1,plate,7,3,,7,4,,2,24.0,56.0,,,1,1.0,30.0,72.0,26.499999999999858,,tomato,1,1.0,30.0
1984,0,1,,0,2,None_cut,4.0,3,0,3,None_cut,4.0,3,2,2,tomato,2,3,tomato_salad,2,4,plate,2,5,plate,4,0,tomato,5,0,tomato,6,0,plate,6,3,,6,4,,7,1,plate,7,3,,7,4,,2,24.0,56.0,,,1,1.0,30.0,72.0,27.749999999999787,,tomato,1,1.0,30.0
1985,0,1,,0,2,None_cut,4.0,3,0,3,None_cut,4.0,3,2,2,tomato,2,3,tomato_salad,2,4,plate,2,5,plate,4,0,tomato,5,0,tomato,6,0,plate,6,3,,6,4,,7,1,plate,7,3,,7,4,,2,24.0,56.0,,,1,1.0,30.0,72.0,28.999999999999716,,tomato,1,1.0,30.0
1986,0,1,,0,2,None_cut,4.0,3,0,3,None_cut,4.0,3,2,2,tomato,2,3,tomato_salad,2,4,plate,2,5,plate,4,0,tomato,5,0,tomato,6,0,plate,6,3,,6,4,,7,1,plate,7,3,,7,4,,2,24.0,56.0,,,1,1.0,30.0,72.0,30.249999999999645,,tomato,1,1.0,30.0
1987,0,1,,0,2,None_cut,4.0,3,0,3,None_cut,4.0,3,2,2,tomato,2,3,tomato_salad,2,4,plate,2,5,plate,4,0,tomato,5,0,tomato,6,0,plate,6,3,,6,4,,7,1,plate,7,3,,7,4,,2,24.0,56.0,,,1,1.0,30.0,72.0,31.499999999999574,,tomato,1,1.0,30.0
1988,0,1,,0,2,None_cut,4.0,3,0,3,None_cut,4.0,3,2,2,tomato,2,3,tomato_salad,2,4,plate,2,5,plate,4,0,tomato,5,0,tomato,6,0,plate,6,3,,6,4,,7,1,plate,7,3,,7,4,,2,24.0,56.0,,,1,1.0,30.0,72.0,32.749999999999716,,tomato,1,1.0,30.0
1989,0,1,,0,2,None_cut,4.0,3,0,3,None_cut,4.0,3,2,2,tomato,2,3,tomato_salad,2,4,plate,2,5,plate,4,0,tomato,5,0,tomato,6,0,plate,6,3,,6,4,,7,1,plate,7,3,,7,4,,2,24.0,56.0,,,1,1.0,30.0,72.0,34.0,,tomato,1,1.0,30.0
1990,0,1,,0,2,None_cut,4.0,3,0,3,None_cut,4.0,3,2,2,tomato,2,3,tomato_salad,2,4,plate,2,5,plate,4,0,tomato,5,0,tomato,6,0,plate,6,3,,6,4,,7,1,plate,7,3,,7,4,,2,24.0,56.0,,,1,1.0,30.0,72.0,35.250000000000284,,tomato,1,1.0,30.0
1991,0,1,,0,2,None_cut,4.0,3,0,3,None_cut,4.0,3,2,2,tomato,2,3,tomato_salad,2,4,plate,2,5,plate,4,0,tomato,5,0,tomato,6,0,plate,6,3,,6,4,,7,1,plate,7,3,,7,4,,2,24.0,56.0,,,1,1.0,30.0,72.0,36.50000000000057,,tomato,1,1.0,30.0
1992,0,1,,0,2,None_cut,4.0,3,0,3,None_cut,4.0,3,2,2,tomato,2,3,tomato_salad,2,4,plate,2,5,plate,4,0,tomato,5,0,tomato,6,0,plate,6,3,,6,4,,7,1,plate,7,3,,7,4,,2,24.0,56.0,,,1,1.0,30.0,72.0,37.75000000000085,,tomato,1,1.0,30.0
1993,0,1,,0,2,None_cut,4.0,3,0,3,None_cut,4.0,3,2,2,tomato,2,3,tomato_salad,2,4,plate,2,5,plate,4,0,tomato,5,0,tomato,6,0,plate,6,3,,6,4,,7,1,plate,7,3,,7,4,,2,24.0,56.0,,,1,1.0,30.0,72.0,39.00000000000114,,tomato,1,1.0,30.0
1994,0,1,,0,2,None_cut,4.0,3,0,3,None_cut,4.0,3,2,2,tomato,2,3,tomato_salad,2,4,plate,2,5,plate,4,0,tomato,5,0,tomato,6,0,plate,6,3,,6,4,,7,1,plate,7,3,,7,4,,2,24.0,56.0,,,1,1.0,30.0,71.68378443342253,40.120168261161126,,tomato,1,1.0,30.0
1995,0,1,,0,2,None_cut,4.0,3,0,3,None_cut,4.0,3,2,2,tomato,2,3,tomato_salad,2,4,plate,2,5,plate,4,0,tomato,5,0,tomato,6,0,plate,6,3,,6,4,,7,1,plate,7,3,,7,4,,2,24.0,56.0,,,1,1.0,30.0,70.80540785959582,41.00952454216059,,tomato,1,1.0,30.0
1996,0,1,,0,2,None_cut,4.0,3,0,3,None_cut,4.0,3,2,2,tomato,2,3,,2,4,plate,2,5,plate,4,0,tomato,5,0,tomato,6,0,plate,6,3,,6,4,,7,1,plate,7,3,,7,4,,2,24.0,56.0,,tomato_salad,1,1.0,30.0,69.92703128576912,41.898880823160056,,tomato,1,1.0,30.0
1997,0,1,,0,2,None_cut,4.0,3,0,3,None_cut,4.0,3,2,2,tomato,2,3,,2,4,plate,2,5,plate,4,0,tomato,5,0,tomato,6,0,plate,6,3,,6,4,,7,1,plate,7,3,,7,4,,2,24.0,56.0,,tomato_salad,1,1.0,30.0,69.0486547119424,42.78823710415952,,tomato,1,1.0,30.0
1998,0,1,,0,2,None_cut,4.0,3,0,3,None_cut,4.0,3,2,2,tomato,2,3,,2,4,plate,2,5,plate,4,0,tomato,5,0,tomato,6,0,plate,6,3,,6,4,,7,1,plate,7,3,,7,4,,2,24.0,56.0,,tomato_salad,1,1.0,30.0,68.17027813811569,43.677593385158985,,tomato,1,1.0,30.0
1999,0,1,,0,2,None_cut,4.0,3,0,3,None_cut,4.0,3,2,2,tomato,2,3,,2,4,plate,2,5,plate,4,0,tomato,5,0,tomato,6,0,plate,6,3,,6,4,,7,1,plate,7,3,,7,4,,2,24.0,56.0,,tomato_salad,1,1.0,30.0,67.29190156428898,44.56694966615845,,tomato,1,1.0,30.0
2000,0,1,,0,2,None_cut,4.0,3,0,3,None_cut,4.0,3,2,2,tomato,2,3,,2,4,plate,2,5,plate,4,0,tomato,5,0,tomato,6,0,plate,6,3,,6,4,,7,1,plate,7,3,,7,4,,2,24.0,56.0,,tomato_salad,1,1.0,30.0,66.41352499046226,45.456305947157915,,tomato,1,1.0,30.0
2001,0,1,,0,2,None_cut,4.0,3,0,3,None_cut,4.0,3,2,2,tomato,2,3,,2,4,plate,2,5,plate,4,0,tomato,5,0,tomato,6,0,plate,6,3,,6,4,,7,1,plate,7,3,,7,4,,2,24.0,56.0,,tomato_salad,1,1.0,30.0,65.53514841663555,46.34566222815738,,tomato,1,1.0,30.0
2002,0,1,,0,2,None_cut,4.0,3,0,3,None_cut,4.0,3,2,2,tomato,2,3,,2,4,plate,2,5,plate,4,0,tomato,5,0,tomato,6,0,plate,6,3,,6,4,,7,1,plate,7,3,,7,4,,2,24.0,56.0,,tomato_salad,1,1.0,30.0,64.65677184280884,47.235018509156845,,tomato,1,1.0,30.0
2003,0,1,,0,2,None_cut,4.0,3,0,3,None_cut,4.0,3,2,2,tomato,2,3,,2,4,plate,2,5,plate,4,0,tomato,5,0,tomato,6,0,plate,6,3,,6,4,,7,1,plate,7,3,,7,4,,2,24.0,56.0,,tomato_salad,1,1.0,30.0,63.77839526898218,48.12437479015631,,tomato,1,1.0,30.0
2004,0,1,,0,2,None_cut,4.0,3,0,3,None_cut,4.0,3,2,2,tomato,2,3,,2,4,plate,2,5,plate,4,0,tomato,5,0,tomato,6,0,plate,6,3,,6,4,,7,1,plate,7,3,,7,4,,2,24.0,56.0,,tomato_salad,1,1.0,30.0,62.90001869515568,49.013731071155775,,tomato,1,1.0,30.0
2005,0,1,,0,2,None_cut,4.0,3,0,3,None_cut,4.0,3,2,2,tomato,2,3,,2,4,plate,2,5,plate,4,0,tomato,5,0,tomato,6,0,plate,6,3,,6,4,,7,1,plate,7,3,,7,4,,2,24.0,56.0,,tomato_salad,1,1.0,30.0,62.02164212132918,49.90308735215524,,tomato,1,1.0,30.0
2006,0,1,,0,2,None_cut,4.0,3,0,3,None_cut,4.0,3,2,2,tomato,2,3,,2,4,plate,2,5,plate,4,0,tomato,5,0,tomato,6,0,plate,6,3,,6,4,,7,1,plate,7,3,,7,4,,2,24.0,56.0,,tomato_salad,1,1.0,30.0,61.14326554750268,50.792443633154704,,tomato,1,1.0,30.0
2007,0,1,,0,2,None_cut,4.0,3,0,3,None_cut,4.0,3,2,2,tomato,2,3,,2,4,plate,2,5,plate,4,0,tomato,5,0,tomato,6,0,plate,6,3,,6,4,,7,1,plate,7,3,,7,4,,2,24.0,56.0,,tomato_salad,1,1.0,30.0,60.26488897367618,51.68179991415417,,tomato,1,1.0,30.0
2008,0,1,,0,2,None_cut,4.0,3,0,3,None_cut,4.0,3,2,2,tomato,2,3,,2,4,plate,2,5,plate,4,0,tomato,5,0,tomato,6,0,plate,6,3,,6,4,,7,1,plate,7,3,,7,4,,2,24.0,56.0,,tomato_salad,1,1.0,30.0,59.38651239984968,52.57115619515362,,tomato,1,1.0,30.0
2009,0,1,,0,2,None_cut,4.0,3,0,3,None_cut,4.0,3,2,2,tomato,2,3,,2,4,plate,2,5,plate,4,0,tomato,5,0,tomato,6,0,plate,6,3,,6,4,,7,1,plate,7,3,,7,4,,2,24.0,56.0,,tomato_salad,1,1.0,30.0,58.50813582602318,53.46051247615258,,tomato,1,1.0,30.0
2010,0,1,,0,2,None_cut,4.0,3,0,3,None_cut,4.0,3,2,2,tomato,2,3,,2,4,plate,2,5,plate,4,0,tomato,5,0,tomato,6,0,plate,6,3,,6,4,,7,1,plate,7,3,,7,4,,2,24.0,56.0,,tomato_salad,1,1.0,30.0,57.62975925219668,54.34986875715155,,tomato,1,1.0,30.0
2011,0,1,,0,2,None_cut,4.0,3,0,3,None_cut,4.0,3,2,2,tomato,2,3,,2,4,plate,2,5,plate,4,0,tomato,5,0,tomato,6,0,plate,6,3,,6,4,,7,1,plate,7,3,,7,4,,2,24.0,56.0,,tomato_salad,1,1.0,30.0,56.75138267837018,55.23922503815051,,tomato,1,1.0,30.0
2012,0,1,,0,2,None_cut,4.0,3,0,3,None_cut,4.0,3,2,2,tomato,2,3,,2,4,plate,2,5,plate,4,0,tomato,5,0,tomato,6,0,plate,6,3,,6,4,,7,1,plate,7,3,,7,4,,2,24.0,56.0,,tomato_salad,1,1.0,30.0,56.0,56.0,,tomato,1,1.0,30.0
2013,0,1,,0,2,None_cut,4.0,3,0,3,None_cut,4.0,3,2,2,tomato,2,3,tomato,2,4,plate,2,5,plate,4,0,tomato,5,0,tomato,6,0,plate,6,3,,6,4,,7,1,plate,7,3,,7,4,,2,24.0,56.0,,tomato_salad,1,1.0,30.0,56.0,56.0,,,1,1.0,30.0
2014,0,1,,0,2,None_cut,4.0,3,0,3,None_cut,4.0,3,2,2,tomato,2,3,tomato,2,4,plate,2,5,plate,4,0,tomato,5,0,tomato,6,0,plate,6,3,,6,4,,7,1,plate,7,3,,7,4,,2,24.0,56.0,,tomato_salad,1,1.0,30.0,56.0,56.0,,,1,1.0,30.0
2015,0,1,,0,2,None_cut,4.0,3,0,3,None_cut,4.0,3,2,2,tomato,2,3,tomato,2,4,plate,2,5,plate,4,0,tomato,5,0,tomato,6,0,plate,6,3,,6,4,,7,1,plate,7,3,,7,4,,2,24.0,56.0,,tomato_salad,1,1.0,30.0,56.0,56.0,,,1,1.0,30.0
2016,0,1,,0,2,None_cut,4.0,3,0,3,None_cut,4.0,3,2,2,tomato,2,3,tomato,2,4,plate,2,5,plate,4,0,tomato,5,0,tomato,6,0,plate,6,3,,6,4,,7,1,plate,7,3,,7,4,,2,24.0,56.0,,tomato_salad,1,1.0,30.0,56.0,56.0,,,1,1.0,30.0
2017,0,1,,0,2,None_cut,4.0,3,0,3,None_cut,4.0,3,2,2,tomato,2,3,tomato,2,4,plate,2,5,plate,4,0,tomato,5,0,tomato,6,0,plate,6,3,,6,4,,7,1,plate,7,3,,7,4,,2,24.0,56.0,,tomato_salad,1,1.0,30.0,56.0,56.0,,,1,1.0,30.0
2018,0,1,,0,2,None_cut,4.0,3,0,3,None_cut,4.0,3,2,2,tomato,2,3,tomato,2,4,plate,2,5,plate,4,0,tomato,5,0,tomato,6,0,plate,6,3,,6,4,,7,1,plate,7,3,,7,4,,2,24.0,56.0,,tomato_salad,1,1.0,30.0,56.0,56.0,,,1,1.0,30.0
2019,0,1,,0,2,None_cut,4.0,3,0,3,None_cut,4.0,3,2,2,tomato,2,3,tomato,2,4,plate,2,5,plate,4,0,tomato,5,0,tomato,6,0,plate,6,3,,6,4,,7,1,plate,7,3,,7,4,,2,24.0,56.0,,tomato_salad,1,1.0,30.0,56.0,56.0,,,1,1.0,30.0
2020,0,1,,0,2,None_cut,4.0,3,0,3,None_cut,4.0,3,2,2,tomato,2,3,tomato,2,4,plate,2,5,plate,4,0,tomato,5,0,tomato,6,0,plate,6,3,,6,4,,7,1,plate,7,3,,7,4,,2,24.0,56.0,,tomato_salad,1,1.0,30.0,56.0,56.0,,,1,1.0,30.0
2021,0,1,,0,2,None_cut,4.0,3,0,3,None_cut,4.0,3,2,2,tomato,2,3,tomato,2,4,plate,2,5,plate,4,0,tomato,5,0,tomato,6,0,plate,6,3,,6,4,,7,1,plate,7,3,,7,4,,2,24.0,56.0,,tomato_salad,1,1.0,30.0,56.0,56.0,,,1,1.0,30.0
2022,0,1,,0,2,None_cut,4.0,3,0,3,None_cut,4.0,3,2,2,tomato,2,3,tomato,2,4,plate,2,5,plate,4,0,tomato,5,0,tomato,6,0,plate,6,3,,6,4,,7,1,plate,7,3,,7,4,,2,24.0,56.0,,tomato_salad,1,1.0,30.0,56.0,56.0,,,1,1.0,30.0
2023,0,1,,0,2,None_cut,4.0,3,0,3,None_cut,4.0,3,2,2,tomato,2,3,tomato,2,4,plate,2,5,plate,4,0,tomato,5,0,tomato,6,0,plate,6,3,,6,4,,7,1,plate,7,3,,7,4,,2,24.0,56.0,,tomato_salad,1,1.0,30.0,56.0,56.0,,,1,1.0,30.0
2024,0,1,,0,2,None_cut,4.0,3,0,3,None_cut,4.0,3,2,2,tomato,2,3,tomato,2,4,plate,2,5,plate,4,0,tomato,5,0,tomato,6,0,plate,6,3,,6,4,,7,1,plate,7,3,,7,4,,2,24.0,56.0,,tomato_salad,1,1.0,30.0,56.0,56.0,,,1,1.0,30.0
2025,0,1,,0,2,None_cut,4.0,3,0,3,None_cut,4.0,3,2,2,tomato,2,3,tomato,2,4,plate,2,5,plate,4,0,tomato,5,0,tomato,6,0,plate,6,3,,6,4,,7,1,plate,7,3,,7,4,,2,24.0,56.0,,tomato_salad,1,1.0,30.0,56.0,56.0,,,1,1.0,30.0
2026,0,1,,0,2,None_cut,4.0,3,0,3,None_cut,4.0,3,2,2,tomato,2,3,tomato,2,4,plate,2,5,plate,4,0,tomato,5,0,tomato,6,0,plate,6,3,,6,4,,7,1,plate,7,3,,7,4,,2,24.0,56.0,,tomato_salad,1,1.0,30.0,56.0,56.0,,,1,1.0,30.0
2027,0,1,,0,2,None_cut,4.0,3,0,3,None_cut,4.0,3,2,2,tomato,2,3,tomato,2,4,plate,2,5,plate,4,0,tomato,5,0,tomato,6,0,plate,6,3,,6,4,,7,1,plate,7,3,,7,4,,2,24.0,57.250000000000284,,tomato_salad,1,1.0,30.0,56.0,56.0,,,1,1.0,30.0
2028,0,1,,0,2,None_cut,4.0,3,0,3,None_cut,4.0,3,2,2,tomato,2,3,tomato,2,4,plate,2,5,plate,4,0,tomato,5,0,tomato,6,0,plate,6,3,,6,4,,7,1,plate,7,3,,7,4,,2,24.0,58.50000000000057,,tomato_salad,1,1.0,30.0,56.0,56.0,,,1,1.0,30.0
2029,0,1,,0,2,None_cut,4.0,3,0,3,None_cut,4.0,3,2,2,tomato,2,3,tomato,2,4,plate,2,5,plate,4,0,tomato,5,0,tomato,6,0,plate,6,3,,6,4,,7,1,plate,7,3,,7,4,,2,24.0,59.75000000000085,,tomato_salad,1,1.0,30.0,56.0,56.0,,,1,1.0,30.0
2030,0,1,,0,2,None_cut,4.0,3,0,3,None_cut,4.0,3,2,2,tomato,2,3,tomato,2,4,plate,2,5,plate,4,0,tomato,5,0,tomato,6,0,plate,6,3,,6,4,,7,1,plate,7,3,,7,4,,2,24.0,61.00000000000114,,tomato_salad,1,1.0,30.0,56.0,56.0,,,1,1.0,30.0
2031,0,1,,0,2,None_cut,4.0,3,0,3,None_cut,4.0,3,2,2,tomato,2,3,tomato,2,4,plate,2,5,plate,4,0,tomato,5,0,tomato,6,0,plate,6,3,,6,4,,7,1,plate,7,3,,7,4,,2,24.0,62.25000000000142,,tomato_salad,1,1.0,30.0,56.0,56.0,,,1,1.0,30.0
2032,0,1,,0,2,None_cut,4.0,3,0,3,None_cut,4.0,3,2,2,tomato,2,3,tomato,2,4,plate,2,5,plate,4,0,tomato,5,0,tomato,6,0,plate,6,3,,6,4,,7,1,plate,7,3,,7,4,,2,24.0,63.500000000001705,,tomato_salad,1,1.0,30.0,56.0,56.0,,,1,1.0,30.0
2033,0,1,,0,2,None_cut,4.0,3,0,3,None_cut,4.0,3,2,2,tomato,2,3,tomato,2,4,plate,2,5,plate,4,0,tomato,5,0,tomato,6,0,plate,6,3,,6,4,,7,1,plate,7,3,,7,4,,2,24.0,64.75000000000199,,tomato_salad,1,1.0,30.0,56.0,56.0,,,1,1.0,30.0
2034,0,1,,0,2,None_cut,4.0,3,0,3,None_cut,4.0,3,2,2,tomato,2,3,tomato,2,4,plate,2,5,plate,4,0,tomato,5,0,tomato,6,0,plate,6,3,,6,4,,7,1,plate,7,3,,7,4,,2,24.0,66.00000000000227,,tomato_salad,1,1.0,30.0,56.0,56.0,,,1,1.0,30.0
2035,0,1,,0,2,None_cut,4.0,3,0,3,None_cut,4.0,3,2,2,tomato,2,3,tomato,2,4,plate,2,5,plate,4,0,tomato,5,0,tomato,6,0,plate,6,3,,6,4,,7,1,plate,7,3,,7,4,,2,24.0,67.25000000000256,,tomato_salad,1,1.0,30.0,56.0,56.0,,,1,1.0,30.0
2036,0,1,,0,2,None_cut,4.0,3,0,3,None_cut,4.0,3,2,2,tomato,2,3,tomato,2,4,plate,2,5,plate,4,0,tomato,5,0,tomato,6,0,plate,6,3,,6,4,,7,1,plate,7,3,,7,4,,2,24.0,68.50000000000284,,tomato_salad,1,1.0,30.0,56.0,56.0,,,1,1.0,30.0
2037,0,1,,0,2,None_cut,4.0,3,0,3,None_cut,4.0,3,2,2,tomato,2,3,tomato,2,4,plate,2,5,plate,4,0,tomato,5,0,tomato,6,0,plate,6,3,,6,4,,7,1,plate,7,3,,7,4,,2,24.0,69.75000000000313,,tomato_salad,1,1.0,30.0,56.0,56.0,,,1,1.0,30.0
2038,0,1,,0,2,None_cut,4.0,3,0,3,None_cut,4.0,3,2,2,tomato,2,3,tomato,2,4,plate,2,5,plate,4,0,tomato,5,0,tomato,6,0,plate,6,3,,6,4,,7,1,plate,7,3,,7,4,,2,24.0,71.00000000000341,,tomato_salad,1,1.0,30.0,56.0,56.0,,,1,1.0,30.0
2039,0,1,,0,2,None_cut,4.0,3,0,3,None_cut,4.0,3,2,2,tomato,2,3,tomato,2,4,plate,2,5,plate,4,0,tomato,5,0,tomato,6,0,plate,6,3,,6,4,,7,1,plate,7,3,,7,4,,2,24.0,72.2500000000037,,tomato_salad,1,1.0,30.0,56.0,56.0,,,1,1.0,30.0
2040,0,1,,0,2,None_cut,4.0,3,0,3,None_cut,4.0,3,2,2,tomato,2,3,tomato,2,4,plate,2,5,plate,4,0,tomato,5,0,tomato,6,0,plate,6,3,,6,4,,7,1,plate,7,3,,7,4,,2,24.0,73.50000000000398,,tomato_salad,1,1.0,30.0,56.0,56.0,,,1,1.0,30.0
2041,0,1,,0,2,None_cut,4.0,3,0,3,None_cut,4.0,3,2,2,tomato,2,3,tomato,2,4,plate,2,5,plate,4,0,tomato,5,0,tomato,6,0,plate,6,3,,6,4,,7,1,plate,7,3,,7,4,,2,24.0,74.75000000000426,,tomato_salad,1,1.0,30.0,56.0,56.0,,,1,1.0,30.0
2042,0,1,,0,2,None_cut,4.0,3,0,3,None_cut,4.0,3,2,2,tomato,2,3,tomato,2,4,plate,2,5,plate,4,0,tomato,5,0,tomato,6,0,plate,6,3,,6,4,,7,1,plate,7,3,,7,4,,2,24.0,76.00000000000455,,tomato_salad,1,1.0,30.0,56.0,56.0,,,1,1.0,30.0
2043,0,1,,0,2,None_cut,4.0,3,0,3,None_cut,4.0,3,2,2,tomato,2,3,tomato,2,4,plate,2,5,plate,4,0,tomato,5,0,tomato,6,0,plate,6,3,,6,4,,7,1,plate,7,3,,7,4,,2,24.0,77.25000000000483,,tomato_salad,1,1.0,30.0,56.0,56.0,,,1,1.0,30.0
2044,0,1,,0,2,None_cut,4.0,3,0,3,None_cut,4.0,3,2,2,tomato,2,3,tomato,2,4,plate,2,5,plate,4,0,tomato,5,0,tomato,6,0,plate,6,3,,6,4,,7,1,plate,7,3,,7,4,,2,24.0,78.50000000000512,,tomato_salad,1,1.0,30.0,56.0,56.0,,,1,1.0,30.0
2045,0,1,,0,2,None_cut,4.0,3,0,3,None_cut,4.0,3,2,2,tomato,2,3,tomato,2,4,plate,2,5,plate,4,0,tomato,5,0,tomato,6,0,plate,6,3,,6,4,,7,1,plate,7,3,,7,4,,2,24.0,79.7500000000054,,tomato_salad,1,1.0,30.0,56.0,56.0,,,1,1.0,30.0
2046,0,1,,0,2,None_cut,4.0,3,0,3,None_cut,4.0,3,2,2,tomato,2,3,tomato,2,4,plate,2,5,plate,4,0,tomato,5,0,tomato,6,0,plate,6,3,,6,4,,7,1,plate,7,3,,7,4,,2,24.0,81.00000000000568,,tomato_salad,1,1.0,30.0,56.0,56.0,,,1,1.0,30.0
2047,0,1,,0,2,None_cut,4.0,3,0,3,None_cut,4.0,3,2,2,tomato,2,3,tomato,2,4,plate,2,5,plate,4,0,tomato,5,0,tomato,6,0,plate,6,3,,6,4,,7,1,plate,7,3,,7,4,,2,24.0,82.25000000000597,,tomato_salad,1,1.0,30.0,56.0,56.0,,,1,1.0,30.0
2048,0,1,,0,2,None_cut,4.0,3,0,3,None_cut,4.0,3,2,2,tomato,2,3,tomato,2,4,plate,2,5,plate,4,0,tomato,5,0,tomato,6,0,plate,6,3,,6,4,,7,1,plate,7,3,,7,4,,2,24.0,83.50000000000625,,tomato_salad,1,1.0,30.0,56.0,56.0,,,1,1.0,30.0
2049,0,1,,0,2,None_cut,4.0,3,0,3,None_cut,4.0,3,2,2,tomato,2,3,tomato,2,4,plate,2,5,plate,4,0,tomato,5,0,tomato,6,0,plate,6,3,,6,4,,7,1,plate,7,3,,7,4,,2,24.0,84.75000000000654,,tomato_salad,1,1.0,30.0,56.0,56.0,,,1,1.0,30.0
2050,0,1,,0,2,None_cut,4.0,3,0,3,None_cut,4.0,3,2,2,tomato,2,3,tomato,2,4,plate,2,5,plate,4,0,tomato,5,0,tomato,6,0,plate,6,3,,6,4,,7,1,plate,7,3,,7,4,,2,24.0,86.00000000000682,,tomato_salad,1,1.0,30.0,56.0,56.0,,,1,1.0,30.0
2051,0,1,,0,2,None_cut,4.0,3,0,3,None_cut,4.0,3,2,2,tomato,2,3,tomato,2,4,plate,2,5,plate,4,0,tomato,5,0,tomato,6,0,plate,6,3,,6,4,,7,1,plate,7,3,,7,4,,2,24.0,87.2500000000071,,tomato_salad,1,1.0,30.0,56.0,56.0,,,1,1.0,30.0
2052,0,1,,0,2,None_cut,4.0,3,0,3,None_cut,4.0,3,2,2,tomato,2,3,tomato,2,4,plate,2,5,plate,4,0,tomato,5,0,tomato,6,0,plate,6,3,,6,4,,7,1,plate,7,3,,7,4,,2,24.49189088134284,88.29803951736653,,tomato_salad,1,1.0,30.0,56.0,56.0,,,1,1.0,30.0
2053,0,1,,0,2,None_cut,4.0,3,0,3,None_cut,4.0,3,2,2,tomato,2,3,tomato,2,4,plate,2,5,plate,4,0,tomato,5,0,tomato,6,0,plate,6,3,,6,4,,7,1,plate,7,3,,7,4,,2,25.37026745516934,89.18739579836529,,tomato_salad,1,1.0,30.0,56.0,56.0,,,1,1.0,30.0
2054,0,1,,0,2,None_cut,4.0,3,0,3,None_cut,4.0,3,2,2,tomato,2,3,tomato,2,4,plate,2,5,plate,4,0,tomato,5,0,tomato,6,0,plate,6,3,,6,4,,7,1,plate,7,3,,7,4,,2,26.24864402899584,90.07675207936404,,tomato_salad,1,1.0,30.0,56.0,56.0,,,1,1.0,30.0
2055,0,1,,0,2,None_cut,4.0,3,0,3,None_cut,4.0,3,2,2,tomato,2,3,tomato,2,4,plate,2,5,plate,4,0,tomato,5,0,tomato,6,0,plate,6,3,,6,4,,7,1,plate,7,3,,7,4,,2,27.12702060282234,90.9661083603628,,tomato_salad,1,1.0,30.0,56.0,56.0,,,1,1.0,30.0
2056,0,1,,0,2,None_cut,4.0,3,0,3,None_cut,4.0,3,2,2,tomato,2,3,tomato,2,4,plate,2,5,plate,4,0,tomato,5,0,tomato,6,0,plate,6,3,,6,4,,7,1,plate,7,3,,7,4,,2,28.00539717664884,91.85546464136155,,tomato_salad,1,1.0,30.0,56.0,56.0,,,1,1.0,30.0
2057,0,1,,0,2,None_cut,4.0,3,0,3,None_cut,4.0,3,2,2,tomato,2,3,tomato,2,4,plate,2,5,plate,4,0,tomato,5,0,tomato,6,0,plate,6,3,,6,4,,7,1,plate,7,3,,7,4,,2,28.883773750475342,92.7448209223603,,tomato_salad,1,1.0,30.0,56.0,56.0,,,1,1.0,30.0
2058,0,1,,0,2,None_cut,4.0,3,0,3,None_cut,4.0,3,2,2,tomato,2,3,tomato,2,4,plate,2,5,plate,4,0,tomato,5,0,tomato,6,0,plate,6,3,,6,4,,7,1,plate,7,3,,7,4,,2,29.762150324301842,93.63417720335906,,tomato_salad,1,1.0,30.0,56.0,56.0,,,1,1.0,30.0
2059,0,1,,0,2,None_cut,4.0,3,0,3,None_cut,4.0,3,2,2,tomato,2,3,tomato,2,4,plate,2,5,plate,4,0,tomato,5,0,tomato,6,0,plate,6,3,,6,4,,7,1,plate,7,3,,7,4,,2,30.640526898128343,94.52353348435781,,tomato_salad,1,1.0,30.0,56.0,56.0,,,1,1.0,30.0
2060,0,1,,0,2,None_cut,4.0,3,0,3,None_cut,4.0,3,2,2,tomato,2,3,tomato,2,4,plate,2,5,plate,4,0,tomato,5,0,tomato,6,0,plate,6,3,,6,4,,7,1,plate,7,3,,7,4,,2,31.518903471954843,95.41288976535657,,tomato_salad,1,1.0,30.0,56.0,56.0,,,1,1.0,30.0
2061,0,1,,0,2,None_cut,4.0,3,0,3,None_cut,4.0,3,2,2,tomato,2,3,tomato,2,4,plate,2,5,plate,4,0,tomato,5,0,tomato,6,0,plate,6,3,,6,4,,7,1,plate,7,3,,7,4,,2,32.39728004578134,96.30224604635532,,tomato_salad,1,1.0,30.0,56.0,56.0,,,1,1.0,30.0
2062,0,1,,0,2,None_cut,4.0,3,0,3,None_cut,4.0,3,2,2,tomato,2,3,tomato,2,4,plate,2,5,plate,4,0,tomato,5,0,tomato,6,0,plate,6,3,,6,4,,7,1,plate,7,3,,7,4,,2,33.275656619607844,97.19160232735408,,tomato_salad,1,1.0,30.0,56.0,56.0,,,1,1.0,30.0
2063,0,1,,0,2,None_cut,4.0,3,0,3,None_cut,4.0,3,2,2,tomato,2,3,tomato,2,4,plate,2,5,plate,4,0,tomato,5,0,tomato,6,0,plate,6,3,,6,4,,7,1,plate,7,3,,7,4,,2,34.154033193434344,98.08095860835283,,tomato_salad,1,1.0,30.0,56.0,56.0,,,1,1.0,30.0
2064,0,1,,0,2,None_cut,4.0,3,0,3,None_cut,4.0,3,2,2,tomato,2,3,tomato,2,4,plate,2,5,plate,4,0,tomato,5,0,tomato,6,0,plate,6,3,,6,4,,7,1,plate,7,3,,7,4,,2,35.032409767260845,98.97031488935158,,tomato_salad,1,1.0,30.0,56.0,56.0,,,1,1.0,30.0
2065,0,1,,0,2,None_cut,4.0,3,0,3,None_cut,4.0,3,2,2,tomato,2,3,tomato,2,4,plate,2,5,plate,4,0,tomato,5,0,tomato,6,0,plate,6,3,,6,4,,7,1,plate,7,3,,7,4,,2,35.910786341087345,99.85967117035034,,tomato_salad,1,1.0,30.0,56.0,56.0,,,1,1.0,30.0
2066,0,1,,0,2,None_cut,4.0,3,0,3,None_cut,4.0,3,2,2,tomato,2,3,tomato,2,4,plate,2,5,plate,4,0,tomato,5,0,tomato,6,0,plate,6,3,,6,4,,7,1,plate,7,3,,7,4,,2,36.789162914913845,100.7490274513491,,tomato_salad,1,1.0,30.0,56.0,56.0,,,1,1.0,30.0
2067,0,1,,0,2,None_cut,4.0,3,0,3,None_cut,4.0,3,2,2,tomato,2,3,tomato,2,4,plate,2,5,plate,4,0,tomato,5,0,tomato,6,0,plate,6,3,,6,4,,7,1,plate,7,3,,7,4,,2,37.667539488740346,101.63838373234866,,tomato_salad,1,1.0,30.0,56.0,56.0,,,1,1.0,30.0
2068,0,1,,0,2,None_cut,4.0,3,0,3,None_cut,4.0,3,2,2,tomato,2,3,tomato,2,4,plate,2,5,plate,4,0,tomato,5,0,tomato,6,0,plate,6,3,,6,4,,7,1,plate,7,3,,7,4,,2,38.545916062566846,102.52774001334835,,tomato_salad,1,1.0,30.0,56.0,56.0,,,1,1.0,30.0
2069,0,1,,0,2,None_cut,4.0,3,0,3,None_cut,4.0,3,2,2,tomato,2,3,tomato,2,4,plate,2,5,plate,4,0,tomato,5,0,tomato,6,0,plate,6,3,,6,4,,7,1,plate,7,3,,7,4,,2,39.424292636393346,103.41709629434803,,tomato_salad,1,1.0,30.0,56.0,56.0,,,1,1.0,30.0
2070,0,1,,0,2,None_cut,4.0,3,0,3,None_cut,4.0,3,2,2,tomato,2,3,tomato,2,4,plate,2,5,plate,4,0,tomato,5,0,tomato,6,0,plate,6,3,,6,4,,7,1,plate,7,3,,7,4,,2,40.311608376973936,103.31936371188569,,tomato_salad,1,1.0,30.0,56.0,56.0,,,1,1.0,30.0
2071,0,1,,0,2,None_cut,4.0,3,0,3,None_cut,4.0,3,2,2,tomato,2,3,tomato,2,4,plate,2,5,plate,4,0,tomato,5,0,tomato,6,0,plate,6,3,,6,4,,7,1,plate,7,3,,7,4,,2,41.205947748575596,102.44606130813175,,tomato_salad,1,1.0,30.0,56.0,56.0,,,1,1.0,30.0
2072,0,1,,0,2,None_cut,4.0,3,0,3,None_cut,4.0,3,2,2,tomato,2,3,tomato,2,4,plate,2,5,plate,4,0,tomato,5,0,tomato,6,0,plate,6,3,,6,4,,7,1,plate,7,3,,7,4,,2,42.100287120177256,101.5727589043778,,tomato_salad,1,1.0,30.0,56.0,56.0,,,1,1.0,30.0
2073,0,1,,0,2,None_cut,4.0,3,0,3,None_cut,4.0,3,2,2,tomato,2,3,tomato,2,4,plate,2,5,plate,4,0,tomato,5,0,tomato,6,0,plate,6,3,,6,4,,7,1,plate,7,3,,7,4,,2,42.99462649177892,100.69945650062387,,tomato_salad,1,1.0,30.0,56.0,56.0,,,1,1.0,30.0
2074,0,1,,0,2,None_cut,4.0,3,0,3,None_cut,4.0,3,2,2,tomato,2,3,tomato,2,4,plate,2,5,plate,4,0,tomato,5,0,tomato,6,0,plate,6,3,,6,4,,7,1,plate,7,3,,7,4,,2,43.88896586338058,99.82615409686993,,tomato_salad,1,1.0,30.0,56.0,56.0,,,1,1.0,30.0
2075,0,1,,0,2,None_cut,4.0,3,0,3,None_cut,4.0,3,2,2,tomato,2,3,tomato,2,4,plate,2,5,plate,4,0,tomato,5,0,tomato,6,0,plate,6,3,,6,4,,7,1,plate,7,3,,7,4,,2,44.78330523498224,98.95285169311599,,tomato_salad,1,1.0,30.0,56.0,56.0,,,1,1.0,30.0
2076,0,1,,0,2,None_cut,4.0,3,0,3,None_cut,4.0,3,2,2,tomato,2,3,tomato,2,4,plate,2,5,plate,4,0,tomato,5,0,tomato,6,0,plate,6,3,,6,4,,7,1,plate,7,3,,7,4,,2,45.6776446065839,98.07954928936205,,tomato_salad,1,1.0,30.0,56.0,56.0,,,1,1.0,30.0
2077,0,1,,0,2,None_cut,4.0,3,0,3,None_cut,4.0,3,2,2,tomato,2,3,tomato,2,4,plate,2,5,plate,4,0,tomato,5,0,tomato,6,0,plate,6,3,,6,4,,7,1,plate,7,3,,7,4,,2,46.57198397818556,97.20624688560811,,tomato_salad,1,1.0,30.0,56.0,56.0,,,1,1.0,30.0
2078,0,1,,0,2,None_cut,4.0,3,0,3,None_cut,4.0,3,2,2,tomato,2,3,tomato,2,4,plate,2,5,plate,4,0,tomato,5,0,tomato,6,0,plate,6,3,,6,4,,7,1,plate,7,3,,7,4,,2,47.46632334978722,96.33294448185417,,tomato_salad,1,1.0,30.0,56.0,56.0,,,1,1.0,30.0
2079,0,1,,0,2,None_cut,4.0,3,0,3,None_cut,4.0,3,2,2,tomato,2,3,tomato,2,4,plate,2,5,plate,4,0,tomato,5,0,tomato,6,0,plate,6,3,,6,4,,7,1,plate,7,3,,7,4,,2,48.36066272138888,95.45964207810023,,tomato_salad,1,1.0,30.0,56.0,56.0,,,1,1.0,30.0
2080,0,1,,0,2,None_cut,4.0,3,0,3,None_cut,4.0,3,2,2,tomato,2,3,tomato,2,4,plate,2,5,plate,4,0,tomato,5,0,tomato,6,0,plate,6,3,,6,4,,7,1,plate,7,3,,7,4,,2,49.25500209299054,94.58633967434629,,tomato_salad,1,1.0,30.0,56.0,56.0,,,1,1.0,30.0
2081,0,1,,0,2,None_cut,4.0,3,0,3,None_cut,4.0,3,2,2,tomato,2,3,tomato,2,4,plate,2,5,plate,4,0,tomato,5,0,tomato,6,0,plate,6,3,,6,4,,7,1,plate,7,3,,7,4,,2,50.1493414645922,93.71303727059235,,tomato_salad,1,1.0,30.0,56.0,56.0,,,1,1.0,30.0
2082,0,1,,0,2,None_cut,4.0,3,0,3,None_cut,4.0,3,2,2,tomato,2,3,tomato,2,4,plate,2,5,plate,4,0,tomato,5,0,tomato,6,0,plate,6,3,,6,4,,7,1,plate,7,3,,7,4,,2,51.04368083619386,92.83973486683841,,tomato_salad,1,1.0,30.0,56.0,56.0,,,1,1.0,30.0
2083,0,1,,0,2,None_cut,4.0,3,0,3,None_cut,4.0,3,2,2,tomato,2,3,tomato,2,4,plate,2,5,plate,4,0,tomato,5,0,tomato,6,0,plate,6,3,,6,4,,7,1,plate,7,3,,7,4,,2,51.93802020779552,91.96643246308447,,tomato_salad,1,1.0,30.0,56.0,56.0,,,1,1.0,30.0
2084,0,1,,0,2,None_cut,4.0,3,0,3,None_cut,4.0,3,2,2,tomato,2,3,tomato,2,4,plate,2,5,plate,4,0,tomato,5,0,tomato,6,0,plate,6,3,,6,4,,7,1,plate,7,3,,7,4,,2,52.83235957939718,91.09313005933035,,tomato_salad,1,1.0,30.0,56.0,56.0,,,1,1.0,30.0
2085,0,1,,0,2,None_cut,4.0,3,0,3,None_cut,4.0,3,2,2,tomato,2,3,tomato,2,4,plate,2,5,plate,4,0,tomato,5,0,tomato,6,0,plate,6,3,,6,4,,7,1,plate,7,3,,7,4,,2,53.72669895099884,90.21982765557541,,tomato_salad,1,1.0,30.0,56.0,56.0,,,1,1.0,30.0
2086,0,1,,0,2,None_cut,4.0,3,0,3,None_cut,4.0,3,2,2,tomato,2,3,tomato,2,4,plate,2,5,plate,4,0,tomato,5,0,tomato,6,0,plate,6,3,,6,4,,7,1,plate,7,3,,7,4,,2,54.6210383226005,89.3465252518205,,tomato_salad,1,1.0,30.0,56.0,56.0,,,1,1.0,30.0
2087,0,1,,0,2,None_cut,4.0,3,0,3,None_cut,4.0,3,2,2,tomato,2,3,tomato,2,4,plate,2,5,plate,4,0,tomato,5,0,tomato,6,0,plate,6,3,,6,4,,7,1,plate,7,3,,7,4,,2,55.51537769420216,88.47322284806557,,tomato_salad,1,1.0,30.0,56.0,56.0,,,1,1.0,30.0
2088,0,1,,0,2,None_cut,4.0,3,0,3,None_cut,4.0,3,2,2,tomato,2,3,tomato,2,4,plate,2,5,plate,4,0,tomato,5,0,tomato,6,0,plate,6,3,,6,4,,7,1,plate,7,3,,7,4,,2,56.65150548636595,88.1835990844659,,tomato_salad,1,1.0,30.0,56.0,56.0,,,1,1.0,30.0
2089,0,1,,0,2,None_cut,4.0,3,0,3,None_cut,4.0,3,2,2,tomato,2,3,tomato,2,4,plate,2,5,plate,4,0,tomato,5,0,tomato,6,0,plate,6,3,,6,4,,7,1,plate,7,3,,7,4,,2,57.901416064676624,88.16864762211576,,tomato_salad,1,1.0,30.0,56.0,56.0,,,1,1.0,30.0
2090,0,1,,0,2,None_cut,4.0,3,0,3,None_cut,4.0,3,2,2,tomato,2,3,tomato,2,4,plate,2,5,plate,4,0,tomato,5,0,tomato,6,0,plate,6,3,,6,4,,7,1,plate,7,3,,7,4,,2,59.1513266429873,88.15369615976631,,tomato_salad,1,1.0,30.0,56.0,56.0,,,1,1.0,30.0
2091,0,1,,0,2,None_cut,4.0,3,0,3,None_cut,4.0,3,2,2,tomato,2,3,tomato,2,4,plate,2,5,plate,4,0,tomato,5,0,tomato,6,0,plate,6,3,,6,4,,7,1,plate,7,3,,7,4,,2,60.401237221297976,88.13874469741687,,tomato_salad,1,1.0,30.0,56.0,56.0,,,1,1.0,30.0
2092,0,1,,0,2,None_cut,4.0,3,0,3,None_cut,4.0,3,2,2,tomato,2,3,tomato,2,4,plate,2,5,plate,4,0,tomato,5,0,tomato,6,0,plate,6,3,,6,4,,7,1,plate,7,3,,7,4,,2,61.65114779960865,88.12379323506742,,tomato_salad,1,1.0,30.0,56.0,56.0,,,1,1.0,30.0
2093,0,1,,0,2,None_cut,4.0,3,0,3,None_cut,4.0,3,2,2,tomato,2,3,tomato,2,4,plate,2,5,plate,4,0,tomato,5,0,tomato,6,0,plate,6,3,,6,4,,7,1,plate,7,3,,7,4,,2,62.90105837791933,88.10884177271798,,tomato_salad,1,1.0,30.0,56.0,56.0,,,1,1.0,30.0
2094,0,1,,0,2,None_cut,4.0,3,0,3,None_cut,4.0,3,2,2,tomato,2,3,tomato,2,4,plate,2,5,plate,4,0,tomato,5,0,tomato,6,0,plate,6,3,,6,4,,7,1,plate,7,3,,7,4,,2,64.15096895623,88.09389031036855,,tomato_salad,1,1.0,30.0,56.0,56.0,,,1,1.0,30.0
2095,0,1,,0,2,None_cut,4.0,3,0,3,None_cut,4.0,3,2,2,tomato,2,3,tomato,2,4,plate,2,5,plate,4,0,tomato,5,0,tomato,6,0,plate,6,3,,6,4,,7,1,plate,7,3,,7,4,,2,65.40087953454068,88.0789388480191,,tomato_salad,1,1.0,30.0,56.0,56.0,,,1,1.0,30.0
2096,0,1,,0,2,None_cut,4.0,3,0,3,None_cut,4.0,3,2,2,tomato,2,3,tomato,2,4,plate,2,5,plate,4,0,tomato,5,0,tomato,6,0,plate,6,3,,6,4,,7,1,plate,7,3,,7,4,,2,66.65079011285135,88.06398738566966,,tomato_salad,1,1.0,30.0,56.0,56.0,,,1,1.0,30.0
2097,0,1,,0,2,None_cut,4.0,3,0,3,None_cut,4.0,3,2,2,tomato,2,3,tomato,2,4,plate,2,5,plate,4,0,tomato,5,0,tomato,6,0,plate,6,3,,6,4,,7,1,plate,7,3,,7,4,,2,67.90070069116203,88.04903592332022,,tomato_salad,1,1.0,30.0,56.0,56.0,,,1,1.0,30.0
2098,0,1,,0,2,None_cut,4.0,3,0,3,None_cut,4.0,3,2,2,tomato,2,3,tomato,2,4,plate,2,5,plate,4,0,tomato,5,0,tomato,6,0,plate,6,3,,6,4,,7,1,plate,7,3,,7,4,,2,69.1506112694727,88.03408446097079,,tomato_salad,1,1.0,30.0,56.0,56.0,,,1,1.0,30.0
2099,0,1,,0,2,None_cut,4.0,3,0,3,None_cut,4.0,3,2,2,tomato,2,3,tomato,2,4,plate,2,5,plate,4,0,tomato,5,0,tomato,6,0,plate,6,3,,6,4,,7,1,plate,7,3,,7,4,,2,70.40052184778338,88.01913299862134,,tomato_salad,1,1.0,30.0,56.0,56.0,,,1,1.0,30.0
2100,0,1,,0,2,None_cut,4.0,3,0,3,None_cut,4.0,3,2,2,tomato,2,3,tomato,2,4,plate,2,5,plate,4,0,tomato,5,0,tomato,6,0,plate,6,3,,6,4,,7,1,plate,7,3,,7,4,,2,71.65043242609406,88.0041815362719,,tomato_salad,1,1.0,30.0,56.0,56.0,,,1,1.0,30.0
2101,0,1,,0,2,None_cut,4.0,3,0,3,None_cut,4.0,3,2,2,tomato,2,3,tomato,2,4,plate,2,5,plate,4,0,tomato,5,0,tomato,6,0,plate,6,3,,6,4,,7,1,plate,7,3,,7,4,,2,72.58298750109228,87.22934741362964,,tomato_salad,1,1.0,30.0,56.0,56.0,,,1,1.0,30.0
2102,0,1,,0,2,None_cut,4.0,3,0,3,None_cut,4.0,3,2,2,tomato,2,3,tomato,2,4,plate,2,5,plate,4,0,tomato,5,0,tomato,6,0,plate,6,3,,6,4,,7,1,plate,7,3,,7,4,,2,73.4722668256388,86.35089292822018,,tomato_salad,1,1.0,30.0,56.0,56.0,,,1,1.0,30.0
2103,0,1,,0,2,None_cut,4.0,3,0,3,None_cut,4.0,3,2,2,tomato,2,3,tomato,2,4,plate,2,5,plate,4,0,tomato,5,0,tomato,6,0,plate,6,3,,6,4,,7,1,plate,7,3,,7,4,,2,74.36154615018532,85.47243844281071,,tomato_salad,1,1.0,30.0,56.0,56.0,,,1,1.0,30.0
2104,0,1,,0,2,None_cut,4.0,3,0,3,None_cut,4.0,3,2,2,tomato,2,3,tomato,2,4,plate,2,5,plate,4,0,tomato,5,0,tomato,6,0,plate,6,3,,6,4,,7,1,plate,7,3,,7,4,,2,75.25082547473184,84.59398395740125,,tomato_salad,1,1.0,30.0,56.0,56.0,,,1,1.0,30.0
2105,0,1,,0,2,None_cut,4.0,3,0,3,None_cut,4.0,3,2,2,tomato,2,3,tomato,2,4,plate,2,5,plate,4,0,tomato,5,0,tomato,6,0,plate,6,3,,6,4,,7,1,plate,7,3,,7,4,,2,76.14010479927836,83.71552947199179,,tomato_salad,1,1.0,30.0,56.0,56.0,,,1,1.0,30.0
2106,0,1,,0,2,None_cut,4.0,3,0,3,None_cut,4.0,3,2,2,tomato,2,3,tomato,2,4,plate,2,5,plate,4,0,tomato,5,0,tomato,6,0,plate,6,3,,6,4,,7,1,plate,7,3,,7,4,,2,77.02938412382488,82.83707498658232,,tomato_salad,1,1.0,30.0,56.0,56.0,,,1,1.0,30.0
2107,0,1,,0,2,None_cut,4.0,3,0,3,None_cut,4.0,3,2,2,tomato,2,3,tomato,2,4,plate,2,5,plate,4,0,tomato,5,0,tomato,6,0,plate,6,3,,6,4,,7,1,plate,7,3,,7,4,,2,77.9186634483714,81.95862050117286,,tomato_salad,1,1.0,30.0,56.0,56.0,,,1,1.0,30.0
2108,0,1,,0,2,None_cut,4.0,3,0,3,None_cut,4.0,3,2,2,tomato,2,3,tomato,2,4,plate,2,5,plate,4,0,tomato,5,0,tomato,6,0,plate,6,3,,6,4,,7,1,plate,7,3,,7,4,,2,78.80794277291793,81.0801660157634,,tomato_salad,1,1.0,30.0,56.0,56.0,,,1,1.0,30.0
2109,0,1,,0,2,None_cut,4.0,3,0,3,None_cut,4.0,3,2,2,tomato,2,3,tomato,2,4,plate,2,5,plate,4,0,tomato,5,0,tomato,6,0,plate,6,3,,6,4,,7,1,plate,7,3,,7,4,,2,79.69722209746445,80.20171153035393,,tomato_salad,1,1.0,30.0,56.0,56.0,,,1,1.0,30.0
2110,0,1,,0,2,None_cut,4.0,3,0,3,None_cut,4.0,3,2,2,tomato,2,3,tomato,2,4,plate,2,5,plate,4,0,tomato,5,0,tomato,6,0,plate,6,3,,6,4,,7,1,plate,7,3,,7,4,,2,80.58650142201097,79.32325704494447,,tomato_salad,1,1.0,30.0,56.0,56.0,,,1,1.0,30.0
2111,0,1,,0,2,None_cut,4.0,3,0,3,None_cut,4.0,3,2,2,tomato,2,3,tomato,2,4,plate,2,5,plate,4,0,tomato,5,0,tomato,6,0,plate,6,3,,6,4,,7,1,plate,7,3,,7,4,,2,81.47578074655749,78.4448025595352,,tomato_salad,1,1.0,30.0,56.0,56.0,,,1,1.0,30.0
2112,0,1,,0,2,None_cut,4.0,3,0,3,None_cut,4.0,3,2,2,tomato,2,3,tomato,2,4,plate,2,5,plate,4,0,tomato,5,0,tomato,6,0,plate,6,3,,6,4,,7,1,plate,7,3,,7,4,,2,82.36506007110401,77.56634807412608,,tomato_salad,1,1.0,30.0,56.0,56.0,,,1,1.0,30.0
2113,0,1,,0,2,None_cut,4.0,3,0,3,None_cut,4.0,3,2,2,tomato,2,3,tomato,2,4,plate,2,5,plate,4,0,tomato,5,0,tomato,6,0,plate,6,3,,6,4,,7,1,plate,7,3,,7,4,,2,83.25433939565053,76.68789358871696,,tomato_salad,1,1.0,30.0,56.0,56.0,,,1,1.0,30.0
2114,0,1,,0,2,None_cut,4.0,3,0,3,None_cut,4.0,3,2,2,tomato,2,3,tomato,2,4,plate,2,5,plate,4,0,tomato,5,0,tomato,6,0,plate,6,3,,6,4,,7,1,plate,7,3,,7,4,,2,84.14361872019705,75.80943910330782,,tomato_salad,1,1.0,30.0,56.0,56.0,,,1,1.0,30.0
2115,0,1,,0,2,None_cut,4.0,3,0,3,None_cut,4.0,3,2,2,tomato,2,3,tomato,2,4,plate,2,5,plate,4,0,tomato,5,0,tomato,6,0,plate,6,3,,6,4,,7,1,plate,7,3,,7,4,,2,85.03289804474358,74.9309846178987,,tomato_salad,1,1.0,30.0,56.0,56.0,,,1,1.0,30.0
2116,0,1,,0,2,None_cut,4.0,3,0,3,None_cut,4.0,3,2,2,tomato,2,3,tomato,2,4,plate,2,5,plate,4,0,tomato,5,0,tomato,6,0,plate,6,3,,6,4,,7,1,plate,7,3,,7,4,,2,85.9221773692901,74.05253013248958,,tomato_salad,1,1.0,30.0,56.0,56.0,,,1,1.0,30.0
2117,0,1,,0,2,None_cut,4.0,3,0,3,None_cut,4.0,3,2,2,tomato,2,3,tomato,2,4,plate,2,5,plate,4,0,tomato,5,0,tomato,6,0,plate,6,3,,6,4,,7,1,plate,7,3,,7,4,,2,86.81145669383662,73.17407564708044,,tomato_salad,1,1.0,30.0,56.0,56.0,,,1,1.0,30.0
2118,0,1,,0,2,None_cut,4.0,3,0,3,None_cut,4.0,3,2,2,tomato,2,3,tomato,2,4,plate,2,5,plate,4,0,tomato,5,0,tomato,6,0,plate,6,3,,6,4,,7,1,plate,7,3,,7,4,,2,87.70073601838314,72.29562116167132,,tomato_salad,1,1.0,30.0,56.0,56.0,,,1,1.0,30.0
2119,0,1,,0,2,None_cut,4.0,3,0,3,None_cut,4.0,3,2,2,tomato,2,3,tomato,2,4,plate,2,5,plate,4,0,tomato,5,0,tomato,6,0,plate,6,3,,6,4,,7,1,plate,7,3,,7,4,,2,88.0,72.0,,tomato_salad,1,1.0,30.0,56.0,56.0,,,1,1.0,30.0
2120,0,1,,0,2,None_cut,4.0,3,0,3,None_cut,4.0,3,2,2,tomato,2,3,tomato,2,4,plate,2,5,plate,4,0,tomato,5,0,tomato,6,0,plate,6,3,,6,4,,7,1,plate,7,3,,7,4,,3,88.0,72.0,,,2,1.0,30.0,56.0,56.0,,,1,1.0,30.0
2121,0,1,,0,2,None_cut,4.0,3,0,3,None_cut,4.0,3,2,2,tomato,2,3,tomato,2,4,plate,2,5,plate,4,0,tomato,5,0,tomato,6,0,plate,6,3,,6,4,,7,1,plate,7,3,,7,4,,3,88.0,72.0,,,2,1.0,30.0,56.0,56.0,,,1,1.0,30.0
2122,0,1,,0,2,None_cut,4.0,3,0,3,None_cut,4.0,3,2,2,tomato,2,3,tomato,2,4,plate,2,5,plate,4,0,tomato,5,0,tomato,6,0,plate,6,3,,6,4,,7,1,plate,7,3,,7,4,,3,88.0,72.0,,,2,1.0,30.0,56.0,56.0,,,1,1.0,30.0
2123,0,1,,0,2,None_cut,4.0,3,0,3,None_cut,4.0,3,2,2,tomato,2,3,tomato,2,4,plate,2,5,plate,4,0,tomato,5,0,tomato,6,0,plate,6,3,,6,4,,7,1,plate,7,3,,7,4,,3,88.0,72.0,,,2,1.0,30.0,56.0,56.0,,,1,1.0,30.0
2124,0,1,,0,2,None_cut,4.0,3,0,3,None_cut,4.0,3,2,2,tomato,2,3,tomato,2,4,plate,2,5,plate,4,0,tomato,5,0,tomato,6,0,plate,6,3,,6,4,,7,1,plate,7,3,,7,4,,3,88.0,72.0,,,2,1.0,30.0,56.0,56.0,,,1,1.0,30.0
2125,0,1,,0,2,None_cut,4.0,3,0,3,None_cut,4.0,3,2,2,tomato,2,3,tomato,2,4,plate,2,5,plate,4,0,tomato,5,0,tomato,6,0,plate,6,3,,6,4,,7,1,plate,7,3,,7,4,,3,88.0,72.0,,,2,1.0,30.0,56.0,56.0,,,1,1.0,30.0
2126,0,1,,0,2,None_cut,4.0,3,0,3,None_cut,4.0,3,2,2,tomato,2,3,tomato,2,4,plate,2,5,plate,4,0,tomato,5,0,tomato,6,0,plate,6,3,,6,4,,7,1,plate,7,3,,7,4,,3,88.0,72.0,,,2,1.0,30.0,56.0,56.0,,,1,1.0,30.0
2127,0,1,,0,2,None_cut,4.0,3,0,3,None_cut,4.0,3,2,2,tomato,2,3,tomato,2,4,plate,2,5,plate,4,0,tomato,5,0,tomato,6,0,plate,6,3,,6,4,,7,1,plate,7,3,,7,4,,3,88.0,72.0,,,2,1.0,30.0,56.0,56.0,,,1,1.0,30.0
2128,0,1,,0,2,None_cut,4.0,3,0,3,None_cut,4.0,3,2,2,tomato,2,3,tomato,2,4,plate,2,5,plate,4,0,tomato,5,0,tomato,6,0,plate,6,3,,6,4,,7,1,plate,7,3,,7,4,,3,88.0,72.0,,,2,1.0,30.0,56.0,56.0,,,1,1.0,30.0
2129,0,1,,0,2,None_cut,4.0,3,0,3,None_cut,4.0,3,2,2,tomato,2,3,tomato,2,4,plate,2,5,plate,4,0,tomato,5,0,tomato,6,0,plate,6,3,,6,4,,7,1,plate,7,3,,7,4,,3,88.0,72.0,,,2,1.0,30.0,56.0,56.0,,,1,1.0,30.0
2130,0,1,,0,2,None_cut,4.0,3,0,3,None_cut,4.0,3,2,2,tomato,2,3,tomato,2,4,plate,2,5,plate,4,0,tomato,5,0,tomato,6,0,plate,6,3,,6,4,,7,1,plate,7,3,,7,4,,3,88.0,72.0,,,2,1.0,30.0,56.0,56.0,,,1,1.0,30.0
2131,0,1,,0,2,None_cut,4.0,3,0,3,None_cut,4.0,3,2,2,tomato,2,3,tomato,2,4,plate,2,5,plate,4,0,tomato,5,0,tomato,6,0,plate,6,3,,6,4,,7,1,plate,7,3,,7,4,,3,88.0,72.0,,,2,1.0,30.0,56.0,56.0,,,1,1.0,30.0
2132,0,1,,0,2,None_cut,4.0,3,0,3,None_cut,4.0,3,2,2,tomato,2,3,tomato,2,4,plate,2,5,plate,4,0,tomato,5,0,tomato,6,0,plate,6,3,,6,4,,7,1,plate,7,3,,7,4,,3,88.0,72.0,,,2,1.0,30.0,56.0,56.0,,,1,1.0,30.0
2133,0,1,,0,2,None_cut,4.0,3,0,3,None_cut,4.0,3,2,2,tomato,2,3,tomato,2,4,plate,2,5,plate,4,0,tomato,5,0,tomato,6,0,plate,6,3,,6,4,,7,1,plate,7,3,,7,4,,3,88.0,72.0,,,2,1.0,30.0,56.0,56.0,,,1,1.0,30.0
2134,0,1,,0,2,None_cut,4.0,3,0,3,None_cut,4.0,3,2,2,tomato,2,3,tomato,2,4,plate,2,5,plate,4,0,tomato,5,0,tomato,6,0,plate,6,3,,6,4,,7,1,plate,7,3,,7,4,,3,88.0,72.0,,,2,1.0,30.0,56.0,56.0,,,1,1.0,30.0
2135,0,1,,0,2,None_cut,4.0,3,0,3,None_cut,4.0,3,2,2,tomato,2,3,tomato,2,4,plate,2,5,plate,4,0,tomato,5,0,tomato,6,0,plate,6,3,,6,4,,7,1,plate,7,3,,7,4,,3,88.0,72.0,,,2,1.0,30.0,56.0,56.0,,,1,1.0,30.0
2136,0,1,,0,2,None_cut,4.0,3,0,3,None_cut,4.0,3,2,2,tomato,2,3,tomato,2,4,plate,2,5,plate,4,0,tomato,5,0,tomato,6,0,plate,6,3,,6,4,,7,1,plate,7,3,,7,4,,3,88.0,72.0,,,2,1.0,30.0,56.0,56.0,,,1,1.0,30.0
2137,0,1,,0,2,None_cut,4.0,3,0,3,None_cut,4.0,3,2,2,tomato,2,3,tomato,2,4,plate,2,5,plate,4,0,tomato,5,0,tomato,6,0,plate,6,3,,6,4,,7,1,plate,7,3,,7,4,,3,88.0,72.0,,,2,1.0,30.0,56.0,56.0,,,1,1.0,30.0
2138,0,1,,0,2,None_cut,4.0,3,0,3,None_cut,4.0,3,2,2,tomato,2,3,tomato,2,4,plate,2,5,plate,4,0,tomato,5,0,tomato,6,0,plate,6,3,,6,4,,7,1,plate,7,3,,7,4,,3,88.0,72.0,,,2,1.0,30.0,56.0,56.0,,,1,1.0,30.0
2139,0,1,,0,2,None_cut,4.0,3,0,3,None_cut,4.0,3,2,2,tomato,2,3,tomato,2,4,plate,2,5,plate,4,0,tomato,5,0,tomato,6,0,plate,6,3,,6,4,,7,1,plate,7,3,,7,4,,3,88.0,72.0,,,2,1.0,30.0,56.0,56.0,,,1,1.0,30.0
2140,0,1,,0,2,None_cut,4.0,3,0,3,None_cut,4.0,3,2,2,tomato,2,3,tomato,2,4,plate,2,5,plate,4,0,tomato,5,0,tomato,6,0,plate,6,3,,6,4,,7,1,plate,7,3,,7,4,,3,88.0,72.0,,,2,1.0,30.0,56.0,56.0,,,1,1.0,30.0
2141,0,1,,0,2,None_cut,4.0,3,0,3,None_cut,4.0,3,2,2,tomato,2,3,tomato,2,4,plate,2,5,plate,4,0,tomato,5,0,tomato,6,0,plate,6,3,,6,4,,7,1,plate,7,3,,7,4,,3,88.0,72.0,,,2,1.0,30.0,56.0,56.0,,,1,1.0,30.0
2142,0,1,,0,2,None_cut,4.0,3,0,3,None_cut,4.0,3,2,2,tomato,2,3,tomato,2,4,plate,2,5,plate,4,0,tomato,5,0,tomato,6,0,plate,6,3,,6,4,,7,1,plate,7,3,,7,4,,3,88.0,72.0,,,2,1.0,30.0,56.0,56.0,,,1,1.0,30.0
2143,0,1,,0,2,None_cut,4.0,3,0,3,None_cut,4.0,3,2,2,tomato,2,3,tomato,2,4,plate,2,5,plate,4,0,tomato,5,0,tomato,6,0,plate,6,3,,6,4,,7,1,plate,7,3,,7,4,,3,88.0,72.0,,,2,1.0,30.0,56.0,56.0,,,1,1.0,30.0
2144,0,1,,0,2,None_cut,4.0,3,0,3,None_cut,4.0,3,2,2,tomato,2,3,tomato,2,4,plate,2,5,plate,4,0,tomato,5,0,tomato,6,0,plate,6,3,,6,4,,7,1,plate,7,3,,7,4,,3,88.0,72.0,,,2,1.0,30.0,56.0,56.0,,,1,1.0,30.0
2145,0,1,,0,2,None_cut,4.0,3,0,3,None_cut,4.0,3,2,2,tomato,2,3,tomato,2,4,plate,2,5,plate,4,0,tomato,5,0,tomato,6,0,plate,6,3,,6,4,,7,1,plate,7,3,,7,4,,3,88.0,72.0,,,2,1.0,30.0,56.0,56.0,,,1,1.0,30.0
2146,0,1,,0,2,None_cut,4.0,3,0,3,None_cut,4.0,3,2,2,tomato,2,3,tomato,2,4,plate,2,5,plate,4,0,tomato,5,0,tomato,6,0,plate,6,3,,6,4,,7,1,plate,7,3,,7,4,,3,88.0,72.0,,,2,1.0,30.0,56.0,56.0,,,1,1.0,30.0
2147,0,1,,0,2,None_cut,4.0,3,0,3,None_cut,4.0,3,2,2,tomato,2,3,tomato,2,4,plate,2,5,plate,4,0,tomato,5,0,tomato,6,0,plate,6,3,,6,4,,7,1,plate,7,3,,7,4,,3,88.0,72.0,,,2,1.0,30.0,56.0,56.0,,,1,1.0,30.0
2148,0,1,,0,2,None_cut,4.0,3,0,3,None_cut,4.0,3,2,2,tomato,2,3,tomato,2,4,plate,2,5,plate,4,0,tomato,5,0,tomato,6,0,plate,6,3,,6,4,,7,1,plate,7,3,,7,4,,3,88.0,72.0,,,2,1.0,30.0,56.0,56.0,,,1,1.0,30.0
2149,0,1,,0,2,None_cut,4.0,3,0,3,None_cut,4.0,3,2,2,tomato,2,3,tomato,2,4,plate,2,5,plate,4,0,tomato,5,0,tomato,6,0,plate,6,3,,6,4,,7,1,plate,7,3,,7,4,,3,88.0,72.0,,,2,1.0,30.0,56.0,56.0,,,1,1.0,30.0
2150,0,1,,0,2,None_cut,4.0,3,0,3,None_cut,4.0,3,2,2,tomato,2,3,tomato,2,4,plate,2,5,plate,4,0,tomato,5,0,tomato,6,0,plate,6,3,,6,4,,7,1,plate,7,3,,7,4,,3,88.0,72.0,,,2,1.0,30.0,56.0,56.0,,,1,1.0,30.0
2151,0,1,,0,2,None_cut,4.0,3,0,3,None_cut,4.0,3,2,2,tomato,2,3,tomato,2,4,plate,2,5,plate,4,0,tomato,5,0,tomato,6,0,plate,6,3,,6,4,,7,1,plate,7,3,,7,4,,3,88.0,72.0,,,2,1.0,30.0,56.0,56.0,,,1,1.0,30.0
2152,0,1,,0,2,None_cut,4.0,3,0,3,None_cut,4.0,3,2,2,tomato,2,3,tomato,2,4,plate,2,5,plate,4,0,tomato,5,0,tomato,6,0,plate,6,3,,6,4,,7,1,plate,7,3,,7,4,,3,88.0,72.0,,,2,1.0,30.0,56.0,56.0,,,1,1.0,30.0
2153,0,1,,0,2,None_cut,4.0,3,0,3,None_cut,4.0,3,2,2,tomato,2,3,tomato,2,4,plate,2,5,plate,4,0,tomato,5,0,tomato,6,0,plate,6,3,,6,4,,7,1,plate,7,3,,7,4,,3,88.0,72.0,,,2,1.0,30.0,56.0,56.0,,,1,1.0,30.0
2154,0,1,,0,2,None_cut,4.0,3,0,3,None_cut,4.0,3,2,2,tomato,2,3,tomato,2,4,plate,2,5,plate,4,0,tomato,5,0,tomato,6,0,plate,6,3,,6,4,,7,1,plate,7,3,,7,4,,3,88.0,72.0,,,2,1.0,30.0,56.0,56.0,,,1,1.0,30.0
2155,0,1,,0,2,None_cut,4.0,3,0,3,None_cut,4.0,3,2,2,tomato,2,3,tomato,2,4,plate,2,5,plate,4,0,tomato,5,0,tomato,6,0,plate,6,3,,6,4,,7,1,plate,7,3,,7,4,,3,88.0,72.0,,,2,1.0,30.0,56.0,56.0,,,1,1.0,30.0
2156,0,1,,0,2,None_cut,4.0,3,0,3,None_cut,4.0,3,2,2,tomato,2,3,tomato,2,4,plate,2,5,plate,4,0,tomato,5,0,tomato,6,0,plate,6,3,,6,4,,7,1,plate,7,3,,7,4,,3,88.0,72.0,,,2,1.0,30.0,56.0,56.0,,,1,1.0,30.0
2157,0,1,,0,2,None_cut,4.0,3,0,3,None_cut,4.0,3,2,2,tomato,2,3,tomato,2,4,plate,2,5,plate,4,0,tomato,5,0,tomato,6,0,plate,6,3,,6,4,,7,1,plate,7,3,,7,4,,3,88.0,72.0,,,2,1.0,30.0,56.0,56.0,,,1,1.0,30.0
2158,0,1,,0,2,None_cut,4.0,3,0,3,None_cut,4.0,3,2,2,tomato,2,3,tomato,2,4,plate,2,5,plate,4,0,tomato,5,0,tomato,6,0,plate,6,3,,6,4,,7,1,plate,7,3,,7,4,,3,88.0,72.0,,,2,1.0,30.0,56.0,56.0,,,1,1.0,30.0
2159,0,1,,0,2,None_cut,4.0,3,0,3,None_cut,4.0,3,2,2,tomato,2,3,tomato,2,4,plate,2,5,plate,4,0,tomato,5,0,tomato,6,0,plate,6,3,,6,4,,7,1,plate,7,3,,7,4,,3,88.0,72.0,,,2,1.0,30.0,56.0,56.0,,,1,1.0,30.0
2160,0,1,,0,2,None_cut,4.0,3,0,3,None_cut,4.0,3,2,2,tomato,2,3,tomato,2,4,plate,2,5,plate,4,0,tomato,5,0,tomato,6,0,plate,6,3,,6,4,,7,1,plate,7,3,,7,4,,3,88.0,72.0,,,2,1.0,30.0,56.0,56.0,,,1,1.0,30.0
2161,0,1,,0,2,None_cut,4.0,3,0,3,None_cut,4.0,3,2,2,tomato,2,3,tomato,2,4,plate,2,5,plate,4,0,tomato,5,0,tomato,6,0,plate,6,3,,6,4,,7,1,plate,7,3,,7,4,,3,88.0,72.0,,,2,1.0,30.0,56.0,56.0,,,1,1.0,30.0
2162,0,1,,0,2,None_cut,4.0,3,0,3,None_cut,4.0,3,2,2,tomato,2,3,tomato,2,4,plate,2,5,plate,4,0,tomato,5,0,tomato,6,0,plate,6,3,,6,4,,7,1,plate,7,3,,7,4,,3,88.0,72.0,,,2,1.0,30.0,56.0,56.0,,,1,1.0,30.0
2163,0,1,,0,2,None_cut,4.0,3,0,3,None_cut,4.0,3,2,2,tomato,2,3,tomato,2,4,plate,2,5,plate,4,0,tomato,5,0,tomato,6,0,plate,6,3,,6,4,,7,1,plate,7,3,,7,4,,3,88.0,72.0,,,2,1.0,30.0,56.0,56.0,,,1,1.0,30.0
2164,0,1,,0,2,None_cut,4.0,3,0,3,None_cut,4.0,3,2,2,tomato,2,3,tomato,2,4,plate,2,5,plate,4,0,tomato,5,0,tomato,6,0,plate,6,3,,6,4,,7,1,plate,7,3,,7,4,,3,88.0,72.0,,,2,1.0,30.0,56.0,56.0,,,1,1.0,30.0
2165,0,1,,0,2,None_cut,4.0,3,0,3,None_cut,4.0,3,2,2,tomato,2,3,tomato,2,4,plate,2,5,plate,4,0,tomato,5,0,tomato,6,0,plate,6,3,,6,4,,7,1,plate,7,3,,7,4,,3,88.0,72.0,,,2,1.0,30.0,56.0,56.0,,,1,1.0,30.0
2166,0,1,,0,2,None_cut,4.0,3,0,3,None_cut,4.0,3,2,2,tomato,2,3,tomato,2,4,plate,2,5,plate,4,0,tomato,5,0,tomato,6,0,plate,6,3,,6,4,,7,1,plate,7,3,,7,4,,3,88.0,72.0,,,2,1.0,30.0,56.0,56.0,,,1,1.0,30.0
2167,0,1,,0,2,None_cut,4.0,3,0,3,None_cut,4.0,3,2,2,tomato,2,3,tomato,2,4,plate,2,5,plate,4,0,tomato,5,0,tomato,6,0,plate,6,3,,6,4,,7,1,plate,7,3,,7,4,,3,88.0,72.0,,,2,1.0,30.0,56.0,56.0,,,1,1.0,30.0
2168,0,1,,0,2,None_cut,4.0,3,0,3,None_cut,4.0,3,2,2,tomato,2,3,tomato,2,4,plate,2,5,plate,4,0,tomato,5,0,tomato,6,0,plate,6,3,,6,4,,7,1,plate,7,3,,7,4,,3,88.0,72.0,,,2,1.0,30.0,56.0,56.0,,,1,1.0,30.0
2169,0,1,,0,2,None_cut,4.0,3,0,3,None_cut,4.0,3,2,2,tomato,2,3,tomato,2,4,plate,2,5,plate,4,0,tomato,5,0,tomato,6,0,plate,6,3,,6,4,,7,1,plate,7,3,,7,4,,3,88.0,72.0,,,2,1.0,30.0,56.0,56.0,,,1,1.0,30.0
2170,0,1,,0,2,None_cut,4.0,3,0,3,None_cut,4.0,3,2,2,tomato,2,3,tomato,2,4,plate,2,5,plate,4,0,tomato,5,0,tomato,6,0,plate,6,3,,6,4,,7,1,plate,7,3,,7,4,,3,88.0,72.0,,,2,1.0,30.0,56.0,56.0,,,1,1.0,30.0
2171,0,1,,0,2,None_cut,4.0,3,0,3,None_cut,4.0,3,2,2,tomato,2,3,tomato,2,4,plate,2,5,plate,4,0,tomato,5,0,tomato,6,0,plate,6,3,,6,4,,7,1,plate,7,3,,7,4,,3,88.0,72.0,,,2,1.0,30.0,56.0,56.0,,,1,1.0,30.0
2172,0,1,,0,2,None_cut,4.0,3,0,3,None_cut,4.0,3,2,2,tomato,2,3,tomato,2,4,plate,2,5,plate,4,0,tomato,5,0,tomato,6,0,plate,6,3,,6,4,,7,1,plate,7,3,,7,4,,3,88.0,72.0,,,2,1.0,30.0,56.0,56.0,,,1,1.0,30.0
2173,0,1,,0,2,None_cut,4.0,3,0,3,None_cut,4.0,3,2,2,tomato,2,3,tomato,2,4,plate,2,5,plate,4,0,tomato,5,0,tomato,6,0,plate,6,3,,6,4,,7,1,plate,7,3,,7,4,,3,88.0,72.0,,,2,1.0,30.0,56.0,56.0,,,1,1.0,30.0
2174,0,1,,0,2,None_cut,4.0,3,0,3,None_cut,4.0,3,2,2,tomato,2,3,tomato,2,4,plate,2,5,plate,4,0,tomato,5,0,tomato,6,0,plate,6,3,,6,4,,7,1,plate,7,3,,7,4,,3,88.0,72.0,,,2,1.0,30.0,56.0,56.0,,,1,1.0,30.0
2175,0,1,,0,2,None_cut,4.0,3,0,3,None_cut,4.0,3,2,2,tomato,2,3,tomato,2,4,plate,2,5,plate,4,0,tomato,5,0,tomato,6,0,plate,6,3,,6,4,,7,1,plate,7,3,,7,4,,3,88.0,72.0,,,2,1.0,30.0,56.0,56.0,,,1,1.0,30.0
2176,0,1,,0,2,None_cut,4.0,3,0,3,None_cut,4.0,3,2,2,tomato,2,3,tomato,2,4,plate,2,5,plate,4,0,tomato,5,0,tomato,6,0,plate,6,3,,6,4,,7,1,plate,7,3,,7,4,,3,88.0,72.0,,,2,1.0,30.0,56.0,56.0,,,1,1.0,30.0
2177,0,1,,0,2,None_cut,4.0,3,0,3,None_cut,4.0,3,2,2,tomato,2,3,tomato,2,4,plate,2,5,plate,4,0,tomato,5,0,tomato,6,0,plate,6,3,,6,4,,7,1,plate,7,3,,7,4,,3,88.0,72.0,,,2,1.0,30.0,56.0,56.0,,,1,1.0,30.0
2178,0,1,,0,2,None_cut,4.0,3,0,3,None_cut,4.0,3,2,2,tomato,2,3,tomato,2,4,plate,2,5,plate,4,0,tomato,5,0,tomato,6,0,plate,6,3,,6,4,,7,1,plate,7,3,,7,4,,3,88.0,72.0,,,2,1.0,30.0,56.0,56.0,,,1,1.0,30.0
2179,0,1,,0,2,None_cut,4.0,3,0,3,None_cut,4.0,3,2,2,tomato,2,3,tomato,2,4,plate,2,5,plate,4,0,tomato,5,0,tomato,6,0,plate,6,3,,6,4,,7,1,plate,7,3,,7,4,,3,88.0,72.0,,,2,1.0,30.0,56.0,56.0,,,1,1.0,30.0
2180,0,1,,0,2,None_cut,4.0,3,0,3,None_cut,4.0,3,2,2,tomato,2,3,tomato,2,4,plate,2,5,plate,4,0,tomato,5,0,tomato,6,0,plate,6,3,,6,4,,7,1,plate,7,3,,7,4,,3,88.0,72.0,,,2,1.0,30.0,56.0,56.0,,,1,1.0,30.0
2181,0,1,,0,2,None_cut,4.0,3,0,3,None_cut,4.0,3,2,2,tomato,2,3,tomato,2,4,plate,2,5,plate,4,0,tomato,5,0,tomato,6,0,plate,6,3,,6,4,,7,1,plate,7,3,,7,4,,3,88.0,72.0,,,2,1.0,30.0,56.0,56.0,,,1,1.0,30.0
2182,0,1,,0,2,None_cut,4.0,3,0,3,None_cut,4.0,3,2,2,tomato,2,3,tomato,2,4,plate,2,5,plate,4,0,tomato,5,0,tomato,6,0,plate,6,3,,6,4,,7,1,plate,7,3,,7,4,,3,88.0,72.0,,,2,1.0,30.0,56.0,56.0,,,1,1.0,30.0
2183,0,1,,0,2,None_cut,4.0,3,0,3,None_cut,4.0,3,2,2,tomato,2,3,tomato,2,4,plate,2,5,plate,4,0,tomato,5,0,tomato,6,0,plate,6,3,,6,4,,7,1,plate,7,3,,7,4,,3,88.0,72.0,,,2,1.0,30.0,56.0,56.0,,,1,1.0,30.0
2184,0,1,,0,2,None_cut,4.0,3,0,3,None_cut,4.0,3,2,2,tomato,2,3,tomato,2,4,plate,2,5,plate,4,0,tomato,5,0,tomato,6,0,plate,6,3,,6,4,,7,1,plate,7,3,,7,4,,3,88.0,72.0,,,2,1.0,30.0,56.0,56.0,,,1,1.0,30.0
2185,0,1,,0,2,None_cut,4.0,3,0,3,None_cut,4.0,3,2,2,tomato,2,3,tomato,2,4,plate,2,5,plate,4,0,tomato,5,0,tomato,6,0,plate,6,3,,6,4,,7,1,plate,7,3,,7,4,,3,88.0,72.0,,,2,1.0,30.0,56.0,56.0,,,1,1.0,30.0
2186,0,1,,0,2,None_cut,4.0,3,0,3,None_cut,4.0,3,2,2,tomato,2,3,tomato,2,4,plate,2,5,plate,4,0,tomato,5,0,tomato,6,0,plate,6,3,,6,4,,7,1,plate,7,3,,7,4,,3,88.0,72.0,,,2,1.0,30.0,56.0,56.0,,,1,1.0,30.0
2187,0,1,,0,2,None_cut,4.0,3,0,3,None_cut,4.0,3,2,2,tomato,2,3,tomato,2,4,plate,2,5,plate,4,0,tomato,5,0,tomato,6,0,plate,6,3,,6,4,,7,1,plate,7,3,,7,4,,3,88.0,72.0,,,2,1.0,30.0,56.0,56.0,,,1,1.0,30.0
2188,0,1,,0,2,None_cut,4.0,3,0,3,None_cut,4.0,3,2,2,tomato,2,3,tomato,2,4,plate,2,5,plate,4,0,tomato,5,0,tomato,6,0,plate,6,3,,6,4,,7,1,plate,7,3,,7,4,,3,88.0,72.0,,,2,1.0,30.0,56.0,56.0,,,1,1.0,30.0
2189,0,1,,0,2,None_cut,4.0,3,0,3,None_cut,4.0,3,2,2,tomato,2,3,tomato,2,4,plate,2,5,plate,4,0,tomato,5,0,tomato,6,0,plate,6,3,,6,4,,7,1,plate,7,3,,7,4,,3,88.0,72.0,,,2,1.0,30.0,56.0,56.0,,,1,1.0,30.0
2190,0,1,,0,2,None_cut,4.0,3,0,3,None_cut,4.0,3,2,2,tomato,2,3,tomato,2,4,plate,2,5,plate,4,0,tomato,5,0,tomato,6,0,plate,6,3,,6,4,,7,1,plate,7,3,,7,4,,3,88.0,72.0,,,2,1.0,30.0,56.0,56.0,,,1,1.0,30.0
2191,0,1,,0,2,None_cut,4.0,3,0,3,None_cut,4.0,3,2,2,tomato,2,3,tomato,2,4,plate,2,5,plate,4,0,tomato,5,0,tomato,6,0,plate,6,3,,6,4,,7,1,plate,7,3,,7,4,,3,88.0,72.0,,,2,1.0,30.0,56.0,56.0,,,1,1.0,30.0
2192,0,1,,0,2,None_cut,4.0,3,0,3,None_cut,4.0,3,2,2,tomato,2,3,tomato,2,4,plate,2,5,plate,4,0,tomato,5,0,tomato,6,0,plate,6,3,,6,4,,7,1,plate,7,3,,7,4,,3,88.0,72.0,,,2,1.0,30.0,56.0,56.0,,,1,1.0,30.0
2193,0,1,,0,2,None_cut,4.0,3,0,3,None_cut,4.0,3,2,2,tomato,2,3,tomato,2,4,plate,2,5,plate,4,0,tomato,5,0,tomato,6,0,plate,6,3,,6,4,,7,1,plate,7,3,,7,4,,3,88.0,72.0,,,2,1.0,30.0,56.0,56.0,,,1,1.0,30.0
2194,0,1,,0,2,None_cut,4.0,3,0,3,None_cut,4.0,3,2,2,tomato,2,3,tomato,2,4,plate,2,5,plate,4,0,tomato,5,0,tomato,6,0,plate,6,3,,6,4,,7,1,plate,7,3,,7,4,,3,88.0,72.0,,,2,1.0,30.0,56.0,56.0,,,1,1.0,30.0
2195,0,1,,0,2,None_cut,4.0,3,0,3,None_cut,4.0,3,2,2,tomato,2,3,tomato,2,4,plate,2,5,plate,4,0,tomato,5,0,tomato,6,0,plate,6,3,,6,4,,7,1,plate,7,3,,7,4,,3,88.0,72.0,,,2,1.0,30.0,56.0,56.0,,,1,1.0,30.0
2196,0,1,,0,2,None_cut,4.0,3,0,3,None_cut,4.0,3,2,2,tomato,2,3,tomato,2,4,plate,2,5,plate,4,0,tomato,5,0,tomato,6,0,plate,6,3,,6,4,,7,1,plate,7,3,,7,4,,3,88.0,72.0,,,2,1.0,30.0,56.0,56.0,,,1,1.0,30.0
2197,0,1,,0,2,None_cut,4.0,3,0,3,None_cut,4.0,3,2,2,tomato,2,3,tomato,2,4,plate,2,5,plate,4,0,tomato,5,0,tomato,6,0,plate,6,3,,6,4,,7,1,plate,7,3,,7,4,,3,88.0,72.0,,,2,1.0,30.0,56.0,56.0,,,1,1.0,30.0
2198,0,1,,0,2,None_cut,4.0,3,0,3,None_cut,4.0,3,2,2,tomato,2,3,tomato,2,4,plate,2,5,plate,4,0,tomato,5,0,tomato,6,0,plate,6,3,,6,4,,7,1,plate,7,3,,7,4,,3,88.0,72.0,,,2,1.0,30.0,56.0,56.0,,,1,1.0,30.0
2199,0,1,,0,2,None_cut,4.0,3,0,3,None_cut,4.0,3,2,2,tomato,2,3,tomato,2,4,plate,2,5,plate,4,0,tomato,5,0,tomato,6,0,plate,6,3,,6,4,,7,1,plate,7,3,,7,4,,3,88.0,72.0,,,2,1.0,30.0,56.0,56.0,,,1,1.0,30.0
2200,0,1,,0,2,None_cut,4.0,3,0,3,None_cut,4.0,3,2,2,tomato,2,3,tomato,2,4,plate,2,5,plate,4,0,tomato,5,0,tomato,6,0,plate,6,3,,6,4,,7,1,plate,7,3,,7,4,,3,88.0,72.0,,,2,1.0,30.0,56.0,56.0,,,1,1.0,30.0
2201,0,1,,0,2,None_cut,4.0,3,0,3,None_cut,4.0,3,2,2,tomato,2,3,tomato,2,4,plate,2,5,plate,4,0,tomato,5,0,tomato,6,0,plate,6,3,,6,4,,7,1,plate,7,3,,7,4,,3,88.0,72.0,,,2,1.0,30.0,56.0,56.0,,,1,1.0,30.0
2202,0,1,,0,2,None_cut,4.0,3,0,3,None_cut,4.0,3,2,2,tomato,2,3,tomato,2,4,plate,2,5,plate,4,0,tomato,5,0,tomato,6,0,plate,6,3,,6,4,,7,1,plate,7,3,,7,4,,3,88.0,72.0,,,2,1.0,30.0,56.0,56.0,,,1,1.0,30.0
2203,0,1,,0,2,None_cut,4.0,3,0,3,None_cut,4.0,3,2,2,tomato,2,3,tomato,2,4,plate,2,5,plate,4,0,tomato,5,0,tomato,6,0,plate,6,3,,6,4,,7,1,plate,7,3,,7,4,,3,88.0,72.0,,,2,1.0,30.0,56.0,56.0,,,1,1.0,30.0
2204,0,1,,0,2,None_cut,4.0,3,0,3,None_cut,4.0,3,2,2,tomato,2,3,tomato,2,4,plate,2,5,plate,4,0,tomato,5,0,tomato,6,0,plate,6,3,,6,4,,7,1,plate,7,3,,7,4,,3,88.0,72.0,,,2,1.0,30.0,56.0,56.0,,,1,1.0,30.0
2205,0,1,,0,2,None_cut,4.0,3,0,3,None_cut,4.0,3,2,2,tomato,2,3,tomato,2,4,plate,2,5,plate,4,0,tomato,5,0,tomato,6,0,plate,6,3,,6,4,,7,1,plate,7,3,,7,4,,3,88.0,72.0,,,2,1.0,30.0,56.0,56.0,,,1,1.0,30.0
2206,0,1,,0,2,None_cut,4.0,3,0,3,None_cut,4.0,3,2,2,tomato,2,3,tomato,2,4,plate,2,5,plate,4,0,tomato,5,0,tomato,6,0,plate,6,3,,6,4,,7,1,plate,7,3,,7,4,,3,88.0,72.0,,,2,1.0,30.0,56.0,56.0,,,1,1.0,30.0
2207,0,1,,0,2,None_cut,4.0,3,0,3,None_cut,4.0,3,2,2,tomato,2,3,tomato,2,4,plate,2,5,plate,4,0,tomato,5,0,tomato,6,0,plate,6,3,,6,4,,7,1,plate,7,3,,7,4,,3,88.0,72.0,,,2,1.0,30.0,56.0,56.0,,,1,1.0,30.0
2208,0,1,,0,2,None_cut,4.0,3,0,3,None_cut,4.0,3,2,2,tomato,2,3,tomato,2,4,plate,2,5,plate,4,0,tomato,5,0,tomato,6,0,plate,6,3,,6,4,,7,1,plate,7,3,,7,4,,3,88.0,72.0,,,2,1.0,30.0,56.0,56.0,,,1,1.0,30.0
2209,0,1,,0,2,None_cut,4.0,3,0,3,None_cut,4.0,3,2,2,tomato,2,3,tomato,2,4,plate,2,5,plate,4,0,tomato,5,0,tomato,6,0,plate,6,3,,6,4,,7,1,plate,7,3,,7,4,,3,88.0,72.0,,,2,1.0,30.0,56.0,56.0,,,1,1.0,30.0
2210,0,1,,0,2,None_cut,4.0,3,0,3,None_cut,4.0,3,2,2,tomato,2,3,tomato,2,4,plate,2,5,plate,4,0,tomato,5,0,tomato,6,0,plate,6,3,,6,4,,7,1,plate,7,3,,7,4,,3,88.0,72.0,,,2,1.0,30.0,56.0,56.0,,,1,1.0,30.0
2211,0,1,,0,2,None_cut,4.0,3,0,3,None_cut,4.0,3,2,2,tomato,2,3,tomato,2,4,plate,2,5,plate,4,0,tomato,5,0,tomato,6,0,plate,6,3,,6,4,,7,1,plate,7,3,,7,4,,3,88.0,72.0,,,2,1.0,30.0,56.0,56.0,,,1,1.0,30.0
2212,0,1,,0,2,None_cut,4.0,3,0,3,None_cut,4.0,3,2,2,tomato,2,3,tomato,2,4,plate,2,5,plate,4,0,tomato,5,0,tomato,6,0,plate,6,3,,6,4,,7,1,plate,7,3,,7,4,,3,86.74999999999972,72.0,,,2,1.0,30.0,56.0,56.0,,,1,1.0,30.0
2213,0,1,,0,2,None_cut,4.0,3,0,3,None_cut,4.0,3,2,2,tomato,2,3,tomato,2,4,plate,2,5,plate,4,0,tomato,5,0,tomato,6,0,plate,6,3,,6,4,,7,1,plate,7,3,,7,4,,3,85.49999999999943,72.0,,,2,1.0,30.0,56.0,56.0,,,1,1.0,30.0
2214,0,1,,0,2,None_cut,4.0,3,0,3,None_cut,4.0,3,2,2,tomato,2,3,tomato,2,4,plate,2,5,plate,4,0,tomato,5,0,tomato,6,0,plate,6,3,,6,4,,7,1,plate,7,3,,7,4,,3,84.24999999999915,72.0,,,2,1.0,30.0,56.0,56.0,,,1,1.0,30.0
2215,0,1,,0,2,None_cut,4.0,3,0,3,None_cut,4.0,3,2,2,tomato,2,3,tomato,2,4,plate,2,5,plate,4,0,tomato,5,0,tomato,6,0,plate,6,3,,6,4,,7,1,plate,7,3,,7,4,,3,82.99999999999886,72.0,,,2,1.0,30.0,56.0,56.0,,,1,1.0,30.0
2216,0,1,,0,2,None_cut,4.0,3,0,3,None_cut,4.0,3,2,2,tomato,2,3,tomato,2,4,plate,2,5,plate,4,0,tomato,5,0,tomato,6,0,plate,6,3,,6,4,,7,1,plate,7,3,,7,4,,3,81.74999999999858,72.0,,,2,1.0,30.0,56.0,56.0,,,1,1.0,30.0
2217,0,1,,0,2,None_cut,4.0,3,0,3,None_cut,4.0,3,2,2,tomato,2,3,tomato,2,4,plate,2,5,plate,4,0,tomato,5,0,tomato,6,0,plate,6,3,,6,4,,7,1,plate,7,3,,7,4,,3,80.4999999999983,72.0,,,2,1.0,30.0,56.0,56.0,,,1,1.0,30.0
2218,0,1,,0,2,None_cut,4.0,3,0,3,None_cut,4.0,3,2,2,tomato,2,3,tomato,2,4,plate,2,5,plate,4,0,tomato,5,0,tomato,6,0,plate,6,3,,6,4,,7,1,plate,7,3,,7,4,,3,79.24999999999801,72.0,,,2,1.0,30.0,56.0,56.0,,,1,1.0,30.0
2219,0,1,,0,2,None_cut,4.0,3,0,3,None_cut,4.0,3,2,2,tomato,2,3,tomato,2,4,plate,2,5,plate,4,0,tomato,5,0,tomato,6,0,plate,6,3,,6,4,,7,1,plate,7,3,,7,4,,3,77.99999999999773,72.0,,,2,1.0,30.0,56.0,56.0,,,1,1.0,30.0
2220,0,1,,0,2,None_cut,4.0,3,0,3,None_cut,4.0,3,2,2,tomato,2,3,tomato,2,4,plate,2,5,plate,4,0,tomato,5,0,tomato,6,0,plate,6,3,,6,4,,7,1,plate,7,3,,7,4,,3,76.74999999999744,72.0,,,2,1.0,30.0,56.0,56.0,,,1,1.0,30.0
2221,0,1,,0,2,None_cut,4.0,3,0,3,None_cut,4.0,3,2,2,tomato,2,3,tomato,2,4,plate,2,5,plate,4,0,tomato,5,0,tomato,6,0,plate,6,3,,6,4,,7,1,plate,7,3,,7,4,,3,75.49999999999716,72.0,,,2,1.0,30.0,56.0,56.0,,,1,1.0,30.0
2222,0,1,,0,2,None_cut,4.0,3,0,3,None_cut,4.0,3,2,2,tomato,2,3,tomato,2,4,plate,2,5,plate,4,0,tomato,5,0,tomato,6,0,plate,6,3,,6,4,,7,1,plate,7,3,,7,4,,3,74.24999999999687,72.0,,,2,1.0,30.0,56.0,56.0,,,1,1.0,30.0
2223,0,1,,0,2,None_cut,4.0,3,0,3,None_cut,4.0,3,2,2,tomato,2,3,tomato,2,4,plate,2,5,plate,4,0,tomato,5,0,tomato,6,0,plate,6,3,,6,4,,7,1,plate,7,3,,7,4,,3,72.99999999999659,72.0,,,2,1.0,30.0,56.0,56.0,,,1,1.0,30.0
2224,0,1,,0,2,None_cut,4.0,3,0,3,None_cut,4.0,3,2,2,tomato,2,3,tomato,2,4,plate,2,5,plate,4,0,tomato,5,0,tomato,6,0,plate,6,3,,6,4,,7,1,plate,7,3,,7,4,,3,71.87983173883686,71.6837844334222,,,2,1.0,30.0,56.0,56.0,,,1,1.0,30.0
2225,0,1,,0,2,None_cut,4.0,3,0,3,None_cut,4.0,3,2,2,tomato,2,3,tomato,2,4,plate,2,5,plate,4,0,tomato,5,0,tomato,6,0,plate,6,3,,6,4,,7,1,plate,7,3,,7,4,,3,70.9904754578381,70.805407859595,,,2,1.0,30.0,56.0,56.0,,,1,1.0,30.0
2226,0,1,,0,2,None_cut,4.0,3,0,3,None_cut,4.0,3,2,2,tomato,2,3,tomato,2,4,plate,2,5,plate,4,0,tomato,5,0,tomato,6,0,plate,6,3,,6,4,,7,1,plate,7,3,,7,4,,3,70.10111917683935,69.92703128576852,,,2,1.0,30.0,56.0,56.0,,,1,1.0,30.0
2227,0,1,,0,2,None_cut,4.0,3,0,3,None_cut,4.0,3,2,2,tomato,2,3,tomato,2,4,plate,2,5,plate,4,0,tomato,5,0,tomato,6,0,plate,6,3,,6,4,,7,1,plate,7,3,,7,4,,3,69.2117628958406,69.0486547119425,,,2,1.0,30.0,56.0,56.0,,,1,1.0,30.0
2228,0,1,,0,2,None_cut,4.0,3,0,3,None_cut,4.0,3,2,2,tomato,2,3,tomato,2,4,plate,2,5,plate,4,0,tomato,5,0,tomato,6,0,plate,6,3,,6,4,,7,1,plate,7,3,,7,4,,3,68.32240661484184,68.1702781381165,,,2,1.0,30.0,56.0,56.0,,,1,1.0,30.0
2229,0,1,,0,2,None_cut,4.0,3,0,3,None_cut,4.0,3,2,2,tomato,2,3,tomato,2,4,plate,2,5,plate,4,0,tomato,5,0,tomato,6,0,plate,6,3,,6,4,,7,1,plate,7,3,,7,4,,3,67.43305033384308,67.29190156429048,,,2,1.0,30.0,56.0,56.0,,,1,1.0,30.0
2230,0,1,,0,2,None_cut,4.0,3,0,3,None_cut,4.0,3,2,2,tomato,2,3,tomato,2,4,plate,2,5,plate,4,0,tomato,5,0,tomato,6,0,plate,6,3,,6,4,,7,1,plate,7,3,,7,4,,3,66.54369405284433,66.41352499046448,,,2,1.0,30.0,56.0,56.0,,,1,1.0,30.0
2231,0,1,,0,2,None_cut,4.0,3,0,3,None_cut,4.0,3,2,2,tomato,2,3,tomato,2,4,plate,2,5,plate,4,0,tomato,5,0,tomato,6,0,plate,6,3,,6,4,,7,1,plate,7,3,,7,4,,3,65.65433777184558,65.53514841663846,,,2,1.0,30.0,56.0,56.0,,,1,1.0,30.0
2232,0,1,,0,2,None_cut,4.0,3,0,3,None_cut,4.0,3,2,2,tomato,2,3,tomato,2,4,plate,2,5,plate,4,0,tomato,5,0,tomato,6,0,plate,6,3,,6,4,,7,1,plate,7,3,,7,4,,3,64.76498149084682,64.65677184281246,,,2,1.0,30.0,56.0,56.0,,,1,1.0,30.0
2233,0,1,,0,2,None_cut,4.0,3,0,3,None_cut,4.0,3,2,2,tomato,2,3,tomato,2,4,plate,2,5,plate,4,0,tomato,5,0,tomato,6,0,plate,6,3,,6,4,,7,1,plate,7,3,,7,4,,3,63.87562520984797,63.778395268986316,,,2,1.0,30.0,56.0,56.0,,,1,1.0,30.0
2234,0,1,,0,2,None_cut,4.0,3,0,3,None_cut,4.0,3,2,2,tomato,2,3,tomato,2,4,plate,2,5,plate,4,0,tomato,5,0,tomato,6,0,plate,6,3,,6,4,,7,1,plate,7,3,,7,4,,3,62.9862689288485,62.900018695159815,,,2,1.0,30.0,56.0,56.0,,,1,1.0,30.0
2235,0,1,,0,2,None_cut,4.0,3,0,3,None_cut,4.0,3,2,2,tomato,2,3,tomato,2,4,plate,2,5,plate,4,0,tomato,5,0,tomato,6,0,plate,6,3,,6,4,,7,1,plate,7,3,,7,4,,3,62.09691264784904,62.021642121333315,,,2,1.0,30.0,56.0,56.0,,,1,1.0,30.0
2236,0,1,,0,2,None_cut,4.0,3,0,3,None_cut,4.0,3,2,2,tomato,2,3,tomato,2,4,plate,2,5,plate,4,0,tomato,5,0,tomato,6,0,plate,6,3,,6,4,,7,1,plate,7,3,,7,4,,3,61.20755636684957,61.143265547506815,,,2,1.0,30.0,56.0,56.0,,,1,1.0,30.0
2237,0,1,,0,2,None_cut,4.0,3,0,3,None_cut,4.0,3,2,2,tomato,2,3,tomato,2,4,plate,2,5,plate,4,0,tomato,5,0,tomato,6,0,plate,6,3,,6,4,,7,1,plate,7,3,,7,4,,3,60.31820008585011,60.264888973680314,,,2,1.0,30.0,56.0,56.0,,,1,1.0,30.0
2238,0,1,,0,2,None_cut,4.0,3,0,3,None_cut,4.0,3,2,2,tomato,2,3,tomato,2,4,plate,2,5,plate,4,0,tomato,5,0,tomato,6,0,plate,6,3,,6,4,,7,1,plate,7,3,,7,4,,3,59.42884380485064,59.386512399853814,,,2,1.0,30.0,56.0,56.0,,,1,1.0,30.0
2239,0,1,,0,2,None_cut,4.0,3,0,3,None_cut,4.0,3,2,2,tomato,2,3,tomato,2,4,plate,2,5,plate,4,0,tomato,5,0,tomato,6,0,plate,6,3,,6,4,,7,1,plate,7,3,,7,4,,3,58.539487523851605,58.50813582602731,,,2,1.0,30.0,56.0,56.0,,,1,1.0,30.0
2240,0,1,,0,2,None_cut,4.0,3,0,3,None_cut,4.0,3,2,2,tomato,2,3,tomato,2,4,plate,2,5,plate,4,0,tomato,5,0,tomato,6,0,plate,6,3,,6,4,,7,1,plate,7,3,,7,4,,3,57.65013124285264,57.62975925220081,,,2,1.0,30.0,56.0,56.0,,,1,1.0,30.0
2241,0,1,,0,2,None_cut,4.0,3,0,3,None_cut,4.0,3,2,2,tomato,2,3,tomato,2,4,plate,2,5,plate,4,0,tomato,5,0,tomato,6,0,plate,6,3,,6,4,,7,1,plate,7,3,,7,4,,3,56.76077496185368,56.75138267837431,,,2,1.0,30.0,56.0,56.0,,,1,1.0,30.0
2242,0,1,,0,2,None_cut,4.0,3,0,3,None_cut,4.0,3,2,2,tomato,2,3,tomato,2,4,plate,2,5,plate,4,0,tomato,5,0,tomato,6,0,plate,6,3,,6,4,,7,1,plate,7,3,,7,4,,3,56.0,56.0,,,2,1.0,30.0,56.0,56.0,,,1,1.0,30.0
2243,0,1,,0,2,None_cut,4.0,3,0,3,None_cut,4.0,3,2,2,tomato,2,3,,2,4,plate,2,5,plate,4,0,tomato,5,0,tomato,6,0,plate,6,3,,6,4,,7,1,plate,7,3,,7,4,,3,56.0,56.0,,tomato,2,1.0,30.0,56.0,56.0,,,1,1.0,30.0
2244,0,1,,0,2,None_cut,4.0,3,0,3,None_cut,4.0,3,2,2,tomato,2,3,,2,4,plate,2,5,plate,4,0,tomato,5,0,tomato,6,0,plate,6,3,,6,4,,7,1,plate,7,3,,7,4,,3,56.0,56.0,,tomato,2,1.0,30.0,56.0,56.0,,,1,1.0,30.0
2245,0,1,,0,2,None_cut,4.0,3,0,3,None_cut,4.0,3,2,2,tomato,2,3,,2,4,plate,2,5,plate,4,0,tomato,5,0,tomato,6,0,plate,6,3,,6,4,,7,1,plate,7,3,,7,4,,3,56.0,56.0,,tomato,2,1.0,30.0,56.0,56.0,,,1,1.0,30.0
2246,0,1,,0,2,None_cut,4.0,3,0,3,None_cut,4.0,3,2,2,tomato,2,3,,2,4,plate,2,5,plate,4,0,tomato,5,0,tomato,6,0,plate,6,3,,6,4,,7,1,plate,7,3,,7,4,,3,56.0,56.0,,tomato,2,1.0,30.0,56.0,56.0,,,1,1.0,30.0
2247,0,1,,0,2,None_cut,4.0,3,0,3,None_cut,4.0,3,2,2,tomato,2,3,,2,4,plate,2,5,plate,4,0,tomato,5,0,tomato,6,0,plate,6,3,,6,4,,7,1,plate,7,3,,7,4,,3,56.0,56.0,,tomato,2,1.0,30.0,56.0,56.0,,,1,1.0,30.0
2248,0,1,,0,2,None_cut,4.0,3,0,3,None_cut,4.0,3,2,2,tomato,2,3,,2,4,plate,2,5,plate,4,0,tomato,5,0,tomato,6,0,plate,6,3,,6,4,,7,1,plate,7,3,,7,4,,3,56.0,56.0,,tomato,2,1.0,30.0,56.0,56.0,,,1,1.0,30.0
2249,0,1,,0,2,None_cut,4.0,3,0,3,None_cut,4.0,3,2,2,tomato,2,3,,2,4,plate,2,5,plate,4,0,tomato,5,0,tomato,6,0,plate,6,3,,6,4,,7,1,plate,7,3,,7,4,,3,56.0,56.0,,tomato,2,1.0,30.0,56.0,56.0,,,1,1.0,30.0
2250,0,1,,0,2,None_cut,4.0,3,0,3,None_cut,4.0,3,2,2,tomato,2,3,,2,4,plate,2,5,plate,4,0,tomato,5,0,tomato,6,0,plate,6,3,,6,4,,7,1,plate,7,3,,7,4,,3,56.0,56.0,,tomato,2,1.0,30.0,56.0,56.0,,,1,1.0,30.0
2251,0,1,,0,2,None_cut,4.0,3,0,3,None_cut,4.0,3,2,2,tomato,2,3,,2,4,plate,2,5,plate,4,0,tomato,5,0,tomato,6,0,plate,6,3,,6,4,,7,1,plate,7,3,,7,4,,3,56.0,56.0,,tomato,2,1.0,30.0,56.0,56.0,,,1,1.0,30.0
2252,0,1,,0,2,None_cut,4.0,3,0,3,None_cut,4.0,3,2,2,tomato,2,3,,2,4,plate,2,5,plate,4,0,tomato,5,0,tomato,6,0,plate,6,3,,6,4,,7,1,plate,7,3,,7,4,,3,56.0,56.0,,tomato,2,1.0,30.0,56.0,56.0,,,1,1.0,30.0
2253,0,1,,0,2,None_cut,4.0,3,0,3,None_cut,4.0,3,2,2,tomato,2,3,,2,4,plate,2,5,plate,4,0,tomato,5,0,tomato,6,0,plate,6,3,,6,4,,7,1,plate,7,3,,7,4,,3,56.0,56.0,,tomato,2,1.0,30.0,56.0,56.0,,,1,1.0,30.0
2254,0,1,,0,2,None_cut,4.0,3,0,3,None_cut,4.0,3,2,2,tomato,2,3,,2,4,plate,2,5,plate,4,0,tomato,5,0,tomato,6,0,plate,6,3,,6,4,,7,1,plate,7,3,,7,4,,3,56.0,56.0,,tomato,2,1.0,30.0,56.0,56.0,,,1,1.0,30.0
2255,0,1,,0,2,None_cut,4.0,3,0,3,None_cut,4.0,3,2,2,tomato,2,3,,2,4,plate,2,5,plate,4,0,tomato,5,0,tomato,6,0,plate,6,3,,6,4,,7,1,plate,7,3,,7,4,,3,56.0,56.0,,tomato,2,1.0,30.0,56.0,56.0,,,1,1.0,30.0
2256,0,1,,0,2,None_cut,4.0,3,0,3,None_cut,4.0,3,2,2,tomato,2,3,,2,4,plate,2,5,plate,4,0,tomato,5,0,tomato,6,0,plate,6,3,,6,4,,7,1,plate,7,3,,7,4,,3,56.0,56.0,,tomato,2,1.0,30.0,56.0,56.0,,,1,1.0,30.0
2257,0,1,,0,2,None_cut,4.0,3,0,3,None_cut,4.0,3,2,2,tomato,2,3,,2,4,plate,2,5,plate,4,0,tomato,5,0,tomato,6,0,plate,6,3,,6,4,,7,1,plate,7,3,,7,4,,3,56.0,56.0,,tomato,2,1.0,30.0,56.0,56.0,,,1,1.0,30.0
2258,0,1,,0,2,None_cut,4.0,3,0,3,None_cut,4.0,3,2,2,tomato,2,3,,2,4,plate,2,5,plate,4,0,tomato,5,0,tomato,6,0,plate,6,3,,6,4,,7,1,plate,7,3,,7,4,,3,56.0,56.0,,tomato,2,1.0,30.0,56.0,56.0,,,1,1.0,30.0
2259,0,1,,0,2,None_cut,4.0,3,0,3,None_cut,4.0,3,2,2,tomato,2,3,,2,4,plate,2,5,plate,4,0,tomato,5,0,tomato,6,0,plate,6,3,,6,4,,7,1,plate,7,3,,7,4,,3,56.0,56.0,,tomato,2,1.0,30.0,56.0,56.0,,,1,1.0,30.0
2260,0,1,,0,2,None_cut,4.0,3,0,3,None_cut,4.0,3,2,2,tomato,2,3,,2,4,plate,2,5,plate,4,0,tomato,5,0,tomato,6,0,plate,6,3,,6,4,,7,1,plate,7,3,,7,4,,3,56.0,56.0,,tomato,2,1.0,30.0,56.0,56.0,,,1,1.0,30.0
2261,0,1,,0,2,None_cut,4.0,3,0,3,None_cut,4.0,3,2,2,tomato,2,3,,2,4,plate,2,5,plate,4,0,tomato,5,0,tomato,6,0,plate,6,3,,6,4,,7,1,plate,7,3,,7,4,,3,56.0,56.0,,tomato,2,1.0,30.0,56.0,56.0,,,1,1.0,30.0
2262,0,1,,0,2,None_cut,4.0,3,0,3,None_cut,4.0,3,2,2,tomato,2,3,,2,4,plate,2,5,plate,4,0,tomato,5,0,tomato,6,0,plate,6,3,,6,4,,7,1,plate,7,3,,7,4,,3,56.0,56.0,,tomato,2,1.0,30.0,56.0,56.0,,,1,1.0,30.0
2263,0,1,,0,2,None_cut,4.0,3,0,3,None_cut,4.0,3,2,2,tomato,2,3,,2,4,plate,2,5,plate,4,0,tomato,5,0,tomato,6,0,plate,6,3,,6,4,,7,1,plate,7,3,,7,4,,3,56.0,56.0,,tomato,2,1.0,30.0,56.0,56.0,,,1,1.0,30.0
2264,0,1,,0,2,None_cut,4.0,3,0,3,None_cut,4.0,3,2,2,tomato,2,3,,2,4,plate,2,5,plate,4,0,tomato,5,0,tomato,6,0,plate,6,3,,6,4,,7,1,plate,7,3,,7,4,,3,56.0,56.0,,tomato,2,1.0,30.0,56.0,56.0,,,1,1.0,30.0
2265,0,1,,0,2,None_cut,4.0,3,0,3,None_cut,4.0,3,2,2,tomato,2,3,,2,4,plate,2,5,plate,4,0,tomato,5,0,tomato,6,0,plate,6,3,,6,4,,7,1,plate,7,3,,7,4,,3,56.0,56.0,,tomato,2,1.0,30.0,56.0,56.0,,,1,1.0,30.0
2266,0,1,,0,2,None_cut,4.0,3,0,3,None_cut,4.0,3,2,2,tomato,2,3,,2,4,plate,2,5,plate,4,0,tomato,5,0,tomato,6,0,plate,6,3,,6,4,,7,1,plate,7,3,,7,4,,3,56.0,56.0,,tomato,2,1.0,30.0,56.0,56.0,,,1,1.0,30.0
2267,0,1,,0,2,None_cut,4.0,3,0,3,None_cut,4.0,3,2,2,tomato,2,3,,2,4,plate,2,5,plate,4,0,tomato,5,0,tomato,6,0,plate,6,3,,6,4,,7,1,plate,7,3,,7,4,,3,56.0,56.0,,tomato,2,1.0,30.0,56.0,56.0,,,1,1.0,30.0
2268,0,1,,0,2,None_cut,4.0,3,0,3,None_cut,4.0,3,2,2,tomato,2,3,,2,4,plate,2,5,plate,4,0,tomato,5,0,tomato,6,0,plate,6,3,,6,4,,7,1,plate,7,3,,7,4,,3,56.0,56.0,,tomato,2,1.0,30.0,56.0,56.0,,,1,1.0,30.0
2269,0,1,,0,2,None_cut,4.0,3,0,3,None_cut,4.0,3,2,2,tomato,2,3,,2,4,plate,2,5,plate,4,0,tomato,5,0,tomato,6,0,plate,6,3,,6,4,,7,1,plate,7,3,,7,4,,3,56.0,56.0,,tomato,2,1.0,30.0,56.0,56.0,,,1,1.0,30.0
2270,0,1,,0,2,None_cut,4.0,3,0,3,None_cut,4.0,3,2,2,tomato,2,3,,2,4,plate,2,5,plate,4,0,tomato,5,0,tomato,6,0,plate,6,3,,6,4,,7,1,plate,7,3,,7,4,,3,56.0,56.0,,tomato,2,1.0,30.0,56.0,56.0,,,1,1.0,30.0
2271,0,1,,0,2,None_cut,4.0,3,0,3,None_cut,4.0,3,2,2,tomato,2,3,,2,4,plate,2,5,plate,4,0,tomato,5,0,tomato,6,0,plate,6,3,,6,4,,7,1,plate,7,3,,7,4,,3,56.0,56.0,,tomato,2,1.0,30.0,56.0,56.0,,,1,1.0,30.0
2272,0,1,,0,2,None_cut,4.0,3,0,3,None_cut,4.0,3,2,2,tomato,2,3,,2,4,plate,2,5,plate,4,0,tomato,5,0,tomato,6,0,plate,6,3,,6,4,,7,1,plate,7,3,,7,4,,3,56.0,56.0,,tomato,2,1.0,30.0,56.0,56.0,,,1,1.0,30.0
2273,0,1,,0,2,None_cut,4.0,3,0,3,None_cut,4.0,3,2,2,tomato,2,3,,2,4,plate,2,5,plate,4,0,tomato,5,0,tomato,6,0,plate,6,3,,6,4,,7,1,plate,7,3,,7,4,,3,56.0,56.0,,tomato,2,1.0,30.0,56.0,56.0,,,1,1.0,30.0
2274,0,1,,0,2,None_cut,4.0,3,0,3,None_cut,4.0,3,2,2,tomato,2,3,,2,4,plate,2,5,plate,4,0,tomato,5,0,tomato,6,0,plate,6,3,,6,4,,7,1,plate,7,3,,7,4,,3,56.0,56.0,,tomato,2,1.0,30.0,56.0,56.0,,,1,1.0,30.0
2275,0,1,,0,2,None_cut,4.0,3,0,3,None_cut,4.0,3,2,2,tomato,2,3,,2,4,plate,2,5,plate,4,0,tomato,5,0,tomato,6,0,plate,6,3,,6,4,,7,1,plate,7,3,,7,4,,3,56.0,56.0,,tomato,2,1.0,30.0,56.0,56.0,,,1,1.0,30.0
2276,0,1,,0,2,None_cut,4.0,3,0,3,None_cut,4.0,3,2,2,tomato,2,3,,2,4,plate,2,5,plate,4,0,tomato,5,0,tomato,6,0,plate,6,3,,6,4,,7,1,plate,7,3,,7,4,,3,56.0,56.0,,tomato,2,1.0,30.0,56.0,56.0,,,1,1.0,30.0
2277,0,1,,0,2,None_cut,4.0,3,0,3,None_cut,4.0,3,2,2,tomato,2,3,,2,4,plate,2,5,plate,4,0,tomato,5,0,tomato,6,0,plate,6,3,,6,4,,7,1,plate,7,3,,7,4,,3,56.0,56.0,,tomato,2,1.0,30.0,56.88388347648305,55.11611652351695,,,1,1.0,30.0
2278,0,1,,0,2,None_cut,4.0,3,0,3,None_cut,4.0,3,2,2,tomato,2,3,,2,4,plate,2,5,plate,4,0,tomato,5,0,tomato,6,0,plate,6,3,,6,4,,7,1,plate,7,3,,7,4,,3,56.0,56.0,,tomato,2,1.0,30.0,57.7677669529661,54.2322330470339,,,1,1.0,30.0
2279,0,1,,0,2,None_cut,4.0,3,0,3,None_cut,4.0,3,2,2,tomato,2,3,,2,4,plate,2,5,plate,4,0,tomato,5,0,tomato,6,0,plate,6,3,,6,4,,7,1,plate,7,3,,7,4,,3,56.0,56.0,,tomato,2,1.0,30.0,58.65165042944915,53.34834957055085,,,1,1.0,30.0
2280,0,1,,0,2,None_cut,4.0,3,0,3,None_cut,4.0,3,2,2,tomato,2,3,,2,4,plate,2,5,plate,4,0,tomato,5,0,tomato,6,0,plate,6,3,,6,4,,7,1,plate,7,3,,7,4,,3,56.0,56.0,,tomato,2,1.0,30.0,59.5355339059322,52.4644660940678,,,1,1.0,30.0
2281,0,1,,0,2,None_cut,4.0,3,0,3,None_cut,4.0,3,2,2,tomato,2,3,,2,4,plate,2,5,plate,4,0,tomato,5,0,tomato,6,0,plate,6,3,,6,4,,7,1,plate,7,3,,7,4,,3,56.0,56.0,,tomato,2,1.0,30.0,60.41941738241525,51.58058261758475,,,1,1.0,30.0
2282,0,1,,0,2,None_cut,4.0,3,0,3,None_cut,4.0,3,2,2,tomato,2,3,,2,4,plate,2,5,plate,4,0,tomato,5,0,tomato,6,0,plate,6,3,,6,4,,7,1,plate,7,3,,7,4,,3,56.0,56.0,,tomato,2,1.0,30.0,61.3033008588983,50.6966991411017,,,1,1.0,30.0
2283,0,1,,0,2,None_cut,4.0,3,0,3,None_cut,4.0,3,2,2,tomato,2,3,,2,4,plate,2,5,plate,4,0,tomato,5,0,tomato,6,0,plate,6,3,,6,4,,7,1,plate,7,3,,7,4,,3,56.0,56.0,,tomato,2,1.0,30.0,62.187184335381346,49.812815664618654,,,1,1.0,30.0
2284,0,1,,0,2,None_cut,4.0,3,0,3,None_cut,4.0,3,2,2,tomato,2,3,,2,4,plate,2,5,plate,4,0,tomato,5,0,tomato,6,0,plate,6,3,,6,4,,7,1,plate,7,3,,7,4,,3,56.0,57.250000000000284,,tomato,2,1.0,30.0,63.071067811864395,48.928932188135605,,,1,1.0,30.0
2285,0,1,,0,2,None_cut,4.0,3,0,3,None_cut,4.0,3,2,2,tomato,2,3,,2,4,plate,2,5,plate,4,0,tomato,5,0,tomato,6,0,plate,6,3,,6,4,,7,1,plate,7,3,,7,4,,3,56.0,58.50000000000057,,tomato,2,1.0,30.0,63.954951288347445,48.045048711652555,,,1,1.0,30.0
2286,0,1,,0,2,None_cut,4.0,3,0,3,None_cut,4.0,3,2,2,tomato,2,3,,2,4,plate,2,5,plate,4,0,tomato,5,0,tomato,6,0,plate,6,3,,6,4,,7,1,plate,7,3,,7,4,,3,56.0,59.75000000000085,,tomato,2,1.0,30.0,64.8388347648305,47.161165235169506,,,1,1.0,30.0
2287,0,1,,0,2,None_cut,4.0,3,0,3,None_cut,4.0,3,2,2,tomato,2,3,,2,4,plate,2,5,plate,4,0,tomato,5,0,tomato,6,0,plate,6,3,,6,4,,7,1,plate,7,3,,7,4,,3,56.0,61.00000000000114,,tomato,2,1.0,30.0,65.72271824131354,46.277281758686456,,,1,1.0,30.0
2288,0,1,,0,2,None_cut,4.0,3,0,3,None_cut,4.0,3,2,2,tomato,2,3,,2,4,plate,2,5,plate,4,0,tomato,5,0,tomato,6,0,plate,6,3,,6,4,,7,1,plate,7,3,,7,4,,3,56.0,62.25000000000142,,tomato,2,1.0,30.0,66.6066017177966,45.39339828220341,,,1,1.0,30.0
2289,0,1,,0,2,None_cut,4.0,3,0,3,None_cut,4.0,3,2,2,tomato,2,3,,2,4,plate,2,5,plate,4,0,tomato,5,0,tomato,6,0,plate,6,3,,6,4,,7,1,plate,7,3,,7,4,,3,56.0,63.500000000001705,,tomato,2,1.0,30.0,67.49048519427964,44.50951480572036,,,1,1.0,30.0
2290,0,1,,0,2,None_cut,4.0,3,0,3,None_cut,4.0,3,2,2,tomato,2,3,,2,4,plate,2,5,plate,4,0,tomato,5,0,tomato,6,0,plate,6,3,,6,4,,7,1,plate,7,3,,7,4,,3,56.0,64.75000000000199,,tomato,2,1.0,30.0,68.37436867076269,43.62563132923731,,,1,1.0,30.0
2291,0,1,,0,2,None_cut,4.0,3,0,3,None_cut,4.0,3,2,2,tomato,2,3,,2,4,plate,2,5,plate,4,0,tomato,5,0,tomato,6,0,plate,6,3,,6,4,,7,1,plate,7,3,,7,4,,3,56.0,66.00000000000227,,tomato,2,1.0,30.0,69.25825214724574,42.74174785275426,,,1,1.0,30.0
2292,0,1,,0,2,None_cut,4.0,3,0,3,None_cut,4.0,3,2,2,tomato,2,3,,2,4,plate,2,5,plate,4,0,tomato,5,0,tomato,6,0,plate,6,3,,6,4,,7,1,plate,7,3,,7,4,,3,56.0,67.25000000000256,,tomato,2,1.0,30.0,70.14213562372879,41.85786437627121,,,1,1.0,30.0
2293,0,1,,0,2,None_cut,4.0,3,0,3,None_cut,4.0,3,2,2,tomato,2,3,,2,4,plate,2,5,plate,4,0,tomato,5,0,tomato,6,0,plate,6,3,,6,4,,7,1,plate,7,3,,7,4,,3,56.0,68.50000000000284,,tomato,2,1.0,30.0,71.02601910021184,40.97398089978816,,,1,1.0,30.0
2294,0,1,,0,2,None_cut,4.0,3,0,3,None_cut,4.0,3,2,2,tomato,2,3,,2,4,plate,2,5,plate,4,0,tomato,5,0,tomato,6,0,plate,6,3,,6,4,,7,1,plate,7,3,,7,4,,3,56.0,69.75000000000313,,tomato,2,1.0,30.0,71.90990257669489,40.09009742330511,,,1,1.0,30.0
2295,0,1,,0,2,None_cut,4.0,3,0,3,None_cut,4.0,3,2,2,tomato,2,3,,2,4,plate,2,5,plate,4,0,tomato,5,0,tomato,6,0,plate,6,3,,6,4,,7,1,plate,7,3,,7,4,,3,56.0,71.00000000000341,,tomato,2,1.0,30.0,72.79378605317794,39.20621394682206,,,1,1.0,30.0
2296,0,1,,0,2,None_cut,4.0,3,0,3,None_cut,4.0,3,2,2,tomato,2,3,,2,4,plate,2,5,plate,4,0,tomato,5,0,tomato,6,0,plate,6,3,,6,4,,7,1,plate,7,3,,7,4,,3,56.0,72.2500000000037,,tomato,2,1.0,30.0,73.67766952966099,38.32233047033901,,,1,1.0,30.0
2297,0,1,,0,2,None_cut,4.0,3,0,3,None_cut,4.0,3,2,2,tomato,2,3,,2,4,plate,2,5,plate,4,0,tomato,5,0,tomato,6,0,plate,6,3,,6,4,,7,1,plate,7,3,,7,4,,3,56.0,73.50000000000398,,tomato,2,1.0,30.0,74.56155300614404,37.43844699385596,,,1,1.0,30.0
2298,0,1,,0,2,None_cut,4.0,3,0,3,None_cut,4.0,3,2,2,tomato,2,3,,2,4,plate,2,5,plate,4,0,tomato,5,0,tomato,6,0,plate,6,3,,6,4,,7,1,plate,7,3,,7,4,,3,56.0,74.75000000000426,,tomato,2,1.0,30.0,75.44543648262709,36.55456351737291,,,1,1.0,30.0
2299,0,1,,0,2,None_cut,4.0,3,0,3,None_cut,4.0,3,2,2,tomato,2,3,,2,4,plate,2,5,plate,4,0,tomato,5,0,tomato,6,0,plate,6,3,,6,4,,7,1,plate,7,3,,7,4,,3,56.0,76.00000000000455,,tomato,2,1.0,30.0,76.32931995911014,35.67068004088986,,,1,1.0,30.0
2300,0,1,,0,2,None_cut,4.0,3,0,3,None_cut,4.0,3,2,2,tomato,2,3,,2,4,plate,2,5,plate,4,0,tomato,5,0,tomato,6,0,plate,6,3,,6,4,,7,1,plate,7,3,,7,4,,3,56.0,77.25000000000483,,tomato,2,1.0,30.0,77.21320343559319,34.786796564406814,,,1,1.0,30.0
2301,0,1,,0,2,None_cut,4.0,3,0,3,None_cut,4.0,3,2,2,tomato,2,3,,2,4,plate,2,5,plate,4,0,tomato,5,0,tomato,6,0,plate,6,3,,6,4,,7,1,plate,7,3,,7,4,,3,56.0,78.50000000000512,,tomato,2,1.0,30.0,78.09708691207624,33.902913087923764,,,1,1.0,30.0
2302,0,1,,0,2,None_cut,4.0,3,0,3,None_cut,4.0,3,2,2,tomato,2,3,,2,4,plate,2,5,plate,4,0,tomato,5,0,tomato,6,0,plate,6,3,,6,4,,7,1,plate,7,3,,7,4,,3,56.0,79.7500000000054,,tomato,2,1.0,30.0,78.98097038855929,33.019029611440715,,,1,1.0,30.0
2303,0,1,,0,2,None_cut,4.0,3,0,3,None_cut,4.0,3,2,2,tomato,2,3,,2,4,plate,2,5,plate,4,0,tomato,5,0,tomato,6,0,plate,6,3,,6,4,,7,1,plate,7,3,,7,4,,3,56.0,81.00000000000568,,tomato,2,1.0,30.0,79.86485386504233,32.135146134957665,,,1,1.0,30.0
2304,0,1,,0,2,None_cut,4.0,3,0,3,None_cut,4.0,3,2,2,tomato,2,3,,2,4,plate,2,5,plate,4,0,tomato,5,0,tomato,6,0,plate,6,3,,6,4,,7,1,plate,7,3,,7,4,,3,56.0,82.25000000000597,,tomato,2,1.0,30.0,80.74873734152538,31.251262658474616,,,1,1.0,30.0
2305,0,1,,0,2,None_cut,4.0,3,0,3,None_cut,4.0,3,2,2,tomato,2,3,,2,4,plate,2,5,plate,4,0,tomato,5,0,tomato,6,0,plate,6,3,,6,4,,7,1,plate,7,3,,7,4,,3,56.0,83.50000000000625,,tomato,2,1.0,30.0,81.63262081800843,30.367379181991566,,,1,1.0,30.0
2306,0,1,,0,2,None_cut,4.0,3,0,3,None_cut,4.0,3,2,2,tomato,2,3,,2,4,plate,2,5,plate,4,0,tomato,5,0,tomato,6,0,plate,6,3,,6,4,,7,1,plate,7,3,,7,4,,3,56.0,84.75000000000654,,tomato,2,1.0,30.0,82.51650429449148,29.483495705508517,,,1,1.0,30.0
2307,0,1,,0,2,None_cut,4.0,3,0,3,None_cut,4.0,3,2,2,tomato,2,3,,2,4,plate,2,5,plate,4,0,tomato,5,0,tomato,6,0,plate,6,3,,6,4,,7,1,plate,7,3,,7,4,,3,56.0,86.00000000000682,,tomato,2,1.0,30.0,83.40038777097453,28.599612229025468,,,1,1.0,30.0
2308,0,1,,0,2,None_cut,4.0,3,0,3,None_cut,4.0,3,2,2,tomato,2,3,,2,4,plate,2,5,plate,4,0,tomato,5,0,tomato,6,0,plate,6,3,,6,4,,7,1,plate,7,3,,7,4,,3,56.0,87.2500000000071,,tomato,2,1.0,30.0,84.28427124745758,27.715728752542418,,,1,1.0,30.0
2309,0,1,,0,2,None_cut,4.0,3,0,3,None_cut,4.0,3,2,2,tomato,2,3,,2,4,plate,2,5,plate,4,0,tomato,5,0,tomato,6,0,plate,6,3,,6,4,,7,1,plate,7,3,,7,4,,3,55.50810911865716,88.29803951736653,,tomato,2,1.0,30.0,85.16815472394063,26.83184527605937,,,1,1.0,30.0
2310,0,1,,0,2,None_cut,4.0,3,0,3,None_cut,4.0,3,2,2,tomato,2,3,,2,4,plate,2,5,plate,4,0,tomato,5,0,tomato,6,0,plate,6,3,,6,4,,7,1,plate,7,3,,7,4,,3,54.62973254483066,89.18739579836529,,tomato,2,1.0,30.0,86.05203820042368,25.94796179957632,,,1,1.0,30.0
2311,0,1,,0,2,None_cut,4.0,3,0,3,None_cut,4.0,3,2,2,tomato,2,3,,2,4,plate,2,5,plate,4,0,tomato,5,0,tomato,6,0,plate,6,3,,6,4,,7,1,plate,7,3,,7,4,,3,53.75135597100416,90.07675207936404,,tomato,2,1.0,30.0,86.93592167690673,25.06407832309327,,,1,1.0,30.0
2312,0,1,,0,2,None_cut,4.0,3,0,3,None_cut,4.0,3,2,2,tomato,2,3,,2,4,plate,2,5,plate,4,0,tomato,5,0,tomato,6,0,plate,6,3,,6,4,,7,1,plate,7,3,,7,4,,3,52.87297939717766,90.9661083603628,,tomato,2,1.0,30.0,88.0,24.0,,,1,1.0,30.0
2313,0,1,,0,2,None_cut,4.0,3,0,3,None_cut,4.0,3,2,2,tomato,2,3,,2,4,plate,2,5,plate,4,0,tomato,5,0,tomato,6,0,plate,6,3,,6,4,,7,1,plate,7,3,,7,4,,3,51.99460282335116,91.85546464136155,,tomato,2,1.0,30.0,88.0,24.0,,tomato,1,1.0,30.0
2314,0,1,,0,2,None_cut,4.0,3,0,3,None_cut,4.0,3,2,2,tomato,2,3,,2,4,plate,2,5,plate,4,0,tomato,5,0,tomato,6,0,plate,6,3,,6,4,,7,1,plate,7,3,,7,4,,3,51.11622624952466,92.7448209223603,,tomato,2,1.0,30.0,88.0,24.0,,tomato,1,1.0,30.0
2315,0,1,,0,2,None_cut,4.0,3,0,3,None_cut,4.0,3,2,2,tomato,2,3,,2,4,plate,2,5,plate,4,0,tomato,5,0,tomato,6,0,plate,6,3,,6,4,,7,1,plate,7,3,,7,4,,3,50.23784967569816,93.63417720335906,,tomato,2,1.0,30.0,88.0,24.0,,tomato,1,1.0,30.0
2316,0,1,,0,2,None_cut,4.0,3,0,3,None_cut,4.0,3,2,2,tomato,2,3,,2,4,plate,2,5,plate,4,0,tomato,5,0,tomato,6,0,plate,6,3,,6,4,,7,1,plate,7,3,,7,4,,3,49.35947310187166,94.52353348435781,,tomato,2,1.0,30.0,88.0,24.0,,tomato,1,1.0,30.0
2317,0,1,,0,2,None_cut,4.0,3,0,3,None_cut,4.0,3,2,2,tomato,2,3,,2,4,plate,2,5,plate,4,0,tomato,5,0,tomato,6,0,plate,6,3,,6,4,,7,1,plate,7,3,,7,4,,3,48.48109652804516,95.41288976535657,,tomato,2,1.0,30.0,88.0,24.0,,tomato,1,1.0,30.0
2318,0,1,,0,2,None_cut,4.0,3,0,3,None_cut,4.0,3,2,2,tomato,2,3,,2,4,plate,2,5,plate,4,0,tomato,5,0,tomato,6,0,plate,6,3,,6,4,,7,1,plate,7,3,,7,4,,3,47.60271995421866,96.30224604635532,,tomato,2,1.0,30.0,88.0,24.0,,tomato,1,1.0,30.0
2319,0,1,,0,2,None_cut,4.0,3,0,3,None_cut,4.0,3,2,2,tomato,2,3,,2,4,plate,2,5,plate,4,0,tomato,5,0,tomato,6,0,plate,6,3,,6,4,,7,1,plate,7,3,,7,4,,3,46.724343380392156,97.19160232735408,,tomato,2,1.0,30.0,88.0,24.0,,tomato,1,1.0,30.0
2320,0,1,,0,2,None_cut,4.0,3,0,3,None_cut,4.0,3,2,2,tomato,2,3,,2,4,plate,2,5,plate,4,0,tomato,5,0,tomato,6,0,plate,6,3,,6,4,,7,1,plate,7,3,,7,4,,3,45.845966806565656,98.08095860835283,,tomato,2,1.0,30.0,88.0,24.0,,tomato,1,1.0,30.0
2321,0,1,,0,2,None_cut,4.0,3,0,3,None_cut,4.0,3,2,2,tomato,2,3,,2,4,plate,2,5,plate,4,0,tomato,5,0,tomato,6,0,plate,6,3,,6,4,,7,1,plate,7,3,,7,4,,3,44.967590232739155,98.97031488935158,,tomato,2,1.0,30.0,88.0,24.0,,tomato,1,1.0,30.0
2322,0,1,,0,2,None_cut,4.0,3,0,3,None_cut,4.0,3,2,2,tomato,2,3,,2,4,plate,2,5,plate,4,0,tomato,5,0,tomato,6,0,plate,6,3,,6,4,,7,1,plate,7,3,,7,4,,3,44.089213658912655,99.85967117035034,,tomato,2,1.0,30.0,88.0,24.0,,tomato,1,1.0,30.0
2323,0,1,,0,2,None_cut,4.0,3,0,3,None_cut,4.0,3,2,2,tomato,2,3,,2,4,plate,2,5,plate,4,0,tomato,5,0,tomato,6,0,plate,6,3,,6,4,,7,1,plate,7,3,,7,4,,3,43.210837085086155,100.7490274513491,,tomato,2,1.0,30.0,88.0,24.0,,tomato,1,1.0,30.0
2324,0,1,,0,2,None_cut,4.0,3,0,3,None_cut,4.0,3,2,2,tomato,2,3,,2,4,plate,2,5,plate,4,0,tomato,5,0,tomato,6,0,plate,6,3,,6,4,,7,1,plate,7,3,,7,4,,3,42.332460511259654,101.63838373234866,,tomato,2,1.0,30.0,88.0,24.0,,tomato,1,1.0,30.0
2325,0,1,,0,2,None_cut,4.0,3,0,3,None_cut,4.0,3,2,2,tomato,2,3,,2,4,plate,2,5,plate,4,0,tomato,5,0,tomato,6,0,plate,6,3,,6,4,,7,1,plate,7,3,,7,4,,3,41.454083937433154,102.52774001334835,,tomato,2,1.0,30.0,88.0,24.0,,tomato,1,1.0,30.0
2326,0,1,,0,2,None_cut,4.0,3,0,3,None_cut,4.0,3,2,2,tomato,2,3,,2,4,plate,2,5,plate,4,0,tomato,5,0,tomato,6,0,plate,6,3,,6,4,,7,1,plate,7,3,,7,4,,3,40.575707363606654,103.41709629434803,,tomato,2,1.0,30.0,88.0,24.0,,tomato,1,1.0,30.0
2327,0,1,,0,2,None_cut,4.0,3,0,3,None_cut,4.0,3,2,2,tomato,2,3,,2,4,plate,2,5,plate,4,0,tomato,5,0,tomato,6,0,plate,6,3,,6,4,,7,1,plate,7,3,,7,4,,3,39.688391623026064,103.31936371188569,,tomato,2,1.0,30.0,88.0,24.0,,tomato,1,1.0,30.0
2328,0,1,,0,2,None_cut,4.0,3,0,3,None_cut,4.0,3,2,2,tomato,2,3,,2,4,plate,2,5,plate,4,0,tomato,5,0,tomato,6,0,plate,6,3,,6,4,,7,1,plate,7,3,,7,4,,3,38.794052251424404,102.44606130813175,,tomato,2,1.0,30.0,87.11611652351695,24.88388347648305,,tomato,1,1.0,30.0
2329,0,1,,0,2,None_cut,4.0,3,0,3,None_cut,4.0,3,2,2,tomato,2,3,,2,4,plate,2,5,plate,4,0,tomato,5,0,tomato,6,0,plate,6,3,,6,4,,7,1,plate,7,3,,7,4,,3,37.899712879822744,101.5727589043778,,tomato,2,1.0,30.0,86.2322330470339,25.7677669529661,,tomato,1,1.0,30.0
2330,0,1,,0,2,None_cut,4.0,3,0,3,None_cut,4.0,3,2,2,tomato,2,3,,2,4,plate,2,5,plate,4,0,tomato,5,0,tomato,6,0,plate,6,3,,6,4,,7,1,plate,7,3,,7,4,,3,37.00537350822108,100.69945650062387,,tomato,2,1.0,30.0,85.34834957055085,26.65165042944915,,tomato,1,1.0,30.0
2331,0,1,,0,2,None_cut,4.0,3,0,3,None_cut,4.0,3,2,2,tomato,2,3,,2,4,plate,2,5,plate,4,0,tomato,5,0,tomato,6,0,plate,6,3,,6,4,,7,1,plate,7,3,,7,4,,3,36.11103413661942,99.82615409686993,,tomato,2,1.0,30.0,84.4644660940678,27.535533905932198,,tomato,1,1.0,30.0
2332,0,1,,0,2,None_cut,4.0,3,0,3,None_cut,4.0,3,2,2,tomato,2,3,,2,4,plate,2,5,plate,4,0,tomato,5,0,tomato,6,0,plate,6,3,,6,4,,7,1,plate,7,3,,7,4,,3,35.21669476501776,98.95285169311599,,tomato,2,1.0,30.0,83.58058261758475,28.419417382415247,,tomato,1,1.0,30.0
2333,0,1,,0,2,None_cut,4.0,3,0,3,None_cut,4.0,3,2,2,tomato,2,3,,2,4,plate,2,5,plate,4,0,tomato,5,0,tomato,6,0,plate,6,3,,6,4,,7,1,plate,7,3,,7,4,,3,34.3223553934161,98.07954928936205,,tomato,2,1.0,30.0,82.6966991411017,29.303300858898297,,tomato,1,1.0,30.0
2334,0,1,,0,2,None_cut,4.0,3,0,3,None_cut,4.0,3,2,2,tomato,2,3,,2,4,plate,2,5,plate,4,0,tomato,5,0,tomato,6,0,plate,6,3,,6,4,,7,1,plate,7,3,,7,4,,3,33.42801602181444,97.20624688560811,,tomato,2,1.0,30.0,81.81281566461865,30.187184335381346,,tomato,1,1.0,30.0
2335,0,1,,0,2,None_cut,4.0,3,0,3,None_cut,4.0,3,2,2,tomato,2,3,,2,4,plate,2,5,plate,4,0,tomato,5,0,tomato,6,0,plate,6,3,,6,4,,7,1,plate,7,3,,7,4,,3,32.53367665021278,96.33294448185417,,tomato,2,1.0,30.0,80.9289321881356,31.071067811864395,,tomato,1,1.0,30.0
2336,0,1,,0,2,None_cut,4.0,3,0,3,None_cut,4.0,3,2,2,tomato,2,3,,2,4,plate,2,5,plate,4,0,tomato,5,0,tomato,6,0,plate,6,3,,6,4,,7,1,plate,7,3,,7,4,,3,31.639337278611123,95.45964207810023,,tomato,2,1.0,30.0,80.04504871165256,31.954951288347445,,tomato,1,1.0,30.0
2337,0,1,,0,2,None_cut,4.0,3,0,3,None_cut,4.0,3,2,2,tomato,2,3,,2,4,plate,2,5,plate,4,0,tomato,5,0,tomato,6,0,plate,6,3,,6,4,,7,1,plate,7,3,,7,4,,3,30.744997907009463,94.58633967434629,,tomato,2,1.0,30.0,79.1611652351695,32.838834764830494,,tomato,1,1.0,30.0
2338,0,1,,0,2,None_cut,4.0,3,0,3,None_cut,4.0,3,2,2,tomato,2,3,,2,4,plate,2,5,plate,4,0,tomato,5,0,tomato,6,0,plate,6,3,,6,4,,7,1,plate,7,3,,7,4,,3,29.850658535407803,93.71303727059235,,tomato,2,1.0,30.0,78.27728175868646,33.722718241313544,,tomato,1,1.0,30.0
2339,0,1,,0,2,None_cut,4.0,3,0,3,None_cut,4.0,3,2,2,tomato,2,3,,2,4,plate,2,5,plate,4,0,tomato,5,0,tomato,6,0,plate,6,3,,6,4,,7,1,plate,7,3,,7,4,,3,28.956319163806143,92.83973486683841,,tomato,2,1.0,30.0,77.3933982822034,34.60660171779659,,tomato,1,1.0,30.0
2340,0,1,,0,2,None_cut,4.0,3,0,3,None_cut,4.0,3,2,2,tomato,2,3,,2,4,plate,2,5,plate,4,0,tomato,5,0,tomato,6,0,plate,6,3,,6,4,,7,1,plate,7,3,,7,4,,3,28.061979792204546,91.96643246308447,,tomato,2,1.0,30.0,76.50951480572036,35.49048519427964,,tomato,1,1.0,30.0
2341,0,1,,0,2,None_cut,4.0,3,0,3,None_cut,4.0,3,2,2,tomato,2,3,,2,4,plate,2,5,plate,4,0,tomato,5,0,tomato,6,0,plate,6,3,,6,4,,7,1,plate,7,3,,7,4,,3,27.16764042060324,91.09313005933053,,tomato,2,1.0,30.0,75.62563132923731,36.37436867076269,,tomato,1,1.0,30.0
2342,0,1,,0,2,None_cut,4.0,3,0,3,None_cut,4.0,3,2,2,tomato,2,3,,2,4,plate,2,5,plate,4,0,tomato,5,0,tomato,6,0,plate,6,3,,6,4,,7,1,plate,7,3,,7,4,,3,26.273301049001937,90.21982765557617,,tomato,2,1.0,30.0,74.74174785275426,37.25825214724574,,tomato,1,1.0,30.0
2343,0,1,,0,2,None_cut,4.0,3,0,3,None_cut,4.0,3,2,2,tomato,2,3,,2,4,plate,2,5,plate,4,0,tomato,5,0,tomato,6,0,plate,6,3,,6,4,,7,1,plate,7,3,,7,4,,3,25.378961677400632,89.34652525182159,,tomato,2,1.0,30.0,73.85786437627121,38.14213562372879,,tomato,1,1.0,30.0
2344,0,1,,0,2,None_cut,4.0,3,0,3,None_cut,4.0,3,2,2,tomato,2,3,,2,4,plate,2,5,plate,4,0,tomato,5,0,tomato,6,0,plate,6,3,,6,4,,7,1,plate,7,3,,7,4,,3,24.484622305799327,88.47322284806702,,tomato,2,1.0,30.0,72.97398089978816,39.02601910021184,,tomato,1,1.0,30.0
2345,0,1,,0,2,None_cut,4.0,3,0,3,None_cut,4.0,3,2,2,tomato,2,3,,2,4,plate,2,5,plate,4,0,tomato,5,0,tomato,6,0,plate,6,3,,6,4,,7,1,plate,7,3,,7,4,,3,24.188018835610286,87.34382988687406,,tomato,2,1.0,30.0,72.09009742330511,39.90990257669489,,tomato,1,1.0,30.0
2346,0,1,,0,2,None_cut,4.0,3,0,3,None_cut,4.0,3,2,2,tomato,2,3,,2,4,plate,2,5,plate,4,0,tomato,5,0,tomato,6,0,plate,6,3,,6,4,,7,1,plate,7,3,,7,4,,3,24.17270284843878,86.09392372218059,,tomato,2,1.0,30.0,71.20621394682206,40.79378605317794,,tomato,1,1.0,30.0
2347,0,1,,0,2,None_cut,4.0,3,0,3,None_cut,4.0,3,2,2,tomato,2,3,,2,4,plate,2,5,plate,4,0,tomato,5,0,tomato,6,0,plate,6,3,,6,4,,7,1,plate,7,3,,7,4,,3,24.157386861267277,84.84401755748712,,tomato,2,1.0,30.0,70.32233047033901,41.67766952966099,,tomato,1,1.0,30.0
2348,0,1,,0,2,None_cut,4.0,3,0,3,None_cut,4.0,3,2,2,tomato,2,3,,2,4,plate,2,5,plate,4,0,tomato,5,0,tomato,6,0,plate,6,3,,6,4,,7,1,plate,7,3,,7,4,,3,24.142070874095772,83.59411139279365,,tomato,2,1.0,30.0,69.43844699385596,42.56155300614404,,tomato,1,1.0,30.0
2349,0,1,,0,2,None_cut,4.0,3,0,3,None_cut,4.0,3,2,2,tomato,2,3,,2,4,plate,2,5,plate,4,0,tomato,5,0,tomato,6,0,plate,6,3,,6,4,,7,1,plate,7,3,,7,4,,3,24.126754886924267,82.34420522810018,,tomato,2,1.0,30.0,68.55456351737291,43.44543648262709,,tomato,1,1.0,30.0
2350,0,1,,0,2,None_cut,4.0,3,0,3,None_cut,4.0,3,2,2,tomato,2,3,,2,4,plate,2,5,plate,4,0,tomato,5,0,tomato,6,0,plate,6,3,,6,4,,7,1,plate,7,3,,7,4,,3,24.111438899752763,81.09429906340671,,tomato,2,1.0,30.0,67.67068004088986,44.32931995911014,,tomato,1,1.0,30.0
2351,0,1,,0,2,None_cut,4.0,3,0,3,None_cut,4.0,3,2,2,tomato,2,3,,2,4,plate,2,5,plate,4,0,tomato,5,0,tomato,6,0,plate,6,3,,6,4,,7,1,plate,7,3,,7,4,,3,24.09612291258126,79.84439289871324,,tomato,2,1.0,30.0,66.78679656440681,45.213203435593186,,tomato,1,1.0,30.0
2352,0,1,,0,2,None_cut,4.0,3,0,3,None_cut,4.0,3,2,2,tomato,2,3,,2,4,plate,2,5,plate,4,0,tomato,5,0,tomato,6,0,plate,6,3,,6,4,,7,1,plate,7,3,,7,4,,3,24.080806925409924,78.59448673401977,,tomato,2,1.0,30.0,65.90291308792376,46.097086912076236,,tomato,1,1.0,30.0
2353,0,1,,0,2,None_cut,4.0,3,0,3,None_cut,4.0,3,2,2,tomato,2,3,,2,4,plate,2,5,plate,4,0,tomato,5,0,tomato,6,0,plate,6,3,,6,4,,7,1,plate,7,3,,7,4,,3,24.06549093823859,77.3445805693263,,tomato,2,1.0,30.0,65.01902961144071,46.980970388559285,,tomato,1,1.0,30.0
2354,0,1,,0,2,None_cut,4.0,3,0,3,None_cut,4.0,3,2,2,tomato,2,3,,2,4,plate,2,5,plate,4,0,tomato,5,0,tomato,6,0,plate,6,3,,6,4,,7,1,plate,7,3,,7,4,,3,24.050174951067255,76.09467440463283,,tomato,2,1.0,30.0,64.13514613495767,47.864853865042335,,tomato,1,1.0,30.0
2355,0,1,,0,2,None_cut,4.0,3,0,3,None_cut,4.0,3,2,2,tomato,2,3,,2,4,plate,2,5,plate,4,0,tomato,5,0,tomato,6,0,plate,6,3,,6,4,,7,1,plate,7,3,,7,4,,3,24.034858963895918,74.84476823993936,,tomato,2,1.0,30.0,63.251262658474616,48.748737341525384,,tomato,1,1.0,30.0
2356,0,1,,0,2,None_cut,4.0,3,0,3,None_cut,4.0,3,2,2,tomato,2,3,,2,4,plate,2,5,plate,4,0,tomato,5,0,tomato,6,0,plate,6,3,,6,4,,7,1,plate,7,3,,7,4,,3,24.019542976724583,73.59486207524589,,tomato,2,1.0,30.0,62.367379181991566,49.632620818008434,,tomato,1,1.0,30.0
2357,0,1,,0,2,None_cut,4.0,3,0,3,None_cut,4.0,3,2,2,tomato,2,3,,2,4,plate,2,5,plate,4,0,tomato,5,0,tomato,6,0,plate,6,3,,6,4,,7,1,plate,7,3,,7,4,,3,24.004226989553246,72.34495591055241,,tomato,2,1.0,30.0,61.48349570550852,50.51650429449148,,tomato,1,1.0,30.0
2358,0,1,,0,2,None_cut,4.0,3,0,3,None_cut,4.0,3,2,2,tomato,2,3,,2,4,plate,2,5,plate,4,0,tomato,5,0,tomato,6,0,plate,6,3,,6,4,,7,1,plate,7,3,,7,4,,3,24.002226799805207,71.09496718275801,,tomato,2,1.0,30.0,60.59961222902547,51.40038777097453,,tomato,1,1.0,30.0
2359,0,1,,0,2,None_cut,4.0,3,0,3,None_cut,4.0,3,2,2,tomato,2,3,,2,4,plate,2,5,plate,4,0,tomato,5,0,tomato,6,0,plate,6,3,,6,4,,7,1,plate,7,3,,7,4,,3,24.00204240061489,69.84496719635894,,tomato,2,1.0,30.0,59.71572875254242,52.28427124745758,,tomato,1,1.0,30.0
2360,0,1,,0,2,None_cut,4.0,3,0,3,None_cut,4.0,3,2,2,tomato,2,3,,2,4,plate,2,5,plate,4,0,tomato,5,0,tomato,6,0,plate,6,3,,6,4,,7,1,plate,7,3,,7,4,,3,24.001858001424573,68.59496720995986,,tomato,2,1.0,30.0,58.83184527605937,53.16815472394063,,tomato,1,1.0,30.0
2361,0,1,,0,2,None_cut,4.0,3,0,3,None_cut,4.0,3,2,2,tomato,2,3,,2,4,plate,2,5,plate,4,0,tomato,5,0,tomato,6,0,plate,6,3,,6,4,,7,1,plate,7,3,,7,4,,3,24.001673602234256,67.34496722356079,,tomato,2,1.0,30.0,57.94796179957632,54.05203820042368,,tomato,1,1.0,30.0
2362,0,1,,0,2,None_cut,4.0,3,0,3,None_cut,4.0,3,2,2,tomato,2,3,,2,4,plate,2,5,plate,4,0,tomato,5,0,tomato,6,0,plate,6,3,,6,4,,7,1,plate,7,3,,7,4,,3,24.00148920304394,66.09496723716171,,tomato,2,1.0,30.0,57.06407832309327,54.93592167690673,,tomato,1,1.0,30.0
2363,0,1,,0,2,None_cut,4.0,3,0,3,None_cut,4.0,3,2,2,tomato,2,3,,2,4,plate,2,5,plate,4,0,tomato,5,0,tomato,6,0,plate,6,3,,6,4,,7,1,plate,7,3,,7,4,,3,24.00130480385362,64.84496725076264,,tomato,2,1.0,30.0,56.0,56.0,,tomato,1,1.0,30.0
2364,0,1,,0,2,None_cut,4.0,3,0,3,None_cut,4.0,3,2,2,tomato,2,3,tomato,2,4,plate,2,5,plate,4,0,tomato,5,0,tomato,6,0,plate,6,3,,6,4,,7,1,plate,7,3,,7,4,,3,24.001120404663304,63.59496726436356,,tomato,2,1.0,30.0,56.0,56.0,,,1,1.0,30.0
2365,0,1,,0,2,None_cut,4.0,3,0,3,None_cut,4.0,3,2,2,tomato,2,3,tomato,2,4,plate,2,5,plate,4,0,tomato,5,0,tomato,6,0,plate,6,3,,6,4,,7,1,plate,7,3,,7,4,,3,24.000936005472987,62.344967277964486,,tomato,2,1.0,30.0,56.0,56.0,,,1,1.0,30.0
2366,0,1,,0,2,None_cut,4.0,3,0,3,None_cut,4.0,3,2,2,tomato,2,3,tomato,2,4,plate,2,5,plate,4,0,tomato,5,0,tomato,6,0,plate,6,3,,6,4,,7,1,plate,7,3,,7,4,,3,24.00075160628267,61.09496729156541,,tomato,2,1.0,30.0,56.0,56.0,,,1,1.0,30.0
2367,0,1,,0,2,None_cut,4.0,3,0,3,None_cut,4.0,3,2,2,tomato,2,3,tomato,2,4,plate,2,5,plate,4,0,tomato,5,0,tomato,6,0,plate,6,3,,6,4,,7,1,plate,7,3,,7,4,,3,24.000567207092352,59.844967305166335,,tomato,2,1.0,30.0,56.0,56.0,,,1,1.0,30.0
2368,0,1,,0,2,None_cut,4.0,3,0,3,None_cut,4.0,3,2,2,tomato,2,3,tomato,2,4,plate,2,5,plate,4,0,tomato,5,0,tomato,6,0,plate,6,3,,6,4,,7,1,plate,7,3,,7,4,,3,24.000382807902035,58.59496731876726,,tomato,2,1.0,30.0,56.0,56.0,,,1,1.0,30.0
2369,0,1,,0,2,None_cut,4.0,3,0,3,None_cut,4.0,3,2,2,tomato,2,3,tomato,2,4,plate,2,5,plate,4,0,tomato,5,0,tomato,6,0,plate,6,3,,6,4,,7,1,plate,7,3,,7,4,,3,24.000198408711718,57.344967332368185,,tomato,2,1.0,30.0,56.0,56.0,,,1,1.0,30.0
2370,0,1,,0,2,None_cut,4.0,3,0,3,None_cut,4.0,3,2,2,tomato,2,3,tomato,2,4,plate,2,5,plate,4,0,tomato,5,0,tomato,6,0,plate,6,3,,6,4,,7,1,plate,7,3,,7,4,,3,24.0,56.0,,tomato,2,1.0,30.0,56.0,56.0,,,1,1.0,30.0
2371,0,1,,0,2,None_cut,4.0,3,0,3,tomato,0.0,0,2,2,tomato,2,3,tomato,2,4,plate,2,5,plate,4,0,tomato,5,0,tomato,6,0,plate,6,3,,6,4,,7,1,plate,7,3,,7,4,,3,24.0,56.0,,,2,1.0,30.0,56.0,56.0,,,1,1.0,30.0
2372,0,1,,0,2,None_cut,4.0,3,0,3,tomato,0.041666666666666664,0,2,2,tomato,2,3,tomato,2,4,plate,2,5,plate,4,0,tomato,5,0,tomato,6,0,plate,6,3,,6,4,,7,1,plate,7,3,,7,4,,3,24.0,56.0,,,2,1.0,30.0,56.0,56.0,,,1,1.0,30.0
2373,0,1,,0,2,None_cut,4.0,3,0,3,tomato,0.08333333333333333,0,2,2,tomato,2,3,tomato,2,4,plate,2,5,plate,4,0,tomato,5,0,tomato,6,0,plate,6,3,,6,4,,7,1,plate,7,3,,7,4,,3,24.0,56.0,,,2,1.0,30.0,56.0,56.0,,,1,1.0,30.0
2374,0,1,,0,2,None_cut,4.0,3,0,3,tomato,0.125,0,2,2,tomato,2,3,tomato,2,4,plate,2,5,plate,4,0,tomato,5,0,tomato,6,0,plate,6,3,,6,4,,7,1,plate,7,3,,7,4,,3,24.0,56.0,,,2,1.0,30.0,56.0,56.0,,,1,1.0,30.0
2375,0,1,,0,2,None_cut,4.0,3,0,3,tomato,0.16666666666666666,0,2,2,tomato,2,3,tomato,2,4,plate,2,5,plate,4,0,tomato,5,0,tomato,6,0,plate,6,3,,6,4,,7,1,plate,7,3,,7,4,,3,24.0,56.0,,,2,1.0,30.0,56.0,56.0,,,1,1.0,30.0
2376,0,1,,0,2,None_cut,4.0,3,0,3,tomato,0.20833333333333331,0,2,2,tomato,2,3,tomato,2,4,plate,2,5,plate,4,0,tomato,5,0,tomato,6,0,plate,6,3,,6,4,,7,1,plate,7,3,,7,4,,3,24.0,56.0,,,2,1.0,30.0,56.0,56.0,,,1,1.0,30.0
2377,0,1,,0,2,None_cut,4.0,3,0,3,tomato,0.24999999999999997,0,2,2,tomato,2,3,tomato,2,4,plate,2,5,plate,4,0,tomato,5,0,tomato,6,0,plate,6,3,,6,4,,7,1,plate,7,3,,7,4,,3,24.0,56.0,,,2,1.0,30.0,56.0,56.0,,,1,1.0,30.0
2378,0,1,,0,2,None_cut,4.0,3,0,3,tomato,0.29166666666666663,0,2,2,tomato,2,3,tomato,2,4,plate,2,5,plate,4,0,tomato,5,0,tomato,6,0,plate,6,3,,6,4,,7,1,plate,7,3,,7,4,,3,24.0,56.0,,,2,1.0,30.0,56.0,56.0,,,1,1.0,30.0
2379,0,1,,0,2,None_cut,4.0,3,0,3,tomato,0.3333333333333333,0,2,2,tomato,2,3,tomato,2,4,plate,2,5,plate,4,0,tomato,5,0,tomato,6,0,plate,6,3,,6,4,,7,1,plate,7,3,,7,4,,3,24.0,56.0,,,2,1.0,30.0,56.0,56.0,,,1,1.0,30.0
2380,0,1,,0,2,None_cut,4.0,3,0,3,tomato,0.375,0,2,2,tomato,2,3,tomato,2,4,plate,2,5,plate,4,0,tomato,5,0,tomato,6,0,plate,6,3,,6,4,,7,1,plate,7,3,,7,4,,3,24.0,56.0,,,2,1.0,30.0,56.0,56.0,,,1,1.0,30.0
2381,0,1,,0,2,None_cut,4.0,3,0,3,tomato,0.4166666666666667,0,2,2,tomato,2,3,tomato,2,4,plate,2,5,plate,4,0,tomato,5,0,tomato,6,0,plate,6,3,,6,4,,7,1,plate,7,3,,7,4,,3,24.0,56.0,,,2,1.0,30.0,56.0,56.0,,,1,1.0,30.0
2382,0,1,,0,2,None_cut,4.0,3,0,3,tomato,0.45833333333333337,0,2,2,tomato,2,3,tomato,2,4,plate,2,5,plate,4,0,tomato,5,0,tomato,6,0,plate,6,3,,6,4,,7,1,plate,7,3,,7,4,,3,24.0,56.0,,,2,1.0,30.0,56.0,56.0,,,1,1.0,30.0
2383,0,1,,0,2,None_cut,4.0,3,0,3,tomato,0.5,0,2,2,tomato,2,3,tomato,2,4,plate,2,5,plate,4,0,tomato,5,0,tomato,6,0,plate,6,3,,6,4,,7,1,plate,7,3,,7,4,,3,24.0,56.0,,,2,1.0,30.0,56.0,56.0,,,1,1.0,30.0
2384,0,1,,0,2,None_cut,4.0,3,0,3,tomato,0.5416666666666666,0,2,2,tomato,2,3,tomato,2,4,plate,2,5,plate,4,0,tomato,5,0,tomato,6,0,plate,6,3,,6,4,,7,1,plate,7,3,,7,4,,3,24.0,56.0,,,2,1.0,30.0,56.0,56.0,,,1,1.0,30.0
2385,0,1,,0,2,None_cut,4.0,3,0,3,tomato,0.5833333333333333,0,2,2,tomato,2,3,tomato,2,4,plate,2,5,plate,4,0,tomato,5,0,tomato,6,0,plate,6,3,,6,4,,7,1,plate,7,3,,7,4,,3,24.0,56.0,,,2,1.0,30.0,56.0,56.0,,,1,1.0,30.0
2386,0,1,,0,2,None_cut,4.0,3,0,3,tomato,0.6249999999999999,0,2,2,tomato,2,3,tomato,2,4,plate,2,5,plate,4,0,tomato,5,0,tomato,6,0,plate,6,3,,6,4,,7,1,plate,7,3,,7,4,,3,24.0,56.0,,,2,1.0,30.0,56.0,56.0,,,1,1.0,30.0
2387,0,1,,0,2,None_cut,4.0,3,0,3,tomato,0.6666666666666665,0,2,2,tomato,2,3,tomato,2,4,plate,2,5,plate,4,0,tomato,5,0,tomato,6,0,plate,6,3,,6,4,,7,1,plate,7,3,,7,4,,3,24.0,56.0,,,2,1.0,30.0,56.0,56.0,,,1,1.0,30.0
2388,0,1,,0,2,None_cut,4.0,3,0,3,tomato,0.7083333333333331,0,2,2,tomato,2,3,tomato,2,4,plate,2,5,plate,4,0,tomato,5,0,tomato,6,0,plate,6,3,,6,4,,7,1,plate,7,3,,7,4,,3,24.0,56.0,,,2,1.0,30.0,56.0,56.0,,,1,1.0,30.0
2389,0,1,,0,2,None_cut,4.0,3,0,3,tomato,0.7499999999999998,0,2,2,tomato,2,3,tomato,2,4,plate,2,5,plate,4,0,tomato,5,0,tomato,6,0,plate,6,3,,6,4,,7,1,plate,7,3,,7,4,,3,24.0,56.0,,,2,1.0,30.0,56.0,56.0,,,1,1.0,30.0
2390,0,1,,0,2,None_cut,4.0,3,0,3,tomato,0.7916666666666664,0,2,2,tomato,2,3,tomato,2,4,plate,2,5,plate,4,0,tomato,5,0,tomato,6,0,plate,6,3,,6,4,,7,1,plate,7,3,,7,4,,3,24.0,56.0,,,2,1.0,30.0,56.0,56.0,,,1,1.0,30.0
2391,0,1,,0,2,None_cut,4.0,3,0,3,tomato,0.833333333333333,0,2,2,tomato,2,3,tomato,2,4,plate,2,5,plate,4,0,tomato,5,0,tomato,6,0,plate,6,3,,6,4,,7,1,plate,7,3,,7,4,,3,24.0,56.0,,,2,1.0,30.0,56.0,56.0,,,1,1.0,30.0
2392,0,1,,0,2,None_cut,4.0,3,0,3,tomato,0.8749999999999997,0,2,2,tomato,2,3,tomato,2,4,plate,2,5,plate,4,0,tomato,5,0,tomato,6,0,plate,6,3,,6,4,,7,1,plate,7,3,,7,4,,3,24.0,56.0,,,2,1.0,30.0,56.0,56.0,,,1,1.0,30.0
2393,0,1,,0,2,None_cut,4.0,3,0,3,tomato,0.9166666666666663,0,2,2,tomato,2,3,tomato,2,4,plate,2,5,plate,4,0,tomato,5,0,tomato,6,0,plate,6,3,,6,4,,7,1,plate,7,3,,7,4,,3,24.0,56.0,,,2,1.0,30.0,56.0,56.0,,,1,1.0,30.0
2394,0,1,,0,2,None_cut,4.0,3,0,3,tomato,0.9583333333333329,0,2,2,tomato,2,3,tomato,2,4,plate,2,5,plate,4,0,tomato,5,0,tomato,6,0,plate,6,3,,6,4,,7,1,plate,7,3,,7,4,,3,24.0,56.0,,,2,1.0,30.0,56.0,56.0,,,1,1.0,30.0
2395,0,1,,0,2,None_cut,4.0,3,0,3,tomato,0.9999999999999996,0,2,2,tomato,2,3,tomato,2,4,plate,2,5,plate,4,0,tomato,5,0,tomato,6,0,plate,6,3,,6,4,,7,1,plate,7,3,,7,4,,3,24.0,56.0,,,2,1.0,30.0,56.0,56.0,,,1,1.0,30.0
2396,0,1,,0,2,None_cut,4.0,3,0,3,tomato,1.0416666666666663,1,2,2,tomato,2,3,tomato,2,4,plate,2,5,plate,4,0,tomato,5,0,tomato,6,0,plate,6,3,,6,4,,7,1,plate,7,3,,7,4,,3,24.0,56.0,,,2,1.0,30.0,56.0,56.0,,,1,1.0,30.0
2397,0,1,,0,2,None_cut,4.0,3,0,3,tomato,1.083333333333333,1,2,2,tomato,2,3,tomato,2,4,plate,2,5,plate,4,0,tomato,5,0,tomato,6,0,plate,6,3,,6,4,,7,1,plate,7,3,,7,4,,3,24.0,56.0,,,2,1.0,30.0,56.0,56.0,,,1,1.0,30.0
2398,0,1,,0,2,None_cut,4.0,3,0,3,tomato,1.1249999999999998,1,2,2,tomato,2,3,tomato,2,4,plate,2,5,plate,4,0,tomato,5,0,tomato,6,0,plate,6,3,,6,4,,7,1,plate,7,3,,7,4,,3,24.0,56.0,,,2,1.0,30.0,56.0,56.0,,,1,1.0,30.0
2399,0,1,,0,2,None_cut,4.0,3,0,3,tomato,1.1666666666666665,1,2,2,tomato,2,3,tomato,2,4,plate,2,5,plate,4,0,tomato,5,0,tomato,6,0,plate,6,3,,6,4,,7,1,plate,7,3,,7,4,,3,24.0,56.0,,,2,1.0,30.0,56.0,56.0,,,1,1.0,30.0
2400,0,1,,0,2,None_cut,4.0,3,0,3,tomato,1.2083333333333333,1,2,2,tomato,2,3,tomato,2,4,plate,2,5,plate,4,0,tomato,5,0,tomato,6,0,plate,6,3,,6,4,,7,1,plate,7,3,,7,4,,3,24.0,56.0,,,2,1.0,30.0,56.0,56.0,,,1,1.0,30.0
2401,0,1,,0,2,None_cut,4.0,3,0,3,tomato,1.25,1,2,2,tomato,2,3,tomato,2,4,plate,2,5,plate,4,0,tomato,5,0,tomato,6,0,plate,6,3,,6,4,,7,1,plate,7,3,,7,4,,3,24.0,56.0,,,2,1.0,30.0,56.0,56.0,,,1,1.0,30.0
2402,0,1,,0,2,None_cut,4.0,3,0,3,tomato,1.2916666666666667,1,2,2,tomato,2,3,tomato,2,4,plate,2,5,plate,4,0,tomato,5,0,tomato,6,0,plate,6,3,,6,4,,7,1,plate,7,3,,7,4,,3,24.0,56.0,,,2,1.0,30.0,56.0,56.0,,,1,1.0,30.0
2403,0,1,,0,2,None_cut,4.0,3,0,3,tomato,1.3333333333333335,1,2,2,tomato,2,3,tomato,2,4,plate,2,5,plate,4,0,tomato,5,0,tomato,6,0,plate,6,3,,6,4,,7,1,plate,7,3,,7,4,,3,24.0,56.0,,,2,1.0,30.0,56.0,56.0,,,1,1.0,30.0
2404,0,1,,0,2,None_cut,4.0,3,0,3,tomato,1.3750000000000002,1,2,2,tomato,2,3,tomato,2,4,plate,2,5,plate,4,0,tomato,5,0,tomato,6,0,plate,6,3,,6,4,,7,1,plate,7,3,,7,4,,3,24.0,56.0,,,2,1.0,30.0,56.0,56.0,,,1,1.0,30.0
2405,0,1,,0,2,None_cut,4.0,3,0,3,tomato,1.416666666666667,1,2,2,tomato,2,3,tomato,2,4,plate,2,5,plate,4,0,tomato,5,0,tomato,6,0,plate,6,3,,6,4,,7,1,plate,7,3,,7,4,,3,24.0,56.0,,,2,1.0,30.0,56.0,56.0,,,1,1.0,30.0
2406,0,1,,0,2,None_cut,4.0,3,0,3,tomato,1.4583333333333337,1,2,2,tomato,2,3,tomato,2,4,plate,2,5,plate,4,0,tomato,5,0,tomato,6,0,plate,6,3,,6,4,,7,1,plate,7,3,,7,4,,3,24.0,56.0,,,2,1.0,30.0,56.0,56.0,,,1,1.0,30.0
2407,0,1,,0,2,None_cut,4.0,3,0,3,tomato,1.5000000000000004,1,2,2,tomato,2,3,tomato,2,4,plate,2,5,plate,4,0,tomato,5,0,tomato,6,0,plate,6,3,,6,4,,7,1,plate,7,3,,7,4,,3,24.0,56.0,,,2,1.0,30.0,56.0,56.0,,,1,1.0,30.0
2408,0,1,,0,2,None_cut,4.0,3,0,3,tomato,1.5416666666666672,1,2,2,tomato,2,3,tomato,2,4,plate,2,5,plate,4,0,tomato,5,0,tomato,6,0,plate,6,3,,6,4,,7,1,plate,7,3,,7,4,,3,24.0,56.0,,,2,1.0,30.0,56.0,56.0,,,1,1.0,30.0
2409,0,1,,0,2,None_cut,4.0,3,0,3,tomato,1.583333333333334,1,2,2,tomato,2,3,tomato,2,4,plate,2,5,plate,4,0,tomato,5,0,tomato,6,0,plate,6,3,,6,4,,7,1,plate,7,3,,7,4,,3,24.0,56.0,,,2,1.0,30.0,56.0,56.0,,,1,1.0,30.0
2410,0,1,,0,2,None_cut,4.0,3,0,3,tomato,1.6250000000000007,1,2,2,tomato,2,3,tomato,2,4,plate,2,5,plate,4,0,tomato,5,0,tomato,6,0,plate,6,3,,6,4,,7,1,plate,7,3,,7,4,,3,24.0,56.0,,,2,1.0,30.0,56.0,56.0,,,1,1.0,30.0
2411,0,1,,0,2,None_cut,4.0,3,0,3,tomato,1.6666666666666674,1,2,2,tomato,2,3,tomato,2,4,plate,2,5,plate,4,0,tomato,5,0,tomato,6,0,plate,6,3,,6,4,,7,1,plate,7,3,,7,4,,3,24.0,56.0,,,2,1.0,30.0,56.0,56.0,,,1,1.0,30.0
2412,0,1,,0,2,None_cut,4.0,3,0,3,tomato,1.7083333333333341,1,2,2,tomato,2,3,tomato,2,4,plate,2,5,plate,4,0,tomato,5,0,tomato,6,0,plate,6,3,,6,4,,7,1,plate,7,3,,7,4,,3,24.0,56.0,,,2,1.0,30.0,56.0,56.0,,,1,1.0,30.0
2413,0,1,,0,2,None_cut,4.0,3,0,3,tomato,1.7500000000000009,1,2,2,tomato,2,3,tomato,2,4,plate,2,5,plate,4,0,tomato,5,0,tomato,6,0,plate,6,3,,6,4,,7,1,plate,7,3,,7,4,,3,24.0,56.0,,,2,1.0,30.0,56.0,56.0,,,1,1.0,30.0
2414,0,1,,0,2,None_cut,4.0,3,0,3,tomato,1.7916666666666676,1,2,2,tomato,2,3,tomato,2,4,plate,2,5,plate,4,0,tomato,5,0,tomato,6,0,plate,6,3,,6,4,,7,1,plate,7,3,,7,4,,3,24.0,56.0,,,2,1.0,30.0,56.0,56.0,,,1,1.0,30.0
2415,0,1,,0,2,None_cut,4.0,3,0,3,tomato,1.8333333333333344,1,2,2,tomato,2,3,tomato,2,4,plate,2,5,plate,4,0,tomato,5,0,tomato,6,0,plate,6,3,,6,4,,7,1,plate,7,3,,7,4,,3,24.0,56.0,,,2,1.0,30.0,56.0,56.0,,,1,1.0,30.0
2416,0,1,,0,2,None_cut,4.0,3,0,3,tomato,1.875000000000001,1,2,2,tomato,2,3,tomato,2,4,plate,2,5,plate,4,0,tomato,5,0,tomato,6,0,plate,6,3,,6,4,,7,1,plate,7,3,,7,4,,3,24.0,56.0,,,2,1.0,30.0,56.0,56.0,,,1,1.0,30.0
2417,0,1,,0,2,None_cut,4.0,3,0,3,tomato,1.9166666666666679,1,2,2,tomato,2,3,tomato,2,4,plate,2,5,plate,4,0,tomato,5,0,tomato,6,0,plate,6,3,,6,4,,7,1,plate,7,3,,7,4,,3,24.0,56.0,,,2,1.0,30.0,56.0,56.0,,,1,1.0,30.0
2418,0,1,,0,2,None_cut,4.0,3,0,3,tomato,1.9583333333333346,1,2,2,tomato,2,3,tomato,2,4,plate,2,5,plate,4,0,tomato,5,0,tomato,6,0,plate,6,3,,6,4,,7,1,plate,7,3,,7,4,,3,24.0,56.0,,,2,1.0,30.0,56.0,56.0,,,1,1.0,30.0
2419,0,1,,0,2,None_cut,4.0,3,0,3,tomato,2.0000000000000013,2,2,2,tomato,2,3,tomato,2,4,plate,2,5,plate,4,0,tomato,5,0,tomato,6,0,plate,6,3,,6,4,,7,1,plate,7,3,,7,4,,3,24.0,56.0,,,2,1.0,30.0,56.0,56.0,,,1,1.0,30.0
2420,0,1,,0,2,None_cut,4.0,3,0,3,tomato,2.041666666666668,2,2,2,tomato,2,3,tomato,2,4,plate,2,5,plate,4,0,tomato,5,0,tomato,6,0,plate,6,3,,6,4,,7,1,plate,7,3,,7,4,,3,24.0,56.0,,,2,1.0,30.0,56.0,56.0,,,1,1.0,30.0
2421,0,1,,0,2,None_cut,4.0,3,0,3,tomato,2.0833333333333344,2,2,2,tomato,2,3,tomato,2,4,plate,2,5,plate,4,0,tomato,5,0,tomato,6,0,plate,6,3,,6,4,,7,1,plate,7,3,,7,4,,3,24.0,56.0,,,2,1.0,30.0,56.0,56.0,,,1,1.0,30.0
2422,0,1,,0,2,None_cut,4.0,3,0,3,tomato,2.125000000000001,2,2,2,tomato,2,3,tomato,2,4,plate,2,5,plate,4,0,tomato,5,0,tomato,6,0,plate,6,3,,6,4,,7,1,plate,7,3,,7,4,,3,24.0,56.0,,,2,1.0,30.0,56.0,56.0,,,1,1.0,30.0
2423,0,1,,0,2,None_cut,4.0,3,0,3,tomato,2.1666666666666674,2,2,2,tomato,2,3,tomato,2,4,plate,2,5,plate,4,0,tomato,5,0,tomato,6,0,plate,6,3,,6,4,,7,1,plate,7,3,,7,4,,3,24.0,56.0,,,2,1.0,30.0,56.0,56.0,,,1,1.0,30.0
2424,0,1,,0,2,None_cut,4.0,3,0,3,tomato,2.208333333333334,2,2,2,tomato,2,3,tomato,2,4,plate,2,5,plate,4,0,tomato,5,0,tomato,6,0,plate,6,3,,6,4,,7,1,plate,7,3,,7,4,,3,24.0,56.0,,,2,1.0,30.0,56.0,56.0,,,1,1.0,30.0
2425,0,1,,0,2,None_cut,4.0,3,0,3,tomato,2.2500000000000004,2,2,2,tomato,2,3,tomato,2,4,plate,2,5,plate,4,0,tomato,5,0,tomato,6,0,plate,6,3,,6,4,,7,1,plate,7,3,,7,4,,3,24.0,56.0,,,2,1.0,30.0,56.0,56.0,,,1,1.0,30.0
2426,0,1,,0,2,None_cut,4.0,3,0,3,tomato,2.291666666666667,2,2,2,tomato,2,3,tomato,2,4,plate,2,5,plate,4,0,tomato,5,0,tomato,6,0,plate,6,3,,6,4,,7,1,plate,7,3,,7,4,,3,24.0,56.0,,,2,1.0,30.0,56.0,56.0,,,1,1.0,30.0
2427,0,1,,0,2,None_cut,4.0,3,0,3,tomato,2.3333333333333335,2,2,2,tomato,2,3,tomato,2,4,plate,2,5,plate,4,0,tomato,5,0,tomato,6,0,plate,6,3,,6,4,,7,1,plate,7,3,,7,4,,3,24.0,56.0,,,2,1.0,30.0,56.0,56.0,,,1,1.0,30.0
2428,0,1,,0,2,None_cut,4.0,3,0,3,tomato,2.375,2,2,2,tomato,2,3,tomato,2,4,plate,2,5,plate,4,0,tomato,5,0,tomato,6,0,plate,6,3,,6,4,,7,1,plate,7,3,,7,4,,3,24.0,56.0,,,2,1.0,30.0,56.0,56.0,,,1,1.0,30.0
2429,0,1,,0,2,None_cut,4.0,3,0,3,tomato,2.4166666666666665,2,2,2,tomato,2,3,tomato,2,4,plate,2,5,plate,4,0,tomato,5,0,tomato,6,0,plate,6,3,,6,4,,7,1,plate,7,3,,7,4,,3,24.0,56.0,,,2,1.0,30.0,56.0,56.0,,,1,1.0,30.0
2430,0,1,,0,2,None_cut,4.0,3,0,3,tomato,2.458333333333333,2,2,2,tomato,2,3,tomato,2,4,plate,2,5,plate,4,0,tomato,5,0,tomato,6,0,plate,6,3,,6,4,,7,1,plate,7,3,,7,4,,3,24.0,56.0,,,2,1.0,30.0,56.0,56.0,,,1,1.0,30.0
2431,0,1,,0,2,None_cut,4.0,3,0,3,tomato,2.4999999999999996,2,2,2,tomato,2,3,tomato,2,4,plate,2,5,plate,4,0,tomato,5,0,tomato,6,0,plate,6,3,,6,4,,7,1,plate,7,3,,7,4,,3,24.0,56.0,,,2,1.0,30.0,56.0,56.0,,,1,1.0,30.0
2432,0,1,,0,2,None_cut,4.0,3,0,3,tomato,2.541666666666666,2,2,2,tomato,2,3,tomato,2,4,plate,2,5,plate,4,0,tomato,5,0,tomato,6,0,plate,6,3,,6,4,,7,1,plate,7,3,,7,4,,3,24.0,56.0,,,2,1.0,30.0,56.0,56.0,,,1,1.0,30.0
2433,0,1,,0,2,None_cut,4.0,3,0,3,tomato,2.5833333333333326,2,2,2,tomato,2,3,tomato,2,4,plate,2,5,plate,4,0,tomato,5,0,tomato,6,0,plate,6,3,,6,4,,7,1,plate,7,3,,7,4,,3,24.0,56.0,,,2,1.0,30.0,56.0,56.0,,,1,1.0,30.0
2434,0,1,,0,2,None_cut,4.0,3,0,3,tomato,2.624999999999999,2,2,2,tomato,2,3,tomato,2,4,plate,2,5,plate,4,0,tomato,5,0,tomato,6,0,plate,6,3,,6,4,,7,1,plate,7,3,,7,4,,3,24.0,56.0,,,2,1.0,30.0,56.0,56.0,,,1,1.0,30.0
2435,0,1,,0,2,None_cut,4.0,3,0,3,tomato,2.6666666666666656,2,2,2,tomato,2,3,tomato,2,4,plate,2,5,plate,4,0,tomato,5,0,tomato,6,0,plate,6,3,,6,4,,7,1,plate,7,3,,7,4,,3,24.0,56.0,,,2,1.0,30.0,56.0,56.0,,,1,1.0,30.0
2436,0,1,,0,2,None_cut,4.0,3,0,3,tomato,2.708333333333332,2,2,2,tomato,2,3,tomato,2,4,plate,2,5,plate,4,0,tomato,5,0,tomato,6,0,plate,6,3,,6,4,,7,1,plate,7,3,,7,4,,3,24.0,56.0,,,2,1.0,30.0,56.0,56.0,,,1,1.0,30.0
2437,0,1,,0,2,None_cut,4.0,3,0,3,tomato,2.7499999999999987,2,2,2,tomato,2,3,tomato,2,4,plate,2,5,plate,4,0,tomato,5,0,tomato,6,0,plate,6,3,,6,4,,7,1,plate,7,3,,7,4,,3,24.0,56.0,,,2,1.0,30.0,56.0,56.0,,,1,1.0,30.0
2438,0,1,,0,2,None_cut,4.0,3,0,3,tomato,2.791666666666665,2,2,2,tomato,2,3,tomato,2,4,plate,2,5,plate,4,0,tomato,5,0,tomato,6,0,plate,6,3,,6,4,,7,1,plate,7,3,,7,4,,3,24.0,56.0,,,2,1.0,30.0,56.0,56.0,,,1,1.0,30.0
2439,0,1,,0,2,None_cut,4.0,3,0,3,tomato,2.8333333333333317,2,2,2,tomato,2,3,tomato,2,4,plate,2,5,plate,4,0,tomato,5,0,tomato,6,0,plate,6,3,,6,4,,7,1,plate,7,3,,7,4,,3,24.0,56.0,,,2,1.0,30.0,56.0,56.0,,,1,1.0,30.0
2440,0,1,,0,2,None_cut,4.0,3,0,3,tomato,2.8749999999999982,2,2,2,tomato,2,3,tomato,2,4,plate,2,5,plate,4,0,tomato,5,0,tomato,6,0,plate,6,3,,6,4,,7,1,plate,7,3,,7,4,,3,24.0,56.0,,,2,1.0,30.0,56.0,56.0,,,1,1.0,30.0
2441,0,1,,0,2,None_cut,4.0,3,0,3,tomato,2.9166666666666647,2,2,2,tomato,2,3,tomato,2,4,plate,2,5,plate,4,0,tomato,5,0,tomato,6,0,plate,6,3,,6,4,,7,1,plate,7,3,,7,4,,3,24.0,56.0,,,2,1.0,30.0,56.0,56.0,,,1,1.0,30.0
2442,0,1,,0,2,None_cut,4.0,3,0,3,tomato,2.9583333333333313,2,2,2,tomato,2,3,tomato,2,4,plate,2,5,plate,4,0,tomato,5,0,tomato,6,0,plate,6,3,,6,4,,7,1,plate,7,3,,7,4,,3,24.0,56.0,,,2,1.0,30.0,56.0,56.0,,,1,1.0,30.0
2443,0,1,,0,2,None_cut,4.0,3,0,3,tomato,2.999999999999998,2,2,2,tomato,2,3,tomato,2,4,plate,2,5,plate,4,0,tomato,5,0,tomato,6,0,plate,6,3,,6,4,,7,1,plate,7,3,,7,4,,3,24.0,56.0,,,2,1.0,30.0,56.0,56.0,,,1,1.0,30.0
2444,0,1,,0,2,None_cut,4.0,3,0,3,tomato_cut,3.0416666666666643,3,2,2,tomato,2,3,tomato,2,4,plate,2,5,plate,4,0,tomato,5,0,tomato,6,0,plate,6,3,,6,4,,7,1,plate,7,3,,7,4,,3,24.0,56.0,,,2,1.0,30.0,56.0,56.0,,,1,1.0,30.0
2445,0,1,,0,2,None_cut,4.0,3,0,3,tomato_cut,3.083333333333331,3,2,2,tomato,2,3,tomato,2,4,plate,2,5,plate,4,0,tomato,5,0,tomato,6,0,plate,6,3,,6,4,,7,1,plate,7,3,,7,4,,3,24.0,56.0,,,2,1.0,30.0,56.0,56.0,,,1,1.0,30.0
2446,0,1,,0,2,None_cut,4.0,3,0,3,tomato_cut,3.1249999999999973,3,2,2,tomato,2,3,tomato,2,4,plate,2,5,plate,4,0,tomato,5,0,tomato,6,0,plate,6,3,,6,4,,7,1,plate,7,3,,7,4,,3,24.0,56.0,,,2,1.0,30.0,56.0,56.0,,,1,1.0,30.0
2447,0,1,,0,2,None_cut,4.0,3,0,3,tomato_cut,3.166666666666664,3,2,2,tomato,2,3,tomato,2,4,plate,2,5,plate,4,0,tomato,5,0,tomato,6,0,plate,6,3,,6,4,,7,1,plate,7,3,,7,4,,3,24.0,56.0,,,2,1.0,30.0,56.0,56.0,,,1,1.0,30.0
2448,0,1,,0,2,None_cut,4.0,3,0,3,tomato_cut,3.2083333333333304,3,2,2,tomato,2,3,tomato,2,4,plate,2,5,plate,4,0,tomato,5,0,tomato,6,0,plate,6,3,,6,4,,7,1,plate,7,3,,7,4,,3,24.0,56.0,,,2,1.0,30.0,56.0,56.0,,,1,1.0,30.0
2449,0,1,,0,2,None_cut,4.0,3,0,3,tomato_cut,3.249999999999997,3,2,2,tomato,2,3,tomato,2,4,plate,2,5,plate,4,0,tomato,5,0,tomato,6,0,plate,6,3,,6,4,,7,1,plate,7,3,,7,4,,3,24.0,56.0,,,2,1.0,30.0,56.0,56.0,,,1,1.0,30.0
2450,0,1,,0,2,None_cut,4.0,3,0,3,tomato_cut,3.2916666666666634,3,2,2,tomato,2,3,tomato,2,4,plate,2,5,plate,4,0,tomato,5,0,tomato,6,0,plate,6,3,,6,4,,7,1,plate,7,3,,7,4,,3,24.0,56.0,,,2,1.0,30.0,56.0,56.0,,,1,1.0,30.0
2451,0,1,,0,2,None_cut,4.0,3,0,3,tomato_cut,3.33333333333333,3,2,2,tomato,2,3,tomato,2,4,plate,2,5,plate,4,0,tomato,5,0,tomato,6,0,plate,6,3,,6,4,,7,1,plate,7,3,,7,4,,3,24.0,56.0,,,2,1.0,30.0,56.0,56.0,,,1,1.0,30.0
2452,0,1,,0,2,None_cut,4.0,3,0,3,tomato_cut,3.3749999999999964,3,2,2,tomato,2,3,tomato,2,4,plate,2,5,plate,4,0,tomato,5,0,tomato,6,0,plate,6,3,,6,4,,7,1,plate,7,3,,7,4,,3,24.0,56.0,,,2,1.0,30.0,56.0,56.0,,,1,1.0,30.0
2453,0,1,,0,2,None_cut,4.0,3,0,3,tomato_cut,3.416666666666663,3,2,2,tomato,2,3,tomato,2,4,plate,2,5,plate,4,0,tomato,5,0,tomato,6,0,plate,6,3,,6,4,,7,1,plate,7,3,,7,4,,3,24.0,56.0,,,2,1.0,30.0,56.0,56.0,,,1,1.0,30.0
2454,0,1,,0,2,None_cut,4.0,3,0,3,tomato_cut,3.4583333333333295,3,2,2,tomato,2,3,tomato,2,4,plate,2,5,plate,4,0,tomato,5,0,tomato,6,0,plate,6,3,,6,4,,7,1,plate,7,3,,7,4,,3,24.0,56.0,,,2,1.0,30.0,56.0,56.0,,,1,1.0,30.0
2455,0,1,,0,2,None_cut,4.0,3,0,3,tomato_cut,3.499999999999996,3,2,2,tomato,2,3,tomato,2,4,plate,2,5,plate,4,0,tomato,5,0,tomato,6,0,plate,6,3,,6,4,,7,1,plate,7,3,,7,4,,3,24.0,56.0,,,2,1.0,30.0,56.0,56.0,,,1,1.0,30.0
2456,0,1,,0,2,None_cut,4.0,3,0,3,tomato_cut,3.5416666666666625,3,2,2,tomato,2,3,tomato,2,4,plate,2,5,plate,4,0,tomato,5,0,tomato,6,0,plate,6,3,,6,4,,7,1,plate,7,3,,7,4,,3,24.0,56.0,,,2,1.0,30.0,56.0,56.0,,,1,1.0,30.0
2457,0,1,,0,2,None_cut,4.0,3,0,3,tomato_cut,3.583333333333329,3,2,2,tomato,2,3,tomato,2,4,plate,2,5,plate,4,0,tomato,5,0,tomato,6,0,plate,6,3,,6,4,,7,1,plate,7,3,,7,4,,3,24.0,56.0,,,2,1.0,30.0,56.0,56.0,,,1,1.0,30.0
2458,0,1,,0,2,None_cut,4.0,3,0,3,tomato_cut,3.6249999999999956,3,2,2,tomato,2,3,tomato,2,4,plate,2,5,plate,4,0,tomato,5,0,tomato,6,0,plate,6,3,,6,4,,7,1,plate,7,3,,7,4,,3,24.0,56.0,,,2,1.0,30.0,56.0,56.0,,,1,1.0,30.0
2459,0,1,,0,2,None_cut,4.0,3,0,3,tomato_cut,3.666666666666662,3,2,2,tomato,2,3,tomato,2,4,plate,2,5,plate,4,0,tomato,5,0,tomato,6,0,plate,6,3,,6,4,,7,1,plate,7,3,,7,4,,3,24.0,56.0,,,2,1.0,30.0,56.0,56.0,,,1,1.0,30.0
2460,0,1,,0,2,None_cut,4.0,3,0,3,tomato_cut,3.7083333333333286,3,2,2,tomato,2,3,tomato,2,4,plate,2,5,plate,4,0,tomato,5,0,tomato,6,0,plate,6,3,,6,4,,7,1,plate,7,3,,7,4,,3,24.0,56.0,,,2,1.0,30.0,56.0,56.0,,,1,1.0,30.0
2461,0,1,,0,2,None_cut,4.0,3,0,3,tomato_cut,3.749999999999995,3,2,2,tomato,2,3,tomato,2,4,plate,2,5,plate,4,0,tomato,5,0,tomato,6,0,plate,6,3,,6,4,,7,1,plate,7,3,,7,4,,3,24.0,56.0,,,2,1.0,30.0,56.0,56.0,,,1,1.0,30.0
2462,0,1,,0,2,None_cut,4.0,3,0,3,tomato_cut,3.7916666666666616,3,2,2,tomato,2,3,tomato,2,4,plate,2,5,plate,4,0,tomato,5,0,tomato,6,0,plate,6,3,,6,4,,7,1,plate,7,3,,7,4,,3,24.0,56.0,,,2,1.0,30.0,56.0,56.0,,,1,1.0,30.0
2463,0,1,,0,2,None_cut,4.0,3,0,3,tomato_cut,3.833333333333328,3,2,2,tomato,2,3,tomato,2,4,plate,2,5,plate,4,0,tomato,5,0,tomato,6,0,plate,6,3,,6,4,,7,1,plate,7,3,,7,4,,3,24.0,56.0,,,2,1.0,30.0,56.0,56.0,,,1,1.0,30.0
2464,0,1,,0,2,None_cut,4.0,3,0,3,tomato_cut,3.8749999999999947,3,2,2,tomato,2,3,tomato,2,4,plate,2,5,plate,4,0,tomato,5,0,tomato,6,0,plate,6,3,,6,4,,7,1,plate,7,3,,7,4,,3,24.0,56.0,,,2,1.0,30.0,56.0,56.0,,,1,1.0,30.0
2465,0,1,,0,2,None_cut,4.0,3,0,3,tomato_cut,3.916666666666661,3,2,2,tomato,2,3,tomato,2,4,plate,2,5,plate,4,0,tomato,5,0,tomato,6,0,plate,6,3,,6,4,,7,1,plate,7,3,,7,4,,3,24.0,56.0,,,2,1.0,30.0,56.0,56.0,,,1,1.0,30.0
2466,0,1,,0,2,None_cut,4.0,3,0,3,tomato_cut,3.9583333333333277,3,2,2,tomato,2,3,tomato,2,4,plate,2,5,plate,4,0,tomato,5,0,tomato,6,0,plate,6,3,,6,4,,7,1,plate,7,3,,7,4,,3,24.0,56.0,,,2,1.0,30.0,56.0,56.0,,,1,1.0,30.0
2467,0,1,,0,2,None_cut,4.0,3,0,3,tomato_cut,3.9999999999999942,3,2,2,tomato,2,3,tomato,2,4,plate,2,5,plate,4,0,tomato,5,0,tomato,6,0,plate,6,3,,6,4,,7,1,plate,7,3,,7,4,,3,24.0,56.0,,,2,1.0,30.0,56.0,56.0,,,1,1.0,30.0
2468,0,1,,0,2,None_cut,4.0,3,0,3,tomato_cut,4.0,3,2,2,tomato,2,3,tomato,2,4,plate,2,5,plate,4,0,tomato,5,0,tomato,6,0,plate,6,3,,6,4,,7,1,plate,7,3,,7,4,,3,24.0,56.0,,,2,1.0,30.0,56.0,56.0,,,1,1.0,30.0
2469,0,1,,0,2,None_cut,4.0,3,0,3,tomato_cut,4.0,3,2,2,tomato,2,3,tomato,2,4,plate,2,5,plate,4,0,tomato,5,0,tomato,6,0,plate,6,3,,6,4,,7,1,plate,7,3,,7,4,,3,24.0,56.0,,,2,1.0,30.0,56.0,56.0,,,1,1.0,30.0
2470,0,1,,0,2,None_cut,4.0,3,0,3,tomato_cut,4.0,3,2,2,tomato,2,3,tomato,2,4,plate,2,5,plate,4,0,tomato,5,0,tomato,6,0,plate,6,3,,6,4,,7,1,plate,7,3,,7,4,,3,24.0,56.0,,,2,1.0,30.0,56.0,56.0,,,1,1.0,30.0
2471,0,1,,0,2,None_cut,4.0,3,0,3,tomato_cut,4.0,3,2,2,tomato,2,3,tomato,2,4,plate,2,5,plate,4,0,tomato,5,0,tomato,6,0,plate,6,3,,6,4,,7,1,plate,7,3,,7,4,,3,24.0,56.0,,,2,1.0,30.0,56.0,56.0,,,1,1.0,30.0
2472,0,1,,0,2,None_cut,4.0,3,0,3,tomato_cut,4.0,3,2,2,tomato,2,3,tomato,2,4,plate,2,5,plate,4,0,tomato,5,0,tomato,6,0,plate,6,3,,6,4,,7,1,plate,7,3,,7,4,,3,24.0,56.0,,,2,1.0,30.0,56.0,56.0,,,1,1.0,30.0
2473,0,1,,0,2,None_cut,4.0,3,0,3,tomato_cut,4.0,3,2,2,tomato,2,3,tomato,2,4,plate,2,5,plate,4,0,tomato,5,0,tomato,6,0,plate,6,3,,6,4,,7,1,plate,7,3,,7,4,,3,24.0,56.0,,,2,1.0,30.0,56.0,56.0,,,1,1.0,30.0
2474,0,1,,0,2,None_cut,4.0,3,0,3,tomato_cut,4.0,3,2,2,tomato,2,3,tomato,2,4,plate,2,5,plate,4,0,tomato,5,0,tomato,6,0,plate,6,3,,6,4,,7,1,plate,7,3,,7,4,,3,24.0,56.0,,,2,1.0,30.0,56.0,56.0,,,1,1.0,30.0
2475,0,1,,0,2,None_cut,4.0,3,0,3,tomato_cut,4.0,3,2,2,tomato,2,3,tomato,2,4,plate,2,5,plate,4,0,tomato,5,0,tomato,6,0,plate,6,3,,6,4,,7,1,plate,7,3,,7,4,,3,24.0,56.0,,,2,1.0,30.0,56.0,56.0,,,1,1.0,30.0
2476,0,1,,0,2,None_cut,4.0,3,0,3,tomato_cut,4.0,3,2,2,tomato,2,3,tomato,2,4,plate,2,5,plate,4,0,tomato,5,0,tomato,6,0,plate,6,3,,6,4,,7,1,plate,7,3,,7,4,,3,24.0,56.0,,,2,1.0,30.0,56.0,56.0,,,1,1.0,30.0
2477,0,1,,0,2,None_cut,4.0,3,0,3,tomato_cut,4.0,3,2,2,tomato,2,3,tomato,2,4,plate,2,5,plate,4,0,tomato,5,0,tomato,6,0,plate,6,3,,6,4,,7,1,plate,7,3,,7,4,,3,24.0,56.0,,,2,1.0,30.0,56.0,56.0,,,1,1.0,30.0
2478,0,1,,0,2,None_cut,4.0,3,0,3,tomato_cut,4.0,3,2,2,tomato,2,3,tomato,2,4,plate,2,5,plate,4,0,tomato,5,0,tomato,6,0,plate,6,3,,6,4,,7,1,plate,7,3,,7,4,,3,24.0,56.0,,,2,1.0,30.0,56.0,56.0,,,1,1.0,30.0
2479,0,1,,0,2,None_cut,4.0,3,0,3,tomato_cut,4.0,3,2,2,tomato,2,3,tomato,2,4,plate,2,5,plate,4,0,tomato,5,0,tomato,6,0,plate,6,3,,6,4,,7,1,plate,7,3,,7,4,,3,24.0,56.0,,,2,1.0,30.0,56.0,56.0,,,1,1.0,30.0
2480,0,1,,0,2,None_cut,4.0,3,0,3,None_cut,4.0,3,2,2,tomato,2,3,tomato,2,4,plate,2,5,plate,4,0,tomato,5,0,tomato,6,0,plate,6,3,,6,4,,7,1,plate,7,3,,7,4,,3,24.0,56.0,,tomato_cut,2,1.0,30.0,56.0,56.0,,,1,1.0,30.0
2481,0,1,,0,2,None_cut,4.0,3,0,3,None_cut,4.0,3,2,2,tomato,2,3,tomato,2,4,plate,2,5,plate,4,0,tomato,5,0,tomato,6,0,plate,6,3,,6,4,,7,1,plate,7,3,,7,4,,3,24.0,56.0,,tomato_cut,2,1.0,30.0,56.0,56.0,,,1,1.0,30.0
2482,0,1,,0,2,None_cut,4.0,3,0,3,None_cut,4.0,3,2,2,tomato,2,3,tomato,2,4,plate,2,5,plate,4,0,tomato,5,0,tomato,6,0,plate,6,3,,6,4,,7,1,plate,7,3,,7,4,,3,24.0,56.0,,tomato_cut,2,1.0,30.0,56.0,56.0,,,1,1.0,30.0
2483,0,1,,0,2,None_cut,4.0,3,0,3,None_cut,4.0,3,2,2,tomato,2,3,tomato,2,4,plate,2,5,plate,4,0,tomato,5,0,tomato,6,0,plate,6,3,,6,4,,7,1,plate,7,3,,7,4,,3,24.0,56.0,,tomato_cut,2,1.0,30.0,56.0,56.0,,,1,1.0,30.0
2484,0,1,,0,2,None_cut,4.0,3,0,3,None_cut,4.0,3,2,2,tomato,2,3,tomato,2,4,plate,2,5,plate,4,0,tomato,5,0,tomato,6,0,plate,6,3,,6,4,,7,1,plate,7,3,,7,4,,3,24.0,56.0,,tomato_cut,2,1.0,30.0,56.0,56.0,,,1,1.0,30.0
2485,0,1,,0,2,None_cut,4.0,3,0,3,None_cut,4.0,3,2,2,tomato,2,3,tomato,2,4,plate,2,5,plate,4,0,tomato,5,0,tomato,6,0,plate,6,3,,6,4,,7,1,plate,7,3,,7,4,,3,24.0,56.0,,tomato_cut,2,1.0,30.0,56.0,56.0,,,1,1.0,30.0
2486,0,1,,0,2,None_cut,4.0,3,0,3,None_cut,4.0,3,2,2,tomato,2,3,tomato,2,4,plate,2,5,plate,4,0,tomato,5,0,tomato,6,0,plate,6,3,,6,4,,7,1,plate,7,3,,7,4,,3,24.0,56.0,,tomato_cut,2,1.0,30.0,56.0,56.0,,,1,1.0,30.0
2487,0,1,,0,2,None_cut,4.0,3,0,3,None_cut,4.0,3,2,2,tomato,2,3,tomato,2,4,plate,2,5,plate,4,0,tomato,5,0,tomato,6,0,plate,6,3,,6,4,,7,1,plate,7,3,,7,4,,3,24.0,56.0,,tomato_cut,2,1.0,30.0,56.0,56.0,,,1,1.0,30.0
2488,0,1,,0,2,None_cut,4.0,3,0,3,None_cut,4.0,3,2,2,tomato,2,3,tomato,2,4,plate,2,5,plate,4,0,tomato,5,0,tomato,6,0,plate,6,3,,6,4,,7,1,plate,7,3,,7,4,,3,24.0,56.0,,tomato_cut,2,1.0,30.0,56.0,56.0,,,1,1.0,30.0
2489,0,1,,0,2,None_cut,4.0,3,0,3,None_cut,4.0,3,2,2,tomato,2,3,tomato,2,4,plate,2,5,plate,4,0,tomato,5,0,tomato,6,0,plate,6,3,,6,4,,7,1,plate,7,3,,7,4,,3,24.0,56.0,,tomato_cut,2,1.0,30.0,56.0,56.0,,,1,1.0,30.0
2490,0,1,,0,2,None_cut,4.0,3,0,3,None_cut,4.0,3,2,2,tomato,2,3,tomato,2,4,plate,2,5,plate,4,0,tomato,5,0,tomato,6,0,plate,6,3,,6,4,,7,1,plate,7,3,,7,4,,3,24.0,56.0,,tomato_cut,2,1.0,30.0,56.0,56.0,,,1,1.0,30.0
2491,0,1,,0,2,None_cut,4.0,3,0,3,None_cut,4.0,3,2,2,tomato,2,3,tomato,2,4,plate,2,5,plate,4,0,tomato,5,0,tomato,6,0,plate,6,3,,6,4,,7,1,plate,7,3,,7,4,,3,24.0,56.0,,tomato_cut,2,1.0,30.0,56.0,56.0,,,1,1.0,30.0
2492,0,1,,0,2,None_cut,4.0,3,0,3,None_cut,4.0,3,2,2,tomato,2,3,tomato,2,4,plate,2,5,plate,4,0,tomato,5,0,tomato,6,0,plate,6,3,,6,4,,7,1,plate,7,3,,7,4,,3,24.0,56.0,,tomato_cut,2,1.0,30.0,56.0,56.0,,,1,1.0,30.0
2493,0,1,,0,2,None_cut,4.0,3,0,3,None_cut,4.0,3,2,2,tomato,2,3,tomato,2,4,plate,2,5,plate,4,0,tomato,5,0,tomato,6,0,plate,6,3,,6,4,,7,1,plate,7,3,,7,4,,3,24.0,56.0,,tomato_cut,2,1.0,30.0,56.0,56.0,,,1,1.0,30.0
2494,0,1,,0,2,None_cut,4.0,3,0,3,None_cut,4.0,3,2,2,tomato,2,3,tomato,2,4,plate,2,5,plate,4,0,tomato,5,0,tomato,6,0,plate,6,3,,6,4,,7,1,plate,7,3,,7,4,,3,24.0,56.0,,tomato_cut,2,1.0,30.0,56.0,56.0,,,1,1.0,30.0
2495,0,1,,0,2,None_cut,4.0,3,0,3,None_cut,4.0,3,2,2,tomato,2,3,tomato,2,4,plate,2,5,plate,4,0,tomato,5,0,tomato,6,0,plate,6,3,,6,4,,7,1,plate,7,3,,7,4,,3,24.0,56.0,,tomato_cut,2,1.0,30.0,56.0,56.0,,,1,1.0,30.0
2496,0,1,,0,2,None_cut,4.0,3,0,3,None_cut,4.0,3,2,2,tomato,2,3,tomato,2,4,plate,2,5,plate,4,0,tomato,5,0,tomato,6,0,plate,6,3,,6,4,,7,1,plate,7,3,,7,4,,3,24.0,56.0,,tomato_cut,2,1.0,30.0,56.0,56.0,,,1,1.0,30.0
2497,0,1,,0,2,None_cut,4.0,3,0,3,None_cut,4.0,3,2,2,tomato,2,3,tomato,2,4,plate,2,5,plate,4,0,tomato,5,0,tomato,6,0,plate,6,3,,6,4,,7,1,plate,7,3,,7,4,,3,24.0,56.0,,tomato_cut,2,1.0,30.0,56.0,56.0,,,1,1.0,30.0
2498,0,1,,0,2,None_cut,4.0,3,0,3,None_cut,4.0,3,2,2,tomato,2,3,tomato,2,4,plate,2,5,plate,4,0,tomato,5,0,tomato,6,0,plate,6,3,,6,4,,7,1,plate,7,3,,7,4,,3,24.0,56.0,,tomato_cut,2,1.0,30.0,56.0,56.0,,,1,1.0,30.0
2499,0,1,,0,2,None_cut,4.0,3,0,3,None_cut,4.0,3,2,2,tomato,2,3,tomato,2,4,plate,2,5,plate,4,0,tomato,5,0,tomato,6,0,plate,6,3,,6,4,,7,1,plate,7,3,,7,4,,3,24.0,56.0,,tomato_cut,2,1.0,30.0,56.0,56.0,,,1,1.0,30.0
2500,0,1,,0,2,None_cut,4.0,3,0,3,None_cut,4.0,3,2,2,tomato,2,3,tomato,2,4,plate,2,5,plate,4,0,tomato,5,0,tomato,6,0,plate,6,3,,6,4,,7,1,plate,7,3,,7,4,,3,24.0,56.0,,tomato_cut,2,1.0,30.0,56.0,56.0,,,1,1.0,30.0
2501,0,1,,0,2,None_cut,4.0,3,0,3,None_cut,4.0,3,2,2,tomato,2,3,tomato,2,4,plate,2,5,plate,4,0,tomato,5,0,tomato,6,0,plate,6,3,,6,4,,7,1,plate,7,3,,7,4,,3,24.0,56.0,,tomato_cut,2,1.0,30.0,56.0,56.0,,,1,1.0,30.0
2502,0,1,,0,2,None_cut,4.0,3,0,3,None_cut,4.0,3,2,2,tomato,2,3,tomato,2,4,plate,2,5,plate,4,0,tomato,5,0,tomato,6,0,plate,6,3,,6,4,,7,1,plate,7,3,,7,4,,3,24.0,56.0,,tomato_cut,2,1.0,30.0,56.0,56.0,,,1,1.0,30.0
2503,0,1,,0,2,None_cut,4.0,3,0,3,None_cut,4.0,3,2,2,tomato,2,3,tomato,2,4,plate,2,5,plate,4,0,tomato,5,0,tomato,6,0,plate,6,3,,6,4,,7,1,plate,7,3,,7,4,,3,24.0,56.0,,tomato_cut,2,1.0,30.0,56.0,56.0,,,1,1.0,30.0
2504,0,1,,0,2,None_cut,4.0,3,0,3,None_cut,4.0,3,2,2,tomato,2,3,tomato,2,4,plate,2,5,plate,4,0,tomato,5,0,tomato,6,0,plate,6,3,,6,4,,7,1,plate,7,3,,7,4,,3,24.0,56.0,,tomato_cut,2,1.0,30.0,56.0,56.0,,,1,1.0,30.0
2505,0,1,,0,2,None_cut,4.0,3,0,3,None_cut,4.0,3,2,2,tomato,2,3,tomato,2,4,plate,2,5,plate,4,0,tomato,5,0,tomato,6,0,plate,6,3,,6,4,,7,1,plate,7,3,,7,4,,3,24.0,56.0,,tomato_cut,2,1.0,30.0,56.0,56.0,,,1,1.0,30.0
2506,0,1,,0,2,None_cut,4.0,3,0,3,None_cut,4.0,3,2,2,tomato,2,3,tomato,2,4,plate,2,5,plate,4,0,tomato,5,0,tomato,6,0,plate,6,3,,6,4,,7,1,plate,7,3,,7,4,,3,24.0,56.0,,tomato_cut,2,1.0,30.0,56.0,56.0,,,1,1.0,30.0
2507,0,1,,0,2,None_cut,4.0,3,0,3,None_cut,4.0,3,2,2,tomato,2,3,tomato,2,4,plate,2,5,plate,4,0,tomato,5,0,tomato,6,0,plate,6,3,,6,4,,7,1,plate,7,3,,7,4,,3,24.0,56.0,,tomato_cut,2,1.0,30.0,56.0,56.0,,,1,1.0,30.0
2508,0,1,,0,2,None_cut,4.0,3,0,3,None_cut,4.0,3,2,2,tomato,2,3,tomato,2,4,plate,2,5,plate,4,0,tomato,5,0,tomato,6,0,plate,6,3,,6,4,,7,1,plate,7,3,,7,4,,3,24.0,56.0,,tomato_cut,2,1.0,30.0,56.0,56.0,,,1,1.0,30.0
2509,0,1,,0,2,None_cut,4.0,3,0,3,None_cut,4.0,3,2,2,tomato,2,3,tomato,2,4,plate,2,5,plate,4,0,tomato,5,0,tomato,6,0,plate,6,3,,6,4,,7,1,plate,7,3,,7,4,,3,24.0,56.0,,tomato_cut,2,1.0,30.0,56.0,56.0,,,1,1.0,30.0
2510,0,1,,0,2,None_cut,4.0,3,0,3,None_cut,4.0,3,2,2,tomato,2,3,tomato,2,4,plate,2,5,plate,4,0,tomato,5,0,tomato,6,0,plate,6,3,,6,4,,7,1,plate,7,3,,7,4,,3,24.0,56.0,,tomato_cut,2,1.0,30.0,56.0,56.0,,,1,1.0,30.0
2511,0,1,,0,2,None_cut,4.0,3,0,3,None_cut,4.0,3,2,2,tomato,2,3,tomato,2,4,plate,2,5,plate,4,0,tomato,5,0,tomato,6,0,plate,6,3,,6,4,,7,1,plate,7,3,,7,4,,3,24.0,56.0,,tomato_cut,2,1.0,30.0,56.0,56.0,,,1,1.0,30.0
2512,0,1,,0,2,None_cut,4.0,3,0,3,None_cut,4.0,3,2,2,tomato,2,3,tomato,2,4,plate,2,5,plate,4,0,tomato,5,0,tomato,6,0,plate,6,3,,6,4,,7,1,plate,7,3,,7,4,,3,24.0,56.0,,tomato_cut,2,1.0,30.0,56.0,56.0,,,1,1.0,30.0
2513,0,1,,0,2,None_cut,4.0,3,0,3,None_cut,4.0,3,2,2,tomato,2,3,tomato,2,4,plate,2,5,plate,4,0,tomato,5,0,tomato,6,0,plate,6,3,,6,4,,7,1,plate,7,3,,7,4,,3,24.0,56.0,,tomato_cut,2,1.0,30.0,56.0,56.0,,,1,1.0,30.0
2514,0,1,,0,2,None_cut,4.0,3,0,3,None_cut,4.0,3,2,2,tomato,2,3,tomato,2,4,plate,2,5,plate,4,0,tomato,5,0,tomato,6,0,plate,6,3,,6,4,,7,1,plate,7,3,,7,4,,3,24.0,56.0,,tomato_cut,2,1.0,30.0,56.0,56.0,,,1,1.0,30.0
2515,0,1,,0,2,None_cut,4.0,3,0,3,None_cut,4.0,3,2,2,tomato,2,3,tomato,2,4,plate,2,5,plate,4,0,tomato,5,0,tomato,6,0,plate,6,3,,6,4,,7,1,plate,7,3,,7,4,,3,24.0,57.250000000000284,,tomato_cut,2,1.0,30.0,56.0,56.0,,,1,1.0,30.0
2516,0,1,,0,2,None_cut,4.0,3,0,3,None_cut,4.0,3,2,2,tomato,2,3,tomato,2,4,plate,2,5,plate,4,0,tomato,5,0,tomato,6,0,plate,6,3,,6,4,,7,1,plate,7,3,,7,4,,3,24.0,58.50000000000057,,tomato_cut,2,1.0,30.0,56.0,56.0,,,1,1.0,30.0
2517,0,1,,0,2,None_cut,4.0,3,0,3,None_cut,4.0,3,2,2,tomato,2,3,tomato,2,4,plate,2,5,plate,4,0,tomato,5,0,tomato,6,0,plate,6,3,,6,4,,7,1,plate,7,3,,7,4,,3,24.0,59.75000000000085,,tomato_cut,2,1.0,30.0,56.0,56.0,,,1,1.0,30.0
2518,0,1,,0,2,None_cut,4.0,3,0,3,None_cut,4.0,3,2,2,tomato,2,3,tomato,2,4,plate,2,5,plate,4,0,tomato,5,0,tomato,6,0,plate,6,3,,6,4,,7,1,plate,7,3,,7,4,,3,24.0,61.00000000000114,,tomato_cut,2,1.0,30.0,56.0,56.0,,,1,1.0,30.0
2519,0,1,,0,2,None_cut,4.0,3,0,3,None_cut,4.0,3,2,2,tomato,2,3,tomato,2,4,plate,2,5,plate,4,0,tomato,5,0,tomato,6,0,plate,6,3,,6,4,,7,1,plate,7,3,,7,4,,3,24.0,62.25000000000142,,tomato_cut,2,1.0,30.0,56.0,56.0,,,1,1.0,30.0
2520,0,1,,0,2,None_cut,4.0,3,0,3,None_cut,4.0,3,2,2,tomato,2,3,tomato,2,4,plate,2,5,plate,4,0,tomato,5,0,tomato,6,0,plate,6,3,,6,4,,7,1,plate,7,3,,7,4,,3,24.0,63.500000000001705,,tomato_cut,2,1.0,30.0,56.0,56.0,,,1,1.0,30.0
2521,0,1,,0,2,None_cut,4.0,3,0,3,None_cut,4.0,3,2,2,tomato,2,3,tomato,2,4,plate,2,5,plate,4,0,tomato,5,0,tomato,6,0,plate,6,3,,6,4,,7,1,plate,7,3,,7,4,,3,24.0,64.75000000000199,,tomato_cut,2,1.0,30.0,56.0,56.0,,,1,1.0,30.0
2522,0,1,,0,2,None_cut,4.0,3,0,3,None_cut,4.0,3,2,2,tomato,2,3,tomato,2,4,plate,2,5,plate,4,0,tomato,5,0,tomato,6,0,plate,6,3,,6,4,,7,1,plate,7,3,,7,4,,3,24.0,66.00000000000227,,tomato_cut,2,1.0,30.0,56.0,56.0,,,1,1.0,30.0
2523,0,1,,0,2,None_cut,4.0,3,0,3,None_cut,4.0,3,2,2,tomato,2,3,tomato,2,4,plate,2,5,plate,4,0,tomato,5,0,tomato,6,0,plate,6,3,,6,4,,7,1,plate,7,3,,7,4,,3,24.0,67.25000000000256,,tomato_cut,2,1.0,30.0,56.0,56.0,,,1,1.0,30.0
2524,0,1,,0,2,None_cut,4.0,3,0,3,None_cut,4.0,3,2,2,tomato,2,3,tomato,2,4,plate,2,5,plate,4,0,tomato,5,0,tomato,6,0,plate,6,3,,6,4,,7,1,plate,7,3,,7,4,,3,24.0,68.50000000000284,,tomato_cut,2,1.0,30.0,56.0,56.0,,,1,1.0,30.0
2525,0,1,,0,2,None_cut,4.0,3,0,3,None_cut,4.0,3,2,2,tomato,2,3,tomato,2,4,plate,2,5,plate,4,0,tomato,5,0,tomato,6,0,plate,6,3,,6,4,,7,1,plate,7,3,,7,4,,3,24.0,69.75000000000313,,tomato_cut,2,1.0,30.0,56.0,56.0,,,1,1.0,30.0
2526,0,1,,0,2,None_cut,4.0,3,0,3,None_cut,4.0,3,2,2,tomato,2,3,tomato,2,4,plate,2,5,plate,4,0,tomato,5,0,tomato,6,0,plate,6,3,,6,4,,7,1,plate,7,3,,7,4,,3,24.0,71.00000000000341,,tomato_cut,2,1.0,30.0,56.0,56.0,,,1,1.0,30.0
2527,0,1,,0,2,None_cut,4.0,3,0,3,None_cut,4.0,3,2,2,tomato,2,3,tomato,2,4,plate,2,5,plate,4,0,tomato,5,0,tomato,6,0,plate,6,3,,6,4,,7,1,plate,7,3,,7,4,,3,24.0,72.0,,tomato_cut,2,1.0,30.0,56.0,56.0,,,1,1.0,30.0
2528,0,1,,0,2,None_cut,4.0,3,0,3,None_cut,4.0,3,2,2,tomato,2,3,tomato,2,4,tomato_salad,2,5,plate,4,0,tomato,5,0,tomato,6,0,plate,6,3,,6,4,,7,1,plate,7,3,,7,4,,3,24.0,72.0,,,2,1.0,30.0,56.0,56.0,,,1,1.0,30.0
2529,0,1,,0,2,None_cut,4.0,3,0,3,None_cut,4.0,3,2,2,tomato,2,3,tomato,2,4,tomato_salad,2,5,plate,4,0,tomato,5,0,tomato,6,0,plate,6,3,,6,4,,7,1,plate,7,3,,7,4,,3,24.0,72.0,,,2,1.0,30.0,56.0,56.0,,,1,1.0,30.0
2530,0,1,,0,2,None_cut,4.0,3,0,3,None_cut,4.0,3,2,2,tomato,2,3,tomato,2,4,tomato_salad,2,5,plate,4,0,tomato,5,0,tomato,6,0,plate,6,3,,6,4,,7,1,plate,7,3,,7,4,,3,24.0,72.0,,,2,1.0,30.0,56.0,56.0,,,1,1.0,30.0
2531,0,1,,0,2,None_cut,4.0,3,0,3,None_cut,4.0,3,2,2,tomato,2,3,tomato,2,4,tomato_salad,2,5,plate,4,0,tomato,5,0,tomato,6,0,plate,6,3,,6,4,,7,1,plate,7,3,,7,4,,3,24.0,72.0,,,2,1.0,30.0,56.0,56.0,,,1,1.0,30.0
2532,0,1,,0,2,None_cut,4.0,3,0,3,None_cut,4.0,3,2,2,tomato,2,3,tomato,2,4,tomato_salad,2,5,plate,4,0,tomato,5,0,tomato,6,0,plate,6,3,,6,4,,7,1,plate,7,3,,7,4,,3,24.0,72.0,,,2,1.0,30.0,56.0,56.0,,,1,1.0,30.0
2533,0,1,,0,2,None_cut,4.0,3,0,3,None_cut,4.0,3,2,2,tomato,2,3,tomato,2,4,tomato_salad,2,5,plate,4,0,tomato,5,0,tomato,6,0,plate,6,3,,6,4,,7,1,plate,7,3,,7,4,,3,24.0,72.0,,,2,1.0,30.0,56.0,56.0,,,1,1.0,30.0
2534,0,1,,0,2,None_cut,4.0,3,0,3,None_cut,4.0,3,2,2,tomato,2,3,tomato,2,4,tomato_salad,2,5,plate,4,0,tomato,5,0,tomato,6,0,plate,6,3,,6,4,,7,1,plate,7,3,,7,4,,3,24.0,72.0,,,2,1.0,30.0,56.0,56.0,,,1,1.0,30.0
2535,0,1,,0,2,None_cut,4.0,3,0,3,None_cut,4.0,3,2,2,tomato,2,3,tomato,2,4,tomato_salad,2,5,plate,4,0,tomato,5,0,tomato,6,0,plate,6,3,,6,4,,7,1,plate,7,3,,7,4,,3,24.0,72.0,,,2,1.0,30.0,56.0,56.0,,,1,1.0,30.0
2536,0,1,,0,2,None_cut,4.0,3,0,3,None_cut,4.0,3,2,2,tomato,2,3,tomato,2,4,tomato_salad,2,5,plate,4,0,tomato,5,0,tomato,6,0,plate,6,3,,6,4,,7,1,plate,7,3,,7,4,,3,24.0,72.0,,,2,1.0,30.0,56.0,56.0,,,1,1.0,30.0
2537,0,1,,0,2,None_cut,4.0,3,0,3,None_cut,4.0,3,2,2,tomato,2,3,tomato,2,4,tomato_salad,2,5,plate,4,0,tomato,5,0,tomato,6,0,plate,6,3,,6,4,,7,1,plate,7,3,,7,4,,3,24.0,72.0,,,2,1.0,30.0,56.0,56.0,,,1,1.0,30.0
2538,0,1,,0,2,None_cut,4.0,3,0,3,None_cut,4.0,3,2,2,tomato,2,3,tomato,2,4,tomato_salad,2,5,plate,4,0,tomato,5,0,tomato,6,0,plate,6,3,,6,4,,7,1,plate,7,3,,7,4,,3,24.0,72.0,,,2,1.0,30.0,56.0,57.250000000000284,,,1,1.0,30.0
2539,0,1,,0,2,None_cut,4.0,3,0,3,None_cut,4.0,3,2,2,tomato,2,3,tomato,2,4,tomato_salad,2,5,plate,4,0,tomato,5,0,tomato,6,0,plate,6,3,,6,4,,7,1,plate,7,3,,7,4,,3,24.0,72.0,,,2,1.0,30.0,56.0,58.50000000000057,,,1,1.0,30.0
2540,0,1,,0,2,None_cut,4.0,3,0,3,None_cut,4.0,3,2,2,tomato,2,3,tomato,2,4,tomato_salad,2,5,plate,4,0,tomato,5,0,tomato,6,0,plate,6,3,,6,4,,7,1,plate,7,3,,7,4,,3,24.0,72.0,,,2,1.0,30.0,56.0,59.75000000000085,,,1,1.0,30.0
2541,0,1,,0,2,None_cut,4.0,3,0,3,None_cut,4.0,3,2,2,tomato,2,3,tomato,2,4,tomato_salad,2,5,plate,4,0,tomato,5,0,tomato,6,0,plate,6,3,,6,4,,7,1,plate,7,3,,7,4,,3,24.0,72.0,,,2,1.0,30.0,56.0,61.00000000000114,,,1,1.0,30.0
2542,0,1,,0,2,None_cut,4.0,3,0,3,None_cut,4.0,3,2,2,tomato,2,3,tomato,2,4,tomato_salad,2,5,plate,4,0,tomato,5,0,tomato,6,0,plate,6,3,,6,4,,7,1,plate,7,3,,7,4,,3,24.0,72.0,,,2,1.0,30.0,56.0,62.25000000000142,,,1,1.0,30.0
2543,0,1,,0,2,None_cut,4.0,3,0,3,None_cut,4.0,3,2,2,tomato,2,3,tomato,2,4,tomato_salad,2,5,plate,4,0,tomato,5,0,tomato,6,0,plate,6,3,,6,4,,7,1,plate,7,3,,7,4,,3,24.0,72.0,,,2,1.0,30.0,56.0,63.500000000001705,,,1,1.0,30.0
2544,0,1,,0,2,None_cut,4.0,3,0,3,None_cut,4.0,3,2,2,tomato,2,3,tomato,2,4,tomato_salad,2,5,plate,4,0,tomato,5,0,tomato,6,0,plate,6,3,,6,4,,7,1,plate,7,3,,7,4,,3,24.0,72.0,,,2,1.0,30.0,56.0,64.75000000000199,,,1,1.0,30.0
2545,0,1,,0,2,None_cut,4.0,3,0,3,None_cut,4.0,3,2,2,tomato,2,3,tomato,2,4,tomato_salad,2,5,plate,4,0,tomato,5,0,tomato,6,0,plate,6,3,,6,4,,7,1,plate,7,3,,7,4,,3,24.0,72.0,,,2,1.0,30.0,56.0,66.00000000000227,,,1,1.0,30.0
2546,0,1,,0,2,None_cut,4.0,3,0,3,None_cut,4.0,3,2,2,tomato,2,3,tomato,2,4,tomato_salad,2,5,plate,4,0,tomato,5,0,tomato,6,0,plate,6,3,,6,4,,7,1,plate,7,3,,7,4,,3,24.0,72.0,,,2,1.0,30.0,56.0,67.25000000000256,,,1,1.0,30.0
2547,0,1,,0,2,None_cut,4.0,3,0,3,None_cut,4.0,3,2,2,tomato,2,3,tomato,2,4,tomato_salad,2,5,plate,4,0,tomato,5,0,tomato,6,0,plate,6,3,,6,4,,7,1,plate,7,3,,7,4,,3,24.0,72.0,,,2,1.0,30.0,56.0,68.50000000000284,,,1,1.0,30.0
2548,0,1,,0,2,None_cut,4.0,3,0,3,None_cut,4.0,3,2,2,tomato,2,3,tomato,2,4,tomato_salad,2,5,plate,4,0,tomato,5,0,tomato,6,0,plate,6,3,,6,4,,7,1,plate,7,3,,7,4,,3,24.0,72.0,,,2,1.0,30.0,56.0,69.75000000000313,,,1,1.0,30.0
2549,0,1,,0,2,None_cut,4.0,3,0,3,None_cut,4.0,3,2,2,tomato,2,3,tomato,2,4,tomato_salad,2,5,plate,4,0,tomato,5,0,tomato,6,0,plate,6,3,,6,4,,7,1,plate,7,3,,7,4,,3,24.0,72.0,,,2,1.0,30.0,56.0,71.00000000000341,,,1,1.0,30.0
2550,0,1,,0,2,None_cut,4.0,3,0,3,None_cut,4.0,3,2,2,tomato,2,3,tomato,2,4,tomato_salad,2,5,plate,4,0,tomato,5,0,tomato,6,0,plate,6,3,,6,4,,7,1,plate,7,3,,7,4,,3,24.0,72.0,,,2,1.0,30.0,56.0,72.0,,,1,1.0,30.0
2551,0,1,,0,2,None_cut,4.0,3,0,3,None_cut,4.0,3,2,2,tomato,2,3,tomato,2,4,,2,5,plate,4,0,tomato,5,0,tomato,6,0,plate,6,3,,6,4,,7,1,plate,7,3,,7,4,,3,24.0,72.0,,,2,1.0,30.0,56.0,72.0,,tomato_salad,1,1.0,30.0
2552,0,1,,0,2,None_cut,4.0,3,0,3,None_cut,4.0,3,2,2,tomato,2,3,tomato,2,4,,2,5,plate,4,0,tomato,5,0,tomato,6,0,plate,6,3,,6,4,,7,1,plate,7,3,,7,4,,3,24.0,72.0,,,2,1.0,30.0,56.0,72.0,,tomato_salad,1,1.0,30.0
2553,0,1,,0,2,None_cut,4.0,3,0,3,None_cut,4.0,3,2,2,tomato,2,3,tomato,2,4,,2,5,plate,4,0,tomato,5,0,tomato,6,0,plate,6,3,,6,4,,7,1,plate,7,3,,7,4,,3,24.0,72.0,,,2,1.0,30.0,56.0,72.0,,tomato_salad,1,1.0,30.0
2554,0,1,,0,2,None_cut,4.0,3,0,3,None_cut,4.0,3,2,2,tomato,2,3,tomato,2,4,,2,5,plate,4,0,tomato,5,0,tomato,6,0,plate,6,3,,6,4,,7,1,plate,7,3,,7,4,,3,24.0,72.0,,,2,1.0,30.0,56.0,72.0,,tomato_salad,1,1.0,30.0
2555,0,1,,0,2,None_cut,4.0,3,0,3,None_cut,4.0,3,2,2,tomato,2,3,tomato,2,4,,2,5,plate,4,0,tomato,5,0,tomato,6,0,plate,6,3,,6,4,,7,1,plate,7,3,,7,4,,3,24.0,72.0,,,2,1.0,30.0,56.0,72.0,,tomato_salad,1,1.0,30.0
2556,0,1,,0,2,None_cut,4.0,3,0,3,None_cut,4.0,3,2,2,tomato,2,3,tomato,2,4,tomato_salad,2,5,plate,4,0,tomato,5,0,tomato,6,0,plate,6,3,,6,4,,7,1,plate,7,3,,7,4,,3,24.0,72.0,,,2,1.0,30.0,56.0,72.0,,,1,1.0,30.0
2557,0,1,,0,2,None_cut,4.0,3,0,3,None_cut,4.0,3,2,2,tomato,2,3,tomato,2,4,tomato_salad,2,5,plate,4,0,tomato,5,0,tomato,6,0,plate,6,3,,6,4,,7,1,plate,7,3,,7,4,,3,24.0,72.0,,,2,1.0,30.0,56.0,72.0,,,1,1.0,30.0
2558,0,1,,0,2,None_cut,4.0,3,0,3,None_cut,4.0,3,2,2,tomato,2,3,tomato,2,4,tomato_salad,2,5,plate,4,0,tomato,5,0,tomato,6,0,plate,6,3,,6,4,,7,1,plate,7,3,,7,4,,3,24.0,72.0,,,2,1.0,30.0,56.0,72.0,,,1,1.0,30.0
2559,0,1,,0,2,None_cut,4.0,3,0,3,None_cut,4.0,3,2,2,tomato,2,3,tomato,2,4,tomato_salad,2,5,plate,4,0,tomato,5,0,tomato,6,0,plate,6,3,,6,4,,7,1,plate,7,3,,7,4,,3,24.0,72.0,,,2,1.0,30.0,56.0,72.0,,,1,1.0,30.0
2560,0,1,,0,2,None_cut,4.0,3,0,3,None_cut,4.0,3,2,2,tomato,2,3,tomato,2,4,tomato_salad,2,5,plate,4,0,tomato,5,0,tomato,6,0,plate,6,3,,6,4,,7,1,plate,7,3,,7,4,,3,24.0,72.0,,,2,1.0,30.0,56.0,72.0,,,1,1.0,30.0
2561,0,1,,0,2,None_cut,4.0,3,0,3,None_cut,4.0,3,2,2,tomato,2,3,tomato,2,4,tomato_salad,2,5,plate,4,0,tomato,5,0,tomato,6,0,plate,6,3,,6,4,,7,1,plate,7,3,,7,4,,3,24.0,72.0,,,2,1.0,30.0,56.0,72.0,,,1,1.0,30.0
2562,0,1,,0,2,None_cut,4.0,3,0,3,None_cut,4.0,3,2,2,tomato,2,3,tomato,2,4,tomato_salad,2,5,plate,4,0,tomato,5,0,tomato,6,0,plate,6,3,,6,4,,7,1,plate,7,3,,7,4,,3,24.0,72.0,,,2,1.0,30.0,56.0,72.0,,,1,1.0,30.0
2563,0,1,,0,2,None_cut,4.0,3,0,3,None_cut,4.0,3,2,2,tomato,2,3,tomato,2,4,tomato_salad,2,5,plate,4,0,tomato,5,0,tomato,6,0,plate,6,3,,6,4,,7,1,plate,7,3,,7,4,,3,24.0,72.0,,,2,1.0,30.0,56.0,72.0,,,1,1.0,30.0
2564,0,1,,0,2,None_cut,4.0,3,0,3,None_cut,4.0,3,2,2,tomato,2,3,tomato,2,4,tomato_salad,2,5,plate,4,0,tomato,5,0,tomato,6,0,plate,6,3,,6,4,,7,1,plate,7,3,,7,4,,3,24.0,72.0,,,2,1.0,30.0,56.0,72.0,,,1,1.0,30.0
2565,0,1,,0,2,None_cut,4.0,3,0,3,None_cut,4.0,3,2,2,tomato,2,3,tomato,2,4,tomato_salad,2,5,plate,4,0,tomato,5,0,tomato,6,0,plate,6,3,,6,4,,7,1,plate,7,3,,7,4,,3,24.0,72.0,,,2,1.0,30.0,56.0,72.0,,,1,1.0,30.0
2566,0,1,,0,2,None_cut,4.0,3,0,3,None_cut,4.0,3,2,2,tomato,2,3,tomato,2,4,tomato_salad,2,5,plate,4,0,tomato,5,0,tomato,6,0,plate,6,3,,6,4,,7,1,plate,7,3,,7,4,,3,24.0,72.0,,,2,1.0,30.0,56.0,72.0,,,1,1.0,30.0
2567,0,1,,0,2,None_cut,4.0,3,0,3,None_cut,4.0,3,2,2,tomato,2,3,tomato,2,4,tomato_salad,2,5,plate,4,0,tomato,5,0,tomato,6,0,plate,6,3,,6,4,,7,1,plate,7,3,,7,4,,3,24.0,72.0,,,2,1.0,30.0,56.0,72.0,,,1,1.0,30.0
2568,0,1,,0,2,None_cut,4.0,3,0,3,None_cut,4.0,3,2,2,tomato,2,3,tomato,2,4,tomato_salad,2,5,plate,4,0,tomato,5,0,tomato,6,0,plate,6,3,,6,4,,7,1,plate,7,3,,7,4,,3,24.0,72.0,,,2,1.0,30.0,56.0,72.0,,,1,1.0,30.0
2569,0,1,,0,2,None_cut,4.0,3,0,3,None_cut,4.0,3,2,2,tomato,2,3,tomato,2,4,tomato_salad,2,5,plate,4,0,tomato,5,0,tomato,6,0,plate,6,3,,6,4,,7,1,plate,7,3,,7,4,,3,24.0,72.0,,,2,1.0,30.0,56.0,72.0,,,1,1.0,30.0
2570,0,1,,0,2,None_cut,4.0,3,0,3,None_cut,4.0,3,2,2,tomato,2,3,tomato,2,4,tomato_salad,2,5,plate,4,0,tomato,5,0,tomato,6,0,plate,6,3,,6,4,,7,1,plate,7,3,,7,4,,3,24.0,72.0,,,2,1.0,30.0,56.0,72.0,,,1,1.0,30.0
2571,0,1,,0,2,None_cut,4.0,3,0,3,None_cut,4.0,3,2,2,tomato,2,3,tomato,2,4,tomato_salad,2,5,plate,4,0,tomato,5,0,tomato,6,0,plate,6,3,,6,4,,7,1,plate,7,3,,7,4,,3,24.0,72.0,,,2,1.0,30.0,56.0,72.0,,,1,1.0,30.0
2572,0,1,,0,2,None_cut,4.0,3,0,3,None_cut,4.0,3,2,2,tomato,2,3,tomato,2,4,tomato_salad,2,5,plate,4,0,tomato,5,0,tomato,6,0,plate,6,3,,6,4,,7,1,plate,7,3,,7,4,,3,24.0,72.0,,,2,1.0,30.0,56.0,72.0,,,1,1.0,30.0
2573,0,1,,0,2,None_cut,4.0,3,0,3,None_cut,4.0,3,2,2,tomato,2,3,tomato,2,4,tomato_salad,2,5,plate,4,0,tomato,5,0,tomato,6,0,plate,6,3,,6,4,,7,1,plate,7,3,,7,4,,3,24.0,72.0,,,2,1.0,30.0,56.0,72.0,,,1,1.0,30.0
2574,0,1,,0,2,None_cut,4.0,3,0,3,None_cut,4.0,3,2,2,tomato,2,3,tomato,2,4,tomato_salad,2,5,plate,4,0,tomato,5,0,tomato,6,0,plate,6,3,,6,4,,7,1,plate,7,3,,7,4,,3,24.0,72.0,,,2,1.0,30.0,56.0,72.0,,,1,1.0,30.0
2575,0,1,,0,2,None_cut,4.0,3,0,3,None_cut,4.0,3,2,2,tomato,2,3,tomato,2,4,tomato_salad,2,5,plate,4,0,tomato,5,0,tomato,6,0,plate,6,3,,6,4,,7,1,plate,7,3,,7,4,,3,24.0,72.0,,,2,1.0,30.0,56.0,72.0,,,1,1.0,30.0
2576,0,1,,0,2,None_cut,4.0,3,0,3,None_cut,4.0,3,2,2,tomato,2,3,tomato,2,4,tomato_salad,2,5,plate,4,0,tomato,5,0,tomato,6,0,plate,6,3,,6,4,,7,1,plate,7,3,,7,4,,3,24.0,72.0,,,2,1.0,30.0,56.0,72.0,,,1,1.0,30.0
2577,0,1,,0,2,None_cut,4.0,3,0,3,None_cut,4.0,3,2,2,tomato,2,3,tomato,2,4,,2,5,plate,4,0,tomato,5,0,tomato,6,0,plate,6,3,,6,4,,7,1,plate,7,3,,7,4,,3,24.0,72.0,,,2,1.0,30.0,56.0,72.0,,tomato_salad,1,1.0,30.0
2578,0,1,,0,2,None_cut,4.0,3,0,3,None_cut,4.0,3,2,2,tomato,2,3,tomato,2,4,,2,5,plate,4,0,tomato,5,0,tomato,6,0,plate,6,3,,6,4,,7,1,plate,7,3,,7,4,,3,24.0,72.0,,,2,1.0,30.0,56.0,72.0,,tomato_salad,1,1.0,30.0
2579,0,1,,0,2,None_cut,4.0,3,0,3,None_cut,4.0,3,2,2,tomato,2,3,tomato,2,4,,2,5,plate,4,0,tomato,5,0,tomato,6,0,plate,6,3,,6,4,,7,1,plate,7,3,,7,4,,3,24.0,72.0,,,2,1.0,30.0,56.0,72.0,,tomato_salad,1,1.0,30.0
2580,0,1,,0,2,None_cut,4.0,3,0,3,None_cut,4.0,3,2,2,tomato,2,3,tomato,2,4,,2,5,plate,4,0,tomato,5,0,tomato,6,0,plate,6,3,,6,4,,7,1,plate,7,3,,7,4,,3,24.0,72.0,,,2,1.0,30.0,56.0,72.0,,tomato_salad,1,1.0,30.0
2581,0,1,,0,2,None_cut,4.0,3,0,3,None_cut,4.0,3,2,2,tomato,2,3,tomato,2,4,,2,5,plate,4,0,tomato,5,0,tomato,6,0,plate,6,3,,6,4,,7,1,plate,7,3,,7,4,,3,24.0,72.0,,,2,1.0,30.0,56.0,72.0,,tomato_salad,1,1.0,30.0
2582,0,1,,0,2,None_cut,4.0,3,0,3,None_cut,4.0,3,2,2,tomato,2,3,tomato,2,4,,2,5,plate,4,0,tomato,5,0,tomato,6,0,plate,6,3,,6,4,,7,1,plate,7,3,,7,4,,3,24.0,72.0,,,2,1.0,30.0,56.0,72.0,,tomato_salad,1,1.0,30.0
2583,0,1,,0,2,None_cut,4.0,3,0,3,None_cut,4.0,3,2,2,tomato,2,3,tomato,2,4,,2,5,plate,4,0,tomato,5,0,tomato,6,0,plate,6,3,,6,4,,7,1,plate,7,3,,7,4,,3,24.0,72.0,,,2,1.0,30.0,56.0,72.0,,tomato_salad,1,1.0,30.0
2584,0,1,,0,2,None_cut,4.0,3,0,3,None_cut,4.0,3,2,2,tomato,2,3,tomato,2,4,,2,5,plate,4,0,tomato,5,0,tomato,6,0,plate,6,3,,6,4,,7,1,plate,7,3,,7,4,,3,24.0,72.0,,,2,1.0,30.0,56.0,72.0,,tomato_salad,1,1.0,30.0
2585,0,1,,0,2,None_cut,4.0,3,0,3,None_cut,4.0,3,2,2,tomato,2,3,tomato,2,4,,2,5,plate,4,0,tomato,5,0,tomato,6,0,plate,6,3,,6,4,,7,1,plate,7,3,,7,4,,3,24.0,72.0,,,2,1.0,30.0,56.0,72.0,,tomato_salad,1,1.0,30.0
2586,0,1,,0,2,None_cut,4.0,3,0,3,None_cut,4.0,3,2,2,tomato,2,3,tomato,2,4,,2,5,plate,4,0,tomato,5,0,tomato,6,0,plate,6,3,,6,4,,7,1,plate,7,3,,7,4,,3,24.0,72.0,,,2,1.0,30.0,56.0,72.0,,tomato_salad,1,1.0,30.0
2587,0,1,,0,2,None_cut,4.0,3,0,3,None_cut,4.0,3,2,2,tomato,2,3,tomato,2,4,tomato_salad,2,5,plate,4,0,tomato,5,0,tomato,6,0,plate,6,3,,6,4,,7,1,plate,7,3,,7,4,,3,24.0,72.0,,,2,1.0,30.0,56.0,72.0,,,1,1.0,30.0
2588,0,1,,0,2,None_cut,4.0,3,0,3,None_cut,4.0,3,2,2,tomato,2,3,tomato,2,4,tomato_salad,2,5,plate,4,0,tomato,5,0,tomato,6,0,plate,6,3,,6,4,,7,1,plate,7,3,,7,4,,3,24.0,72.0,,,2,1.0,30.0,56.0,72.0,,,1,1.0,30.0
2589,0,1,,0,2,None_cut,4.0,3,0,3,None_cut,4.0,3,2,2,tomato,2,3,tomato,2,4,tomato_salad,2,5,plate,4,0,tomato,5,0,tomato,6,0,plate,6,3,,6,4,,7,1,plate,7,3,,7,4,,3,24.0,72.0,,,2,1.0,30.0,56.0,72.0,,,1,1.0,30.0
2590,0,1,,0,2,None_cut,4.0,3,0,3,None_cut,4.0,3,2,2,tomato,2,3,tomato,2,4,tomato_salad,2,5,plate,4,0,tomato,5,0,tomato,6,0,plate,6,3,,6,4,,7,1,plate,7,3,,7,4,,3,24.0,72.0,,,2,1.0,30.0,56.0,72.0,,,1,1.0,30.0
2591,0,1,,0,2,None_cut,4.0,3,0,3,None_cut,4.0,3,2,2,tomato,2,3,tomato,2,4,tomato_salad,2,5,plate,4,0,tomato,5,0,tomato,6,0,plate,6,3,,6,4,,7,1,plate,7,3,,7,4,,3,24.0,72.0,,,2,1.0,30.0,56.0,72.0,,,1,1.0,30.0
2592,0,1,,0,2,None_cut,4.0,3,0,3,None_cut,4.0,3,2,2,tomato,2,3,tomato,2,4,tomato_salad,2,5,plate,4,0,tomato,5,0,tomato,6,0,plate,6,3,,6,4,,7,1,plate,7,3,,7,4,,3,24.0,72.0,,,2,1.0,30.0,56.0,72.0,,,1,1.0,30.0
2593,0,1,,0,2,None_cut,4.0,3,0,3,None_cut,4.0,3,2,2,tomato,2,3,tomato,2,4,tomato_salad,2,5,plate,4,0,tomato,5,0,tomato,6,0,plate,6,3,,6,4,,7,1,plate,7,3,,7,4,,3,24.0,72.0,,,2,1.0,30.0,56.0,72.0,,,1,1.0,30.0
2594,0,1,,0,2,None_cut,4.0,3,0,3,None_cut,4.0,3,2,2,tomato,2,3,tomato,2,4,tomato_salad,2,5,plate,4,0,tomato,5,0,tomato,6,0,plate,6,3,,6,4,,7,1,plate,7,3,,7,4,,3,24.0,72.0,,,2,1.0,30.0,56.0,72.0,,,1,1.0,30.0
2595,0,1,,0,2,None_cut,4.0,3,0,3,None_cut,4.0,3,2,2,tomato,2,3,tomato,2,4,tomato_salad,2,5,plate,4,0,tomato,5,0,tomato,6,0,plate,6,3,,6,4,,7,1,plate,7,3,,7,4,,3,24.0,72.0,,,2,1.0,30.0,56.0,72.0,,,1,1.0,30.0
2596,0,1,,0,2,None_cut,4.0,3,0,3,None_cut,4.0,3,2,2,tomato,2,3,tomato,2,4,tomato_salad,2,5,plate,4,0,tomato,5,0,tomato,6,0,plate,6,3,,6,4,,7,1,plate,7,3,,7,4,,3,24.0,72.0,,,2,1.0,30.0,56.0,72.0,,,1,1.0,30.0
2597,0,1,,0,2,None_cut,4.0,3,0,3,None_cut,4.0,3,2,2,tomato,2,3,tomato,2,4,tomato_salad,2,5,plate,4,0,tomato,5,0,tomato,6,0,plate,6,3,,6,4,,7,1,plate,7,3,,7,4,,3,24.0,72.0,,,2,1.0,30.0,57.250000000000284,72.0,,,1,1.0,30.0
2598,0,1,,0,2,None_cut,4.0,3,0,3,None_cut,4.0,3,2,2,tomato,2,3,tomato,2,4,tomato_salad,2,5,plate,4,0,tomato,5,0,tomato,6,0,plate,6,3,,6,4,,7,1,plate,7,3,,7,4,,3,24.0,72.0,,,2,1.0,30.0,58.50000000000057,72.0,,,1,1.0,30.0
2599,0,1,,0,2,None_cut,4.0,3,0,3,None_cut,4.0,3,2,2,tomato,2,3,tomato,2,4,tomato_salad,2,5,plate,4,0,tomato,5,0,tomato,6,0,plate,6,3,,6,4,,7,1,plate,7,3,,7,4,,3,24.0,72.0,,,2,1.0,30.0,59.75000000000085,72.0,,,1,1.0,30.0
2600,0,1,,0,2,None_cut,4.0,3,0,3,None_cut,4.0,3,2,2,tomato,2,3,tomato,2,4,tomato_salad,2,5,plate,4,0,tomato,5,0,tomato,6,0,plate,6,3,,6,4,,7,1,plate,7,3,,7,4,,3,24.0,72.0,,,2,1.0,30.0,61.00000000000114,72.0,,,1,1.0,30.0
2601,0,1,,0,2,None_cut,4.0,3,0,3,None_cut,4.0,3,2,2,tomato,2,3,tomato,2,4,tomato_salad,2,5,plate,4,0,tomato,5,0,tomato,6,0,plate,6,3,,6,4,,7,1,plate,7,3,,7,4,,3,24.0,72.0,,,2,1.0,30.0,62.25000000000142,72.0,,,1,1.0,30.0
2602,0,1,,0,2,None_cut,4.0,3,0,3,None_cut,4.0,3,2,2,tomato,2,3,tomato,2,4,tomato_salad,2,5,plate,4,0,tomato,5,0,tomato,6,0,plate,6,3,,6,4,,7,1,plate,7,3,,7,4,,3,24.0,72.0,,,2,1.0,30.0,63.500000000001705,72.0,,,1,1.0,30.0
2603,0,1,,0,2,None_cut,4.0,3,0,3,None_cut,4.0,3,2,2,tomato,2,3,tomato,2,4,tomato_salad,2,5,plate,4,0,tomato,5,0,tomato,6,0,plate,6,3,,6,4,,7,1,plate,7,3,,7,4,,3,24.0,72.0,,,2,1.0,30.0,64.75000000000199,72.0,,,1,1.0,30.0
2604,0,1,,0,2,None_cut,4.0,3,0,3,None_cut,4.0,3,2,2,tomato,2,3,tomato,2,4,tomato_salad,2,5,plate,4,0,tomato,5,0,tomato,6,0,plate,6,3,,6,4,,7,1,plate,7,3,,7,4,,3,24.0,72.0,,,2,1.0,30.0,66.00000000000227,72.0,,,1,1.0,30.0
2605,0,1,,0,2,None_cut,4.0,3,0,3,None_cut,4.0,3,2,2,tomato,2,3,tomato,2,4,tomato_salad,2,5,plate,4,0,tomato,5,0,tomato,6,0,plate,6,3,,6,4,,7,1,plate,7,3,,7,4,,3,24.0,72.0,,,2,1.0,30.0,67.25000000000256,72.0,,,1,1.0,30.0
2606,0,1,,0,2,None_cut,4.0,3,0,3,None_cut,4.0,3,2,2,tomato,2,3,tomato,2,4,tomato_salad,2,5,plate,4,0,tomato,5,0,tomato,6,0,plate,6,3,,6,4,,7,1,plate,7,3,,7,4,,3,24.0,72.0,,,2,1.0,30.0,68.50000000000284,72.0,,,1,1.0,30.0
2607,0,1,,0,2,None_cut,4.0,3,0,3,None_cut,4.0,3,2,2,tomato,2,3,tomato,2,4,tomato_salad,2,5,plate,4,0,tomato,5,0,tomato,6,0,plate,6,3,,6,4,,7,1,plate,7,3,,7,4,,3,24.0,72.0,,,2,1.0,30.0,69.75000000000313,72.0,,,1,1.0,30.0
2608,0,1,,0,2,None_cut,4.0,3,0,3,None_cut,4.0,3,2,2,tomato,2,3,tomato,2,4,tomato_salad,2,5,plate,4,0,tomato,5,0,tomato,6,0,plate,6,3,,6,4,,7,1,plate,7,3,,7,4,,3,24.0,72.0,,,2,1.0,30.0,71.00000000000341,72.0,,,1,1.0,30.0
2609,0,1,,0,2,None_cut,4.0,3,0,3,None_cut,4.0,3,2,2,tomato,2,3,tomato,2,4,tomato_salad,2,5,plate,4,0,tomato,5,0,tomato,6,0,plate,6,3,,6,4,,7,1,plate,7,3,,7,4,,3,24.0,72.0,,,2,1.0,30.0,69.75000000000313,72.0,,,1,1.0,30.0
2610,0,1,,0,2,None_cut,4.0,3,0,3,None_cut,4.0,3,2,2,tomato,2,3,tomato,2,4,tomato_salad,2,5,plate,4,0,tomato,5,0,tomato,6,0,plate,6,3,,6,4,,7,1,plate,7,3,,7,4,,3,24.0,72.0,,,2,1.0,30.0,68.50000000000284,72.0,,,1,1.0,30.0
2611,0,1,,0,2,None_cut,4.0,3,0,3,None_cut,4.0,3,2,2,tomato,2,3,tomato,2,4,tomato_salad,2,5,plate,4,0,tomato,5,0,tomato,6,0,plate,6,3,,6,4,,7,1,plate,7,3,,7,4,,3,24.0,72.0,,,2,1.0,30.0,67.25000000000256,72.0,,,1,1.0,30.0
2612,0,1,,0,2,None_cut,4.0,3,0,3,None_cut,4.0,3,2,2,tomato,2,3,tomato,2,4,tomato_salad,2,5,plate,4,0,tomato,5,0,tomato,6,0,plate,6,3,,6,4,,7,1,plate,7,3,,7,4,,3,24.0,72.0,,,2,1.0,30.0,66.00000000000227,72.0,,,1,1.0,30.0
2613,0,1,,0,2,None_cut,4.0,3,0,3,None_cut,4.0,3,2,2,tomato,2,3,tomato,2,4,tomato_salad,2,5,plate,4,0,tomato,5,0,tomato,6,0,plate,6,3,,6,4,,7,1,plate,7,3,,7,4,,3,24.0,72.0,,,2,1.0,30.0,64.75000000000199,72.0,,,1,1.0,30.0
2614,0,1,,0,2,None_cut,4.0,3,0,3,None_cut,4.0,3,2,2,tomato,2,3,tomato,2,4,tomato_salad,2,5,plate,4,0,tomato,5,0,tomato,6,0,plate,6,3,,6,4,,7,1,plate,7,3,,7,4,,3,24.0,72.0,,,2,1.0,30.0,63.500000000001705,72.0,,,1,1.0,30.0
2615,0,1,,0,2,None_cut,4.0,3,0,3,None_cut,4.0,3,2,2,tomato,2,3,tomato,2,4,tomato_salad,2,5,plate,4,0,tomato,5,0,tomato,6,0,plate,6,3,,6,4,,7,1,plate,7,3,,7,4,,3,24.0,72.0,,,2,1.0,30.0,62.25000000000142,72.0,,,1,1.0,30.0
2616,0,1,,0,2,None_cut,4.0,3,0,3,None_cut,4.0,3,2,2,tomato,2,3,tomato,2,4,tomato_salad,2,5,plate,4,0,tomato,5,0,tomato,6,0,plate,6,3,,6,4,,7,1,plate,7,3,,7,4,,3,24.0,72.0,,,2,1.0,30.0,61.00000000000114,72.0,,,1,1.0,30.0
2617,0,1,,0,2,None_cut,4.0,3,0,3,None_cut,4.0,3,2,2,tomato,2,3,tomato,2,4,tomato_salad,2,5,plate,4,0,tomato,5,0,tomato,6,0,plate,6,3,,6,4,,7,1,plate,7,3,,7,4,,3,24.0,72.0,,,2,1.0,30.0,59.75000000000085,72.0,,,1,1.0,30.0
2618,0,1,,0,2,None_cut,4.0,3,0,3,None_cut,4.0,3,2,2,tomato,2,3,tomato,2,4,tomato_salad,2,5,plate,4,0,tomato,5,0,tomato,6,0,plate,6,3,,6,4,,7,1,plate,7,3,,7,4,,3,24.0,72.0,,,2,1.0,30.0,58.50000000000057,72.0,,,1,1.0,30.0
2619,0,1,,0,2,None_cut,4.0,3,0,3,None_cut,4.0,3,2,2,tomato,2,3,tomato,2,4,tomato_salad,2,5,plate,4,0,tomato,5,0,tomato,6,0,plate,6,3,,6,4,,7,1,plate,7,3,,7,4,,3,24.0,72.0,,,2,1.0,30.0,57.250000000000284,72.0,,,1,1.0,30.0
2620,0,1,,0,2,None_cut,4.0,3,0,3,None_cut,4.0,3,2,2,tomato,2,3,tomato,2,4,tomato_salad,2,5,plate,4,0,tomato,5,0,tomato,6,0,plate,6,3,,6,4,,7,1,plate,7,3,,7,4,,3,24.0,72.0,,,2,1.0,30.0,56.0,72.0,,,1,1.0,30.0
2621,0,1,,0,2,None_cut,4.0,3,0,3,None_cut,4.0,3,2,2,tomato,2,3,tomato,2,4,,2,5,plate,4,0,tomato,5,0,tomato,6,0,plate,6,3,,6,4,,7,1,plate,7,3,,7,4,,3,24.0,72.0,,,2,1.0,30.0,56.0,72.0,,tomato_salad,1,1.0,30.0
2622,0,1,,0,2,None_cut,4.0,3,0,3,None_cut,4.0,3,2,2,tomato,2,3,tomato,2,4,,2,5,plate,4,0,tomato,5,0,tomato,6,0,plate,6,3,,6,4,,7,1,plate,7,3,,7,4,,3,24.0,72.0,,,2,1.0,30.0,56.0,72.0,,tomato_salad,1,1.0,30.0
2623,0,1,,0,2,None_cut,4.0,3,0,3,None_cut,4.0,3,2,2,tomato,2,3,tomato,2,4,,2,5,plate,4,0,tomato,5,0,tomato,6,0,plate,6,3,,6,4,,7,1,plate,7,3,,7,4,,3,24.0,72.0,,,2,1.0,30.0,56.0,72.0,,tomato_salad,1,1.0,30.0
2624,0,1,,0,2,None_cut,4.0,3,0,3,None_cut,4.0,3,2,2,tomato,2,3,tomato,2,4,,2,5,plate,4,0,tomato,5,0,tomato,6,0,plate,6,3,,6,4,,7,1,plate,7,3,,7,4,,3,24.0,72.0,,,2,1.0,30.0,56.0,72.0,,tomato_salad,1,1.0,30.0
2625,0,1,,0,2,None_cut,4.0,3,0,3,None_cut,4.0,3,2,2,tomato,2,3,tomato,2,4,,2,5,plate,4,0,tomato,5,0,tomato,6,0,plate,6,3,,6,4,,7,1,plate,7,3,,7,4,,3,24.0,72.0,,,2,1.0,30.0,56.0,72.0,,tomato_salad,1,1.0,30.0
2626,0,1,,0,2,None_cut,4.0,3,0,3,None_cut,4.0,3,2,2,tomato,2,3,tomato,2,4,,2,5,plate,4,0,tomato,5,0,tomato,6,0,plate,6,3,,6,4,,7,1,plate,7,3,,7,4,,3,24.0,72.0,,,2,1.0,30.0,56.0,72.0,,tomato_salad,1,1.0,30.0
2627,0,1,,0,2,None_cut,4.0,3,0,3,None_cut,4.0,3,2,2,tomato,2,3,tomato,2,4,,2,5,plate,4,0,tomato,5,0,tomato,6,0,plate,6,3,,6,4,,7,1,plate,7,3,,7,4,,3,24.0,72.0,,,2,1.0,30.0,56.0,72.0,,tomato_salad,1,1.0,30.0
2628,0,1,,0,2,None_cut,4.0,3,0,3,None_cut,4.0,3,2,2,tomato,2,3,tomato,2,4,,2,5,plate,4,0,tomato,5,0,tomato,6,0,plate,6,3,,6,4,,7,1,plate,7,3,,7,4,,3,24.0,72.0,,,2,1.0,30.0,56.0,72.0,,tomato_salad,1,1.0,30.0
2629,0,1,,0,2,None_cut,4.0,3,0,3,None_cut,4.0,3,2,2,tomato,2,3,tomato,2,4,,2,5,plate,4,0,tomato,5,0,tomato,6,0,plate,6,3,,6,4,,7,1,plate,7,3,,7,4,,3,24.0,72.0,,,2,1.0,30.0,56.0,72.0,,tomato_salad,1,1.0,30.0
2630,0,1,,0,2,None_cut,4.0,3,0,3,None_cut,4.0,3,2,2,tomato,2,3,tomato,2,4,,2,5,plate,4,0,tomato,5,0,tomato,6,0,plate,6,3,,6,4,,7,1,plate,7,3,,7,4,,3,24.0,72.0,,,2,1.0,30.0,56.0,72.0,,tomato_salad,1,1.0,30.0
2631,0,1,,0,2,None_cut,4.0,3,0,3,None_cut,4.0,3,2,2,tomato,2,3,tomato,2,4,,2,5,plate,4,0,tomato,5,0,tomato,6,0,plate,6,3,,6,4,,7,1,plate,7,3,,7,4,,3,24.0,72.0,,,2,1.0,30.0,56.0,72.0,,tomato_salad,1,1.0,30.0
2632,0,1,,0,2,None_cut,4.0,3,0,3,None_cut,4.0,3,2,2,tomato,2,3,tomato,2,4,,2,5,plate,4,0,tomato,5,0,tomato,6,0,plate,6,3,,6,4,,7,1,plate,7,3,,7,4,,3,24.0,72.0,,,2,1.0,30.0,56.0,72.0,,tomato_salad,1,1.0,30.0
2633,0,1,,0,2,None_cut,4.0,3,0,3,None_cut,4.0,3,2,2,tomato,2,3,tomato,2,4,,2,5,plate,4,0,tomato,5,0,tomato,6,0,plate,6,3,,6,4,,7,1,plate,7,3,,7,4,,3,24.0,72.0,,,2,1.0,30.0,56.0,72.0,,tomato_salad,1,1.0,30.0
2634,0,1,,0,2,None_cut,4.0,3,0,3,None_cut,4.0,3,2,2,tomato,2,3,tomato,2,4,,2,5,plate,4,0,tomato,5,0,tomato,6,0,plate,6,3,,6,4,,7,1,plate,7,3,,7,4,,3,24.0,72.0,,,2,1.0,30.0,56.0,72.0,,tomato_salad,1,1.0,30.0
2635,0,1,,0,2,None_cut,4.0,3,0,3,None_cut,4.0,3,2,2,tomato,2,3,tomato,2,4,,2,5,plate,4,0,tomato,5,0,tomato,6,0,plate,6,3,,6,4,,7,1,plate,7,3,,7,4,,3,24.0,72.0,,,2,1.0,30.0,56.0,72.0,,tomato_salad,1,1.0,30.0
2636,0,1,,0,2,None_cut,4.0,3,0,3,None_cut,4.0,3,2,2,tomato,2,3,tomato,2,4,,2,5,plate,4,0,tomato,5,0,tomato,6,0,plate,6,3,,6,4,,7,1,plate,7,3,,7,4,,3,24.0,72.0,,,2,1.0,30.0,56.0,72.0,,tomato_salad,1,1.0,30.0
2637,0,1,,0,2,None_cut,4.0,3,0,3,None_cut,4.0,3,2,2,tomato,2,3,tomato,2,4,,2,5,plate,4,0,tomato,5,0,tomato,6,0,plate,6,3,,6,4,,7,1,plate,7,3,,7,4,,3,24.0,72.0,,,2,1.0,30.0,56.0,72.0,,tomato_salad,1,1.0,30.0
2638,0,1,,0,2,None_cut,4.0,3,0,3,None_cut,4.0,3,2,2,tomato,2,3,tomato,2,4,,2,5,plate,4,0,tomato,5,0,tomato,6,0,plate,6,3,,6,4,,7,1,plate,7,3,,7,4,,3,24.0,72.0,,,2,1.0,30.0,56.0,72.0,,tomato_salad,1,1.0,30.0
2639,0,1,,0,2,None_cut,4.0,3,0,3,None_cut,4.0,3,2,2,tomato,2,3,tomato,2,4,,2,5,plate,4,0,tomato,5,0,tomato,6,0,plate,6,3,,6,4,,7,1,plate,7,3,,7,4,,3,24.0,72.0,,,2,1.0,30.0,56.0,72.0,,tomato_salad,1,1.0,30.0
2640,0,1,,0,2,None_cut,4.0,3,0,3,None_cut,4.0,3,2,2,tomato,2,3,tomato,2,4,,2,5,plate,4,0,tomato,5,0,tomato,6,0,plate,6,3,,6,4,,7,1,plate,7,3,,7,4,,3,24.0,72.0,,,2,1.0,30.0,56.0,72.0,,tomato_salad,1,1.0,30.0
2641,0,1,,0,2,None_cut,4.0,3,0,3,None_cut,4.0,3,2,2,tomato,2,3,tomato,2,4,,2,5,plate,4,0,tomato,5,0,tomato,6,0,plate,6,3,,6,4,,7,1,plate,7,3,,7,4,,3,24.0,72.0,,,2,1.0,30.0,56.0,72.0,,tomato_salad,1,1.0,30.0
2642,0,1,,0,2,None_cut,4.0,3,0,3,None_cut,4.0,3,2,2,tomato,2,3,tomato,2,4,,2,5,plate,4,0,tomato,5,0,tomato,6,0,plate,6,3,,6,4,,7,1,plate,7,3,,7,4,,3,24.0,72.0,,,2,1.0,30.0,56.0,72.0,,tomato_salad,1,1.0,30.0
2643,0,1,,0,2,None_cut,4.0,3,0,3,None_cut,4.0,3,2,2,tomato,2,3,tomato,2,4,,2,5,plate,4,0,tomato,5,0,tomato,6,0,plate,6,3,,6,4,,7,1,plate,7,3,,7,4,,3,24.0,72.0,,,2,1.0,30.0,56.0,72.0,,tomato_salad,1,1.0,30.0
2644,0,1,,0,2,None_cut,4.0,3,0,3,None_cut,4.0,3,2,2,tomato,2,3,tomato,2,4,,2,5,plate,4,0,tomato,5,0,tomato,6,0,plate,6,3,,6,4,,7,1,plate,7,3,,7,4,,3,24.0,72.0,,,2,1.0,30.0,57.250000000000284,72.0,,tomato_salad,1,1.0,30.0
2645,0,1,,0,2,None_cut,4.0,3,0,3,None_cut,4.0,3,2,2,tomato,2,3,tomato,2,4,,2,5,plate,4,0,tomato,5,0,tomato,6,0,plate,6,3,,6,4,,7,1,plate,7,3,,7,4,,3,24.0,72.0,,,2,1.0,30.0,58.50000000000057,72.0,,tomato_salad,1,1.0,30.0
2646,0,1,,0,2,None_cut,4.0,3,0,3,None_cut,4.0,3,2,2,tomato,2,3,tomato,2,4,,2,5,plate,4,0,tomato,5,0,tomato,6,0,plate,6,3,,6,4,,7,1,plate,7,3,,7,4,,3,24.0,72.0,,,2,1.0,30.0,59.75000000000085,72.0,,tomato_salad,1,1.0,30.0
2647,0,1,,0,2,None_cut,4.0,3,0,3,None_cut,4.0,3,2,2,tomato,2,3,tomato,2,4,,2,5,plate,4,0,tomato,5,0,tomato,6,0,plate,6,3,,6,4,,7,1,plate,7,3,,7,4,,3,24.0,72.0,,,2,1.0,30.0,61.00000000000114,72.0,,tomato_salad,1,1.0,30.0
2648,0,1,,0,2,None_cut,4.0,3,0,3,None_cut,4.0,3,2,2,tomato,2,3,tomato,2,4,,2,5,plate,4,0,tomato,5,0,tomato,6,0,plate,6,3,,6,4,,7,1,plate,7,3,,7,4,,3,24.0,72.0,,,2,1.0,30.0,62.25000000000142,72.0,,tomato_salad,1,1.0,30.0
2649,0,1,,0,2,None_cut,4.0,3,0,3,None_cut,4.0,3,2,2,tomato,2,3,tomato,2,4,,2,5,plate,4,0,tomato,5,0,tomato,6,0,plate,6,3,,6,4,,7,1,plate,7,3,,7,4,,3,24.0,72.0,,,2,1.0,30.0,63.500000000001705,72.0,,tomato_salad,1,1.0,30.0
2650,0,1,,0,2,None_cut,4.0,3,0,3,None_cut,4.0,3,2,2,tomato,2,3,tomato,2,4,,2,5,plate,4,0,tomato,5,0,tomato,6,0,plate,6,3,,6,4,,7,1,plate,7,3,,7,4,,3,24.0,72.0,,,2,1.0,30.0,64.75000000000199,72.0,,tomato_salad,1,1.0,30.0
2651,0,1,,0,2,None_cut,4.0,3,0,3,None_cut,4.0,3,2,2,tomato,2,3,tomato,2,4,,2,5,plate,4,0,tomato,5,0,tomato,6,0,plate,6,3,,6,4,,7,1,plate,7,3,,7,4,,3,24.0,72.0,,,2,1.0,30.0,66.00000000000227,72.0,,tomato_salad,1,1.0,30.0
2652,0,1,,0,2,None_cut,4.0,3,0,3,None_cut,4.0,3,2,2,tomato,2,3,tomato,2,4,,2,5,plate,4,0,tomato,5,0,tomato,6,0,plate,6,3,,6,4,,7,1,plate,7,3,,7,4,,3,24.0,72.0,,,2,1.0,30.0,67.25000000000256,72.0,,tomato_salad,1,1.0,30.0
2653,0,1,,0,2,None_cut,4.0,3,0,3,None_cut,4.0,3,2,2,tomato,2,3,tomato,2,4,,2,5,plate,4,0,tomato,5,0,tomato,6,0,plate,6,3,,6,4,,7,1,plate,7,3,,7,4,,3,24.0,72.0,,,2,1.0,30.0,68.50000000000284,72.0,,tomato_salad,1,1.0,30.0
2654,0,1,,0,2,None_cut,4.0,3,0,3,None_cut,4.0,3,2,2,tomato,2,3,tomato,2,4,,2,5,plate,4,0,tomato,5,0,tomato,6,0,plate,6,3,,6,4,,7,1,plate,7,3,,7,4,,3,24.0,72.0,,,2,1.0,30.0,69.75000000000313,72.0,,tomato_salad,1,1.0,30.0
2655,0,1,,0,2,None_cut,4.0,3,0,3,None_cut,4.0,3,2,2,tomato,2,3,tomato,2,4,,2,5,plate,4,0,tomato,5,0,tomato,6,0,plate,6,3,,6,4,,7,1,plate,7,3,,7,4,,3,24.0,72.0,,,2,1.0,30.0,71.00000000000341,72.0,,tomato_salad,1,1.0,30.0
2656,0,1,,0,2,None_cut,4.0,3,0,3,None_cut,4.0,3,2,2,tomato,2,3,tomato,2,4,,2,5,plate,4,0,tomato,5,0,tomato,6,0,plate,6,3,,6,4,,7,1,plate,7,3,,7,4,,3,24.0,72.0,,,2,1.0,30.0,72.2500000000037,72.0,,tomato_salad,1,1.0,30.0
2657,0,1,,0,2,None_cut,4.0,3,0,3,None_cut,4.0,3,2,2,tomato,2,3,tomato,2,4,,2,5,plate,4,0,tomato,5,0,tomato,6,0,plate,6,3,,6,4,,7,1,plate,7,3,,7,4,,3,24.0,72.0,,,2,1.0,30.0,73.50000000000398,72.0,,tomato_salad,1,1.0,30.0
2658,0,1,,0,2,None_cut,4.0,3,0,3,None_cut,4.0,3,2,2,tomato,2,3,tomato,2,4,,2,5,plate,4,0,tomato,5,0,tomato,6,0,plate,6,3,,6,4,,7,1,plate,7,3,,7,4,,3,24.0,72.0,,,2,1.0,30.0,74.75000000000426,72.0,,tomato_salad,1,1.0,30.0
2659,0,1,,0,2,None_cut,4.0,3,0,3,None_cut,4.0,3,2,2,tomato,2,3,tomato,2,4,,2,5,plate,4,0,tomato,5,0,tomato,6,0,plate,6,3,,6,4,,7,1,plate,7,3,,7,4,,3,24.0,72.0,,,2,1.0,30.0,76.00000000000455,72.0,,tomato_salad,1,1.0,30.0
2660,0,1,,0,2,None_cut,4.0,3,0,3,None_cut,4.0,3,2,2,tomato,2,3,tomato,2,4,,2,5,plate,4,0,tomato,5,0,tomato,6,0,plate,6,3,,6,4,,7,1,plate,7,3,,7,4,,3,24.0,72.0,,,2,1.0,30.0,77.25000000000483,72.0,,tomato_salad,1,1.0,30.0
2661,0,1,,0,2,None_cut,4.0,3,0,3,None_cut,4.0,3,2,2,tomato,2,3,tomato,2,4,,2,5,plate,4,0,tomato,5,0,tomato,6,0,plate,6,3,,6,4,,7,1,plate,7,3,,7,4,,3,24.0,72.0,,,2,1.0,30.0,78.50000000000512,72.0,,tomato_salad,1,1.0,30.0
2662,0,1,,0,2,None_cut,4.0,3,0,3,None_cut,4.0,3,2,2,tomato,2,3,tomato,2,4,,2,5,plate,4,0,tomato,5,0,tomato,6,0,plate,6,3,,6,4,,7,1,plate,7,3,,7,4,,3,24.0,72.0,,,2,1.0,30.0,79.7500000000054,72.0,,tomato_salad,1,1.0,30.0
2663,0,1,,0,2,None_cut,4.0,3,0,3,None_cut,4.0,3,2,2,tomato,2,3,tomato,2,4,,2,5,plate,4,0,tomato,5,0,tomato,6,0,plate,6,3,,6,4,,7,1,plate,7,3,,7,4,,3,24.0,72.0,,,2,1.0,30.0,81.00000000000568,72.0,,tomato_salad,1,1.0,30.0
2664,0,1,,0,2,None_cut,4.0,3,0,3,None_cut,4.0,3,2,2,tomato,2,3,tomato,2,4,,2,5,plate,4,0,tomato,5,0,tomato,6,0,plate,6,3,,6,4,,7,1,plate,7,3,,7,4,,3,24.0,72.0,,,2,1.0,30.0,82.25000000000597,72.0,,tomato_salad,1,1.0,30.0
2665,0,1,,0,2,None_cut,4.0,3,0,3,None_cut,4.0,3,2,2,tomato,2,3,tomato,2,4,,2,5,plate,4,0,tomato,5,0,tomato,6,0,plate,6,3,,6,4,,7,1,plate,7,3,,7,4,,3,24.0,72.0,,,2,1.0,30.0,83.50000000000625,72.0,,tomato_salad,1,1.0,30.0
2666,0,1,,0,2,None_cut,4.0,3,0,3,None_cut,4.0,3,2,2,tomato,2,3,tomato,2,4,,2,5,plate,4,0,tomato,5,0,tomato,6,0,plate,6,3,,6,4,,7,1,plate,7,3,,7,4,,3,24.0,72.0,,,2,1.0,30.0,84.75000000000654,72.0,,tomato_salad,1,1.0,30.0
2667,0,1,,0,2,None_cut,4.0,3,0,3,None_cut,4.0,3,2,2,tomato,2,3,tomato,2,4,,2,5,plate,4,0,tomato,5,0,tomato,6,0,plate,6,3,,6,4,,7,1,plate,7,3,,7,4,,3,24.0,72.0,,,2,1.0,30.0,86.00000000000682,72.0,,tomato_salad,1,1.0,30.0
2668,0,1,,0,2,None_cut,4.0,3,0,3,None_cut,4.0,3,2,2,tomato,2,3,tomato,2,4,,2,5,plate,4,0,tomato,5,0,tomato,6,0,plate,6,3,,6,4,,7,1,plate,7,3,,7,4,,3,24.0,72.0,,,2,1.0,30.0,87.2500000000071,72.0,,tomato_salad,1,1.0,30.0
2669,0,1,,0,2,None_cut,4.0,3,0,3,None_cut,4.0,3,2,2,tomato,2,3,tomato,2,4,,2,5,plate,4,0,tomato,5,0,tomato,6,0,plate,6,3,,6,4,,7,1,plate,7,3,,7,4,,3,24.0,72.0,,,2,1.0,30.0,88.0,72.0,,tomato_salad,1,1.0,30.0
2670,0,1,,0,2,None_cut,4.0,3,0,3,None_cut,4.0,3,2,2,tomato,2,3,tomato,2,4,,2,5,plate,4,0,tomato,5,0,tomato,6,0,plate,6,3,,6,4,,7,1,plate,7,3,,7,4,,4,24.0,72.0,,,2,1.0,30.0,88.0,72.0,,,2,1.0,30.0
2671,0,1,,0,2,None_cut,4.0,3,0,3,None_cut,4.0,3,2,2,tomato,2,3,tomato,2,4,,2,5,plate,4,0,tomato,5,0,tomato,6,0,plate,6,3,,6,4,,7,1,plate,7,3,,7,4,,4,24.0,72.0,,,2,1.0,30.0,88.0,72.0,,,2,1.0,30.0
2672,0,1,,0,2,None_cut,4.0,3,0,3,None_cut,4.0,3,2,2,tomato,2,3,tomato,2,4,,2,5,plate,4,0,tomato,5,0,tomato,6,0,plate,6,3,,6,4,,7,1,plate,7,3,,7,4,,4,24.0,72.0,,,2,1.0,30.0,88.0,72.0,,,2,1.0,30.0
2673,0,1,,0,2,None_cut,4.0,3,0,3,None_cut,4.0,3,2,2,tomato,2,3,tomato,2,4,,2,5,plate,4,0,tomato,5,0,tomato,6,0,plate,6,3,,6,4,,7,1,plate,7,3,,7,4,,4,24.0,72.0,,,2,1.0,30.0,88.0,72.0,,,2,1.0,30.0
2674,0,1,,0,2,None_cut,4.0,3,0,3,None_cut,4.0,3,2,2,tomato,2,3,tomato,2,4,,2,5,plate,4,0,tomato,5,0,tomato,6,0,plate,6,3,,6,4,,7,1,plate,7,3,,7,4,,4,24.0,72.0,,,2,1.0,30.0,88.0,72.0,,,2,1.0,30.0
2675,0,1,,0,2,None_cut,4.0,3,0,3,None_cut,4.0,3,2,2,tomato,2,3,tomato,2,4,,2,5,plate,4,0,tomato,5,0,tomato,6,0,plate,6,3,,6,4,,7,1,plate,7,3,,7,4,,4,24.0,72.0,,,2,1.0,30.0,88.0,72.0,,,2,1.0,30.0
2676,0,1,,0,2,None_cut,4.0,3,0,3,None_cut,4.0,3,2,2,tomato,2,3,tomato,2,4,,2,5,plate,4,0,tomato,5,0,tomato,6,0,plate,6,3,,6,4,,7,1,plate,7,3,,7,4,,4,24.0,72.0,,,2,1.0,30.0,88.0,72.0,,,2,1.0,30.0
2677,0,1,,0,2,None_cut,4.0,3,0,3,None_cut,4.0,3,2,2,tomato,2,3,tomato,2,4,,2,5,plate,4,0,tomato,5,0,tomato,6,0,plate,6,3,,6,4,,7,1,plate,7,3,,7,4,,4,24.0,72.0,,,2,1.0,30.0,88.0,72.0,,,2,1.0,30.0
2678,0,1,,0,2,None_cut,4.0,3,0,3,None_cut,4.0,3,2,2,tomato,2,3,tomato,2,4,,2,5,plate,4,0,tomato,5,0,tomato,6,0,plate,6,3,,6,4,,7,1,plate,7,3,,7,4,,4,24.0,72.0,,,2,1.0,30.0,88.0,72.0,,,2,1.0,30.0
2679,0,1,,0,2,None_cut,4.0,3,0,3,None_cut,4.0,3,2,2,tomato,2,3,tomato,2,4,,2,5,plate,4,0,tomato,5,0,tomato,6,0,plate,6,3,,6,4,,7,1,plate,7,3,,7,4,,4,24.0,72.0,,,2,1.0,30.0,88.0,72.0,,,2,1.0,30.0
2680,0,1,,0,2,None_cut,4.0,3,0,3,None_cut,4.0,3,2,2,tomato,2,3,tomato,2,4,,2,5,plate,4,0,tomato,5,0,tomato,6,0,plate,6,3,,6,4,,7,1,plate,7,3,,7,4,,4,24.0,72.0,,,2,1.0,30.0,88.0,72.0,,,2,1.0,30.0
2681,0,1,,0,2,None_cut,4.0,3,0,3,None_cut,4.0,3,2,2,tomato,2,3,tomato,2,4,,2,5,plate,4,0,tomato,5,0,tomato,6,0,plate,6,3,,6,4,,7,1,plate,7,3,,7,4,,4,24.0,72.0,,,2,1.0,30.0,88.0,72.0,,,2,1.0,30.0
2682,0,1,,0,2,None_cut,4.0,3,0,3,None_cut,4.0,3,2,2,tomato,2,3,tomato,2,4,,2,5,plate,4,0,tomato,5,0,tomato,6,0,plate,6,3,,6,4,,7,1,plate,7,3,,7,4,,4,24.0,72.0,,,2,1.0,30.0,88.0,72.0,,,2,1.0,30.0
2683,0,1,,0,2,None_cut,4.0,3,0,3,None_cut,4.0,3,2,2,tomato,2,3,tomato,2,4,,2,5,plate,4,0,tomato,5,0,tomato,6,0,plate,6,3,,6,4,,7,1,plate,7,3,,7,4,,4,24.0,72.0,,,2,1.0,30.0,88.0,72.0,,,2,1.0,30.0
2684,0,1,,0,2,None_cut,4.0,3,0,3,None_cut,4.0,3,2,2,tomato,2,3,tomato,2,4,,2,5,plate,4,0,tomato,5,0,tomato,6,0,plate,6,3,,6,4,,7,1,plate,7,3,,7,4,,4,24.0,72.0,,,2,1.0,30.0,88.0,70.74999999999972,,,2,1.0,30.0
2685,0,1,,0,2,None_cut,4.0,3,0,3,None_cut,4.0,3,2,2,tomato,2,3,tomato,2,4,,2,5,plate,4,0,tomato,5,0,tomato,6,0,plate,6,3,,6,4,,7,1,plate,7,3,,7,4,,4,24.0,72.0,,,2,1.0,30.0,88.0,69.49999999999943,,,2,1.0,30.0
2686,0,1,,0,2,None_cut,4.0,3,0,3,None_cut,4.0,3,2,2,tomato,2,3,tomato,2,4,,2,5,plate,4,0,tomato,5,0,tomato,6,0,plate,6,3,,6,4,,7,1,plate,7,3,,7,4,,4,24.0,72.0,,,2,1.0,30.0,88.0,68.24999999999915,,,2,1.0,30.0
2687,0,1,,0,2,None_cut,4.0,3,0,3,None_cut,4.0,3,2,2,tomato,2,3,tomato,2,4,,2,5,plate,4,0,tomato,5,0,tomato,6,0,plate,6,3,,6,4,,7,1,plate,7,3,,7,4,,4,24.0,72.0,,,2,1.0,30.0,88.0,66.99999999999886,,,2,1.0,30.0
2688,0,1,,0,2,None_cut,4.0,3,0,3,None_cut,4.0,3,2,2,tomato,2,3,tomato,2,4,,2,5,plate,4,0,tomato,5,0,tomato,6,0,plate,6,3,,6,4,,7,1,plate,7,3,,7,4,,4,24.0,72.0,,,2,1.0,30.0,88.0,65.74999999999858,,,2,1.0,30.0
2689,0,1,,0,2,None_cut,4.0,3,0,3,None_cut,4.0,3,2,2,tomato,2,3,tomato,2,4,,2,5,plate,4,0,tomato,5,0,tomato,6,0,plate,6,3,,6,4,,7,1,plate,7,3,,7,4,,4,24.0,72.0,,,2,1.0,30.0,88.0,64.4999999999983,,,2,1.0,30.0
2690,0,1,,0,2,None_cut,4.0,3,0,3,None_cut,4.0,3,2,2,tomato,2,3,tomato,2,4,,2,5,plate,4,0,tomato,5,0,tomato,6,0,plate,6,3,,6,4,,7,1,plate,7,3,,7,4,,4,24.0,72.0,,,2,1.0,30.0,88.0,63.24999999999801,,,2,1.0,30.0
2691,0,1,,0,2,None_cut,4.0,3,0,3,None_cut,4.0,3,2,2,tomato,2,3,tomato,2,4,,2,5,plate,4,0,tomato,5,0,tomato,6,0,plate,6,3,,6,4,,7,1,plate,7,3,,7,4,,4,24.0,72.0,,,2,1.0,30.0,88.0,61.999999999997726,,,2,1.0,30.0
2692,0,1,,0,2,None_cut,4.0,3,0,3,None_cut,4.0,3,2,2,tomato,2,3,tomato,2,4,,2,5,plate,4,0,tomato,5,0,tomato,6,0,plate,6,3,,6,4,,7,1,plate,7,3,,7,4,,4,24.0,72.0,,,2,1.0,30.0,88.0,60.74999999999744,,,2,1.0,30.0
2693,0,1,,0,2,None_cut,4.0,3,0,3,None_cut,4.0,3,2,2,tomato,2,3,tomato,2,4,,2,5,plate,4,0,tomato,5,0,tomato,6,0,plate,6,3,,6,4,,7,1,plate,7,3,,7,4,,4,24.0,72.0,,,2,1.0,30.0,88.0,59.49999999999716,,,2,1.0,30.0
2694,0,1,,0,2,None_cut,4.0,3,0,3,None_cut,4.0,3,2,2,tomato,2,3,tomato,2,4,,2,5,plate,4,0,tomato,5,0,tomato,6,0,plate,6,3,,6,4,,7,1,plate,7,3,,7,4,,4,24.0,72.0,,,2,1.0,30.0,88.0,58.249999999996874,,,2,1.0,30.0
2695,0,1,,0,2,None_cut,4.0,3,0,3,None_cut,4.0,3,2,2,tomato,2,3,tomato,2,4,,2,5,plate,4,0,tomato,5,0,tomato,6,0,plate,6,3,,6,4,,7,1,plate,7,3,,7,4,,4,24.0,72.0,,,2,1.0,30.0,88.0,56.99999999999659,,,2,1.0,30.0
2696,0,1,,0,2,None_cut,4.0,3,0,3,None_cut,4.0,3,2,2,tomato,2,3,tomato,2,4,,2,5,plate,4,0,tomato,5,0,tomato,6,0,plate,6,3,,6,4,,7,1,plate,7,3,,7,4,,4,24.0,72.0,,,2,1.0,30.0,88.0,55.749999999996305,,,2,1.0,30.0
2697,0,1,,0,2,None_cut,4.0,3,0,3,None_cut,4.0,3,2,2,tomato,2,3,tomato,2,4,,2,5,plate,4,0,tomato,5,0,tomato,6,0,plate,6,3,,6,4,,7,1,plate,7,3,,7,4,,4,24.0,72.0,,,2,1.0,30.0,88.0,54.49999999999602,,,2,1.0,30.0
2698,0,1,,0,2,None_cut,4.0,3,0,3,None_cut,4.0,3,2,2,tomato,2,3,tomato,2,4,,2,5,plate,4,0,tomato,5,0,tomato,6,0,plate,6,3,,6,4,,7,1,plate,7,3,,7,4,,4,24.0,72.0,,,2,1.0,30.0,88.0,53.24999999999574,,,2,1.0,30.0
2699,0,1,,0,2,None_cut,4.0,3,0,3,None_cut,4.0,3,2,2,tomato,2,3,tomato,2,4,,2,5,plate,4,0,tomato,5,0,tomato,6,0,plate,6,3,,6,4,,7,1,plate,7,3,,7,4,,4,24.0,72.0,,,2,1.0,30.0,88.0,51.99999999999545,,,2,1.0,30.0
2700,0,1,,0,2,None_cut,4.0,3,0,3,None_cut,4.0,3,2,2,tomato,2,3,tomato,2,4,,2,5,plate,4,0,tomato,5,0,tomato,6,0,plate,6,3,,6,4,,7,1,plate,7,3,,7,4,,4,24.0,72.0,,,2,1.0,30.0,88.0,50.74999999999517,,,2,1.0,30.0
2701,0,1,,0,2,None_cut,4.0,3,0,3,None_cut,4.0,3,2,2,tomato,2,3,tomato,2,4,,2,5,plate,4,0,tomato,5,0,tomato,6,0,plate,6,3,,6,4,,7,1,plate,7,3,,7,4,,4,24.0,72.0,,,2,1.0,30.0,88.0,49.499999999994884,,,2,1.0,30.0
2702,0,1,,0,2,None_cut,4.0,3,0,3,None_cut,4.0,3,2,2,tomato,2,3,tomato,2,4,,2,5,plate,4,0,tomato,5,0,tomato,6,0,plate,6,3,,6,4,,7,1,plate,7,3,,7,4,,4,24.0,72.0,,,2,1.0,30.0,88.0,48.2499999999946,,,2,1.0,30.0
2703,0,1,,0,2,None_cut,4.0,3,0,3,None_cut,4.0,3,2,2,tomato,2,3,tomato,2,4,,2,5,plate,4,0,tomato,5,0,tomato,6,0,plate,6,3,,6,4,,7,1,plate,7,3,,7,4,,4,24.0,72.0,,,2,1.0,30.0,88.0,46.999999999994316,,,2,1.0,30.0
2704,0,1,,0,2,None_cut,4.0,3,0,3,None_cut,4.0,3,2,2,tomato,2,3,tomato,2,4,,2,5,plate,4,0,tomato,5,0,tomato,6,0,plate,6,3,,6,4,,7,1,plate,7,3,,7,4,,4,24.0,72.0,,,2,1.0,30.0,88.0,45.74999999999403,,,2,1.0,30.0
2705,0,1,,0,2,None_cut,4.0,3,0,3,None_cut,4.0,3,2,2,tomato,2,3,tomato,2,4,,2,5,plate,4,0,tomato,5,0,tomato,6,0,plate,6,3,,6,4,,7,1,plate,7,3,,7,4,,4,24.0,72.0,,,2,1.0,30.0,88.0,44.49999999999375,,,2,1.0,30.0
2706,0,1,,0,2,None_cut,4.0,3,0,3,None_cut,4.0,3,2,2,tomato,2,3,tomato,2,4,,2,5,plate,4,0,tomato,5,0,tomato,6,0,plate,6,3,,6,4,,7,1,plate,7,3,,7,4,,4,24.0,72.0,,,2,1.0,30.0,88.0,43.24999999999346,,,2,1.0,30.0
2707,0,1,,0,2,None_cut,4.0,3,0,3,None_cut,4.0,3,2,2,tomato,2,3,tomato,2,4,,2,5,plate,4,0,tomato,5,0,tomato,6,0,plate,6,3,,6,4,,7,1,plate,7,3,,7,4,,4,24.0,72.0,,,2,1.0,30.0,88.0,41.99999999999318,,,2,1.0,30.0
2708,0,1,,0,2,None_cut,4.0,3,0,3,None_cut,4.0,3,2,2,tomato,2,3,tomato,2,4,,2,5,plate,4,0,tomato,5,0,tomato,6,0,plate,6,3,,6,4,,7,1,plate,7,3,,7,4,,4,24.0,72.0,,,2,1.0,30.0,88.0,40.749999999992895,,,2,1.0,30.0
2709,0,1,,0,2,None_cut,4.0,3,0,3,None_cut,4.0,3,2,2,tomato,2,3,tomato,2,4,,2,5,plate,4,0,tomato,5,0,tomato,6,0,plate,6,3,,6,4,,7,1,plate,7,3,,7,4,,4,24.0,72.0,,,2,1.0,30.0,87.50810911865676,39.70196048263347,,,2,1.0,30.0
2710,0,1,,0,2,None_cut,4.0,3,0,3,None_cut,4.0,3,2,2,tomato,2,3,tomato,2,4,,2,5,plate,4,0,tomato,5,0,tomato,6,0,plate,6,3,,6,4,,7,1,plate,7,3,,7,4,,4,24.0,72.0,,,2,1.0,30.0,86.62973254482955,38.812604201634024,,,2,1.0,30.0
2711,0,1,,0,2,None_cut,4.0,3,0,3,None_cut,4.0,3,2,2,tomato,2,3,tomato,2,4,,2,5,plate,4,0,tomato,5,0,tomato,6,0,plate,6,3,,6,4,,7,1,plate,7,3,,7,4,,4,24.0,72.0,,,2,1.0,30.0,85.75135597100234,37.92324792063456,,,2,1.0,30.0
2712,0,1,,0,2,None_cut,4.0,3,0,3,None_cut,4.0,3,2,2,tomato,2,3,tomato,2,4,,2,5,plate,4,0,tomato,5,0,tomato,6,0,plate,6,3,,6,4,,7,1,plate,7,3,,7,4,,4,24.0,72.0,,,2,1.0,30.0,84.87297939717513,37.033891639635094,,,2,1.0,30.0
2713,0,1,,0,2,None_cut,4.0,3,0,3,None_cut,4.0,3,2,2,tomato,2,3,tomato,2,4,,2,5,plate,4,0,tomato,5,0,tomato,6,0,plate,6,3,,6,4,,7,1,plate,7,3,,7,4,,4,24.0,72.0,,,2,1.0,30.0,83.99460282334792,36.14453535863563,,,2,1.0,30.0
2714,0,1,,0,2,None_cut,4.0,3,0,3,None_cut,4.0,3,2,2,tomato,2,3,tomato,2,4,,2,5,plate,4,0,tomato,5,0,tomato,6,0,plate,6,3,,6,4,,7,1,plate,7,3,,7,4,,4,24.0,72.0,,,2,1.0,30.0,83.11622624952071,35.255179077636164,,,2,1.0,30.0
2715,0,1,,0,2,None_cut,4.0,3,0,3,None_cut,4.0,3,2,2,tomato,2,3,tomato,2,4,,2,5,plate,4,0,tomato,5,0,tomato,6,0,plate,6,3,,6,4,,7,1,plate,7,3,,7,4,,4,24.0,72.0,,,2,1.0,30.0,82.2378496756935,34.3658227966367,,,2,1.0,30.0
2716,0,1,,0,2,None_cut,4.0,3,0,3,None_cut,4.0,3,2,2,tomato,2,3,tomato,2,4,,2,5,plate,4,0,tomato,5,0,tomato,6,0,plate,6,3,,6,4,,7,1,plate,7,3,,7,4,,4,24.0,72.0,,,2,1.0,30.0,81.35947310186629,33.476466515637235,,,2,1.0,30.0
2717,0,1,,0,2,None_cut,4.0,3,0,3,None_cut,4.0,3,2,2,tomato,2,3,tomato,2,4,,2,5,plate,4,0,tomato,5,0,tomato,6,0,plate,6,3,,6,4,,7,1,plate,7,3,,7,4,,4,24.0,72.0,,,2,1.0,30.0,80.48109652803907,32.58711023463777,,,2,1.0,30.0
2718,0,1,,0,2,None_cut,4.0,3,0,3,None_cut,4.0,3,2,2,tomato,2,3,tomato,2,4,,2,5,plate,4,0,tomato,5,0,tomato,6,0,plate,6,3,,6,4,,7,1,plate,7,3,,7,4,,4,24.0,70.74999999999972,,,2,1.0,30.0,79.60271995421186,31.697753953638426,,,2,1.0,30.0
2719,0,1,,0,2,None_cut,4.0,3,0,3,None_cut,4.0,3,2,2,tomato,2,3,tomato,2,4,,2,5,plate,4,0,tomato,5,0,tomato,6,0,plate,6,3,,6,4,,7,1,plate,7,3,,7,4,,4,24.0,69.49999999999943,,,2,1.0,30.0,78.72434338038512,30.808397672639316,,,2,1.0,30.0
2720,0,1,,0,2,None_cut,4.0,3,0,3,None_cut,4.0,3,2,2,tomato,2,3,tomato,2,4,,2,5,plate,4,0,tomato,5,0,tomato,6,0,plate,6,3,,6,4,,7,1,plate,7,3,,7,4,,4,24.0,68.24999999999915,,,2,1.0,30.0,77.84596680655876,29.919041391640206,,,2,1.0,30.0
2721,0,1,,0,2,None_cut,4.0,3,0,3,None_cut,4.0,3,2,2,tomato,2,3,tomato,2,4,,2,5,plate,4,0,tomato,5,0,tomato,6,0,plate,6,3,,6,4,,7,1,plate,7,3,,7,4,,4,24.0,66.99999999999886,,,2,1.0,30.0,76.96759023273239,29.029685110641097,,,2,1.0,30.0
2722,0,1,,0,2,None_cut,4.0,3,0,3,None_cut,4.0,3,2,2,tomato,2,3,tomato,2,4,,2,5,plate,4,0,tomato,5,0,tomato,6,0,plate,6,3,,6,4,,7,1,plate,7,3,,7,4,,4,24.0,65.74999999999858,,,2,1.0,30.0,76.08921365890603,28.140328829641987,,,2,1.0,30.0
2723,0,1,,0,2,None_cut,4.0,3,0,3,None_cut,4.0,3,2,2,tomato,2,3,tomato,2,4,,2,5,plate,4,0,tomato,5,0,tomato,6,0,plate,6,3,,6,4,,7,1,plate,7,3,,7,4,,4,24.0,64.4999999999983,,,2,1.0,30.0,75.21083708507967,27.250972548642878,,,2,1.0,30.0
2724,0,1,,0,2,None_cut,4.0,3,0,3,None_cut,4.0,3,2,2,tomato,2,3,tomato,2,4,,2,5,plate,4,0,tomato,5,0,tomato,6,0,plate,6,3,,6,4,,7,1,plate,7,3,,7,4,,4,24.0,63.24999999999801,,,2,1.0,30.0,74.33246051125332,26.361616267643768,,,2,1.0,30.0
2725,0,1,,0,2,None_cut,4.0,3,0,3,None_cut,4.0,3,2,2,tomato,2,3,tomato,2,4,,2,5,plate,4,0,tomato,5,0,tomato,6,0,plate,6,3,,6,4,,7,1,plate,7,3,,7,4,,4,24.0,61.999999999997726,,,2,1.0,30.0,73.45408393742696,25.47225998664466,,,2,1.0,30.0
2726,0,1,,0,2,None_cut,4.0,3,0,3,None_cut,4.0,3,2,2,tomato,2,3,tomato,2,4,,2,5,plate,4,0,tomato,5,0,tomato,6,0,plate,6,3,,6,4,,7,1,plate,7,3,,7,4,,4,24.0,60.74999999999744,,,2,1.0,30.0,72.5757073636006,24.58290370564555,,,2,1.0,30.0
2727,0,1,,0,2,None_cut,4.0,3,0,3,None_cut,4.0,3,2,2,tomato,2,3,tomato,2,4,,2,5,plate,4,0,tomato,5,0,tomato,6,0,plate,6,3,,6,4,,7,1,plate,7,3,,7,4,,4,24.0,59.49999999999716,,,2,1.0,30.0,72.0,24.0,,,2,1.0,30.0
2728,0,1,,0,2,None_cut,4.0,3,0,3,None_cut,4.0,3,2,2,tomato,2,3,tomato,2,4,,2,5,plate,4,0,tomato,5,0,tomato,6,0,plate,6,3,,6,4,,7,1,plate,7,3,,7,4,,4,24.0,58.249999999996874,,,2,1.0,30.0,72.0,24.0,,tomato,2,1.0,30.0
2729,0,1,,0,2,None_cut,4.0,3,0,3,None_cut,4.0,3,2,2,tomato,2,3,tomato,2,4,,2,5,plate,4,0,tomato,5,0,tomato,6,0,plate,6,3,,6,4,,7,1,plate,7,3,,7,4,,4,24.0,56.99999999999659,,,2,1.0,30.0,72.0,24.0,,tomato,2,1.0,30.0
2730,0,1,,0,2,None_cut,4.0,3,0,3,None_cut,4.0,3,2,2,tomato,2,3,tomato,2,4,,2,5,plate,4,0,tomato,5,0,tomato,6,0,plate,6,3,,6,4,,7,1,plate,7,3,,7,4,,4,24.0,55.749999999996305,,,2,1.0,30.0,72.0,24.0,,tomato,2,1.0,30.0
2731,0,1,,0,2,None_cut,4.0,3,0,3,None_cut,4.0,3,2,2,tomato,2,3,tomato,2,4,,2,5,plate,4,0,tomato,5,0,tomato,6,0,plate,6,3,,6,4,,7,1,plate,7,3,,7,4,,4,24.0,54.49999999999602,,,2,1.0,30.0,72.0,24.0,,tomato,2,1.0,30.0
2732,0,1,,0,2,None_cut,4.0,3,0,3,None_cut,4.0,3,2,2,tomato,2,3,tomato,2,4,,2,5,plate,4,0,tomato,5,0,tomato,6,0,plate,6,3,,6,4,,7,1,plate,7,3,,7,4,,4,24.0,53.24999999999574,,,2,1.0,30.0,72.0,24.0,,tomato,2,1.0,30.0
2733,0,1,,0,2,None_cut,4.0,3,0,3,None_cut,4.0,3,2,2,tomato,2,3,tomato,2,4,,2,5,plate,4,0,tomato,5,0,tomato,6,0,plate,6,3,,6,4,,7,1,plate,7,3,,7,4,,4,24.0,51.99999999999545,,,2,1.0,30.0,72.0,24.0,,tomato,2,1.0,30.0
2734,0,1,,0,2,None_cut,4.0,3,0,3,None_cut,4.0,3,2,2,tomato,2,3,tomato,2,4,,2,5,plate,4,0,tomato,5,0,tomato,6,0,plate,6,3,,6,4,,7,1,plate,7,3,,7,4,,4,24.0,50.74999999999517,,,2,1.0,30.0,72.0,24.0,,tomato,2,1.0,30.0
2735,0,1,,0,2,None_cut,4.0,3,0,3,None_cut,4.0,3,2,2,tomato,2,3,tomato,2,4,,2,5,plate,4,0,tomato,5,0,tomato,6,0,plate,6,3,,6,4,,7,1,plate,7,3,,7,4,,4,24.0,49.499999999994884,,,2,1.0,30.0,72.0,24.0,,tomato,2,1.0,30.0
2736,0,1,,0,2,None_cut,4.0,3,0,3,None_cut,4.0,3,2,2,tomato,2,3,tomato,2,4,,2,5,plate,4,0,tomato,5,0,tomato,6,0,plate,6,3,,6,4,,7,1,plate,7,3,,7,4,,4,24.0,48.2499999999946,,,2,1.0,30.0,72.0,24.0,,tomato,2,1.0,30.0
2737,0,1,,0,2,None_cut,4.0,3,0,3,None_cut,4.0,3,2,2,tomato,2,3,tomato,2,4,,2,5,plate,4,0,tomato,5,0,tomato,6,0,plate,6,3,,6,4,,7,1,plate,7,3,,7,4,,4,24.0,46.999999999994316,,,2,1.0,30.0,72.0,24.0,,tomato,2,1.0,30.0
2738,0,1,,0,2,None_cut,4.0,3,0,3,None_cut,4.0,3,2,2,tomato,2,3,tomato,2,4,,2,5,plate,4,0,tomato,5,0,tomato,6,0,plate,6,3,,6,4,,7,1,plate,7,3,,7,4,,4,24.0,45.74999999999403,,,2,1.0,30.0,72.0,24.0,,tomato,2,1.0,30.0
2739,0,1,,0,2,None_cut,4.0,3,0,3,None_cut,4.0,3,2,2,tomato,2,3,tomato,2,4,,2,5,plate,4,0,tomato,5,0,tomato,6,0,plate,6,3,,6,4,,7,1,plate,7,3,,7,4,,4,24.0,44.49999999999375,,,2,1.0,30.0,72.0,24.0,,tomato,2,1.0,30.0
2740,0,1,,0,2,None_cut,4.0,3,0,3,None_cut,4.0,3,2,2,tomato,2,3,tomato,2,4,,2,5,plate,4,0,tomato,5,0,tomato,6,0,plate,6,3,,6,4,,7,1,plate,7,3,,7,4,,4,24.0,43.24999999999346,,,2,1.0,30.0,72.0,25.24999999999993,,tomato,2,1.0,30.0
2741,0,1,,0,2,None_cut,4.0,3,0,3,None_cut,4.0,3,2,2,tomato,2,3,tomato,2,4,,2,5,plate,4,0,tomato,5,0,tomato,6,0,plate,6,3,,6,4,,7,1,plate,7,3,,7,4,,4,24.0,41.99999999999318,,,2,1.0,30.0,72.0,26.499999999999858,,tomato,2,1.0,30.0
2742,0,1,,0,2,None_cut,4.0,3,0,3,None_cut,4.0,3,2,2,tomato,2,3,tomato,2,4,,2,5,plate,4,0,tomato,5,0,tomato,6,0,plate,6,3,,6,4,,7,1,plate,7,3,,7,4,,4,24.0,40.749999999992895,,,2,1.0,30.0,72.0,27.749999999999787,,tomato,2,1.0,30.0
2743,0,1,,0,2,None_cut,4.0,3,0,3,None_cut,4.0,3,2,2,tomato,2,3,tomato,2,4,,2,5,plate,4,0,tomato,5,0,tomato,6,0,plate,6,3,,6,4,,7,1,plate,7,3,,7,4,,4,24.0,40.0,,,2,1.0,30.0,72.0,28.999999999999716,,tomato,2,1.0,30.0
2744,0,1,,0,2,None_cut,4.0,3,0,3,None_cut,4.0,3,2,2,,2,3,tomato,2,4,,2,5,plate,4,0,tomato,5,0,tomato,6,0,plate,6,3,,6,4,,7,1,plate,7,3,,7,4,,4,24.0,40.0,,tomato,2,1.0,30.0,72.0,30.249999999999645,,tomato,2,1.0,30.0
2745,0,1,,0,2,None_cut,4.0,3,0,3,None_cut,4.0,3,2,2,,2,3,tomato,2,4,,2,5,plate,4,0,tomato,5,0,tomato,6,0,plate,6,3,,6,4,,7,1,plate,7,3,,7,4,,4,24.0,40.0,,tomato,2,1.0,30.0,72.0,31.499999999999574,,tomato,2,1.0,30.0
2746,0,1,,0,2,None_cut,4.0,3,0,3,None_cut,4.0,3,2,2,,2,3,tomato,2,4,,2,5,plate,4,0,tomato,5,0,tomato,6,0,plate,6,3,,6,4,,7,1,plate,7,3,,7,4,,4,24.0,40.0,,tomato,2,1.0,30.0,72.0,32.749999999999716,,tomato,2,1.0,30.0
2747,0,1,,0,2,None_cut,4.0,3,0,3,None_cut,4.0,3,2,2,,2,3,tomato,2,4,,2,5,plate,4,0,tomato,5,0,tomato,6,0,plate,6,3,,6,4,,7,1,plate,7,3,,7,4,,4,24.0,40.0,,tomato,2,1.0,30.0,72.0,34.0,,tomato,2,1.0,30.0
2748,0,1,,0,2,None_cut,4.0,3,0,3,None_cut,4.0,3,2,2,,2,3,tomato,2,4,,2,5,plate,4,0,tomato,5,0,tomato,6,0,plate,6,3,,6,4,,7,1,plate,7,3,,7,4,,4,24.0,40.0,,tomato,2,1.0,30.0,72.0,35.250000000000284,,tomato,2,1.0,30.0
2749,0,1,,0,2,None_cut,4.0,3,0,3,None_cut,4.0,3,2,2,,2,3,tomato,2,4,,2,5,plate,4,0,tomato,5,0,tomato,6,0,plate,6,3,,6,4,,7,1,plate,7,3,,7,4,,4,24.0,40.0,,tomato,2,1.0,30.0,72.0,36.50000000000057,,tomato,2,1.0,30.0
2750,0,1,,0,2,None_cut,4.0,3,0,3,None_cut,4.0,3,2,2,,2,3,tomato,2,4,,2,5,plate,4,0,tomato,5,0,tomato,6,0,plate,6,3,,6,4,,7,1,plate,7,3,,7,4,,4,24.0,40.0,,tomato,2,1.0,30.0,72.0,37.75000000000085,,tomato,2,1.0,30.0
2751,0,1,,0,2,None_cut,4.0,3,0,3,None_cut,4.0,3,2,2,,2,3,tomato,2,4,,2,5,plate,4,0,tomato,5,0,tomato,6,0,plate,6,3,,6,4,,7,1,plate,7,3,,7,4,,4,24.0,40.0,,tomato,2,1.0,30.0,72.0,39.00000000000114,,tomato,2,1.0,30.0
2752,0,1,,0,2,None_cut,4.0,3,0,3,None_cut,4.0,3,2,2,,2,3,tomato,2,4,,2,5,plate,4,0,tomato,5,0,tomato,6,0,plate,6,3,,6,4,,7,1,plate,7,3,,7,4,,4,24.0,40.0,,tomato,2,1.0,30.0,72.0,40.25000000000142,,tomato,2,1.0,30.0
2753,0,1,,0,2,None_cut,4.0,3,0,3,None_cut,4.0,3,2,2,,2,3,tomato,2,4,,2,5,plate,4,0,tomato,5,0,tomato,6,0,plate,6,3,,6,4,,7,1,plate,7,3,,7,4,,4,24.0,40.0,,tomato,2,1.0,30.0,72.0,41.500000000001705,,tomato,2,1.0,30.0
2754,0,1,,0,2,None_cut,4.0,3,0,3,None_cut,4.0,3,2,2,,2,3,tomato,2,4,,2,5,plate,4,0,tomato,5,0,tomato,6,0,plate,6,3,,6,4,,7,1,plate,7,3,,7,4,,4,24.0,40.0,,tomato,2,1.0,30.0,72.0,42.75000000000199,,tomato,2,1.0,30.0
2755,0,1,,0,2,None_cut,4.0,3,0,3,None_cut,4.0,3,2,2,,2,3,tomato,2,4,,2,5,plate,4,0,tomato,5,0,tomato,6,0,plate,6,3,,6,4,,7,1,plate,7,3,,7,4,,4,24.0,40.0,,tomato,2,1.0,30.0,72.0,44.000000000002274,,tomato,2,1.0,30.0
2756,0,1,,0,2,None_cut,4.0,3,0,3,None_cut,4.0,3,2,2,,2,3,tomato,2,4,,2,5,plate,4,0,tomato,5,0,tomato,6,0,plate,6,3,,6,4,,7,1,plate,7,3,,7,4,,4,24.0,40.0,,tomato,2,1.0,30.0,72.0,45.25000000000256,,tomato,2,1.0,30.0
2757,0,1,,0,2,None_cut,4.0,3,0,3,None_cut,4.0,3,2,2,,2,3,tomato,2,4,,2,5,plate,4,0,tomato,5,0,tomato,6,0,plate,6,3,,6,4,,7,1,plate,7,3,,7,4,,4,24.0,40.0,,tomato,2,1.0,30.0,72.0,46.50000000000284,,tomato,2,1.0,30.0
2758,0,1,,0,2,None_cut,4.0,3,0,3,None_cut,4.0,3,2,2,,2,3,tomato,2,4,,2,5,plate,4,0,tomato,5,0,tomato,6,0,plate,6,3,,6,4,,7,1,plate,7,3,,7,4,,4,24.0,40.0,,tomato,2,1.0,30.0,72.0,47.750000000003126,,tomato,2,1.0,30.0
2759,0,1,,0,2,None_cut,4.0,3,0,3,None_cut,4.0,3,2,2,,2,3,tomato,2,4,,2,5,plate,4,0,tomato,5,0,tomato,6,0,plate,6,3,,6,4,,7,1,plate,7,3,,7,4,,4,24.0,40.0,,tomato,2,1.0,30.0,72.0,49.00000000000341,,tomato,2,1.0,30.0
2760,0,1,,0,2,None_cut,4.0,3,0,3,None_cut,4.0,3,2,2,,2,3,tomato,2,4,,2,5,plate,4,0,tomato,5,0,tomato,6,0,plate,6,3,,6,4,,7,1,plate,7,3,,7,4,,4,24.0,40.0,,tomato,2,1.0,30.0,72.0,50.250000000003695,,tomato,2,1.0,30.0
2761,0,1,,0,2,None_cut,4.0,3,0,3,None_cut,4.0,3,2,2,,2,3,tomato,2,4,,2,5,plate,4,0,tomato,5,0,tomato,6,0,plate,6,3,,6,4,,7,1,plate,7,3,,7,4,,4,24.0,40.0,,tomato,2,1.0,30.0,72.0,51.50000000000398,,tomato,2,1.0,30.0
2762,0,1,,0,2,None_cut,4.0,3,0,3,None_cut,4.0,3,2,2,,2,3,tomato,2,4,,2,5,plate,4,0,tomato,5,0,tomato,6,0,plate,6,3,,6,4,,7,1,plate,7,3,,7,4,,4,24.0,40.0,,tomato,2,1.0,30.0,72.0,52.75000000000426,,tomato,2,1.0,30.0
2763,0,1,,0,2,None_cut,4.0,3,0,3,None_cut,4.0,3,2,2,,2,3,tomato,2,4,,2,5,plate,4,0,tomato,5,0,tomato,6,0,plate,6,3,,6,4,,7,1,plate,7,3,,7,4,,4,24.0,40.0,,tomato,2,1.0,30.0,72.0,54.00000000000455,,tomato,2,1.0,30.0
2764,0,1,,0,2,None_cut,4.0,3,0,3,None_cut,4.0,3,2,2,,2,3,tomato,2,4,,2,5,plate,4,0,tomato,5,0,tomato,6,0,plate,6,3,,6,4,,7,1,plate,7,3,,7,4,,4,24.0,40.0,,tomato,2,1.0,30.0,72.0,55.25000000000483,,tomato,2,1.0,30.0
2765,0,1,,0,2,None_cut,4.0,3,0,3,None_cut,4.0,3,2,2,,2,3,tomato,2,4,,2,5,plate,4,0,tomato,5,0,tomato,6,0,plate,6,3,,6,4,,7,1,plate,7,3,,7,4,,4,24.0,40.0,,tomato,2,1.0,30.0,71.50810911865676,56.29803951736466,,tomato,2,1.0,30.0
2766,0,1,,0,2,None_cut,4.0,3,0,3,None_cut,4.0,3,2,2,,2,3,tomato,2,4,,2,5,plate,4,0,tomato,5,0,tomato,6,0,plate,6,3,,6,4,,7,1,plate,7,3,,7,4,,4,24.0,40.0,,tomato,2,1.0,30.0,70.62973254482955,57.18739579836412,,tomato,2,1.0,30.0
2767,0,1,,0,2,None_cut,4.0,3,0,3,None_cut,4.0,3,2,2,,2,3,tomato,2,4,,2,5,plate,4,0,tomato,5,0,tomato,6,0,plate,6,3,,6,4,,7,1,plate,7,3,,7,4,,4,24.0,40.0,,tomato,2,1.0,30.0,69.75135597100234,58.07675207936359,,tomato,2,1.0,30.0
2768,0,1,,0,2,None_cut,4.0,3,0,3,None_cut,4.0,3,2,2,,2,3,tomato,2,4,,2,5,plate,4,0,tomato,5,0,tomato,6,0,plate,6,3,,6,4,,7,1,plate,7,3,,7,4,,4,24.0,40.0,,tomato,2,1.0,30.0,68.87297939717513,58.96610836036305,,tomato,2,1.0,30.0
2769,0,1,,0,2,None_cut,4.0,3,0,3,None_cut,4.0,3,2,2,,2,3,tomato,2,4,,2,5,plate,4,0,tomato,5,0,tomato,6,0,plate,6,3,,6,4,,7,1,plate,7,3,,7,4,,4,24.0,40.0,,tomato,2,1.0,30.0,67.99460282334792,59.855464641362516,,tomato,2,1.0,30.0
2770,0,1,,0,2,None_cut,4.0,3,0,3,None_cut,4.0,3,2,2,,2,3,tomato,2,4,,2,5,plate,4,0,tomato,5,0,tomato,6,0,plate,6,3,,6,4,,7,1,plate,7,3,,7,4,,4,24.0,40.0,,tomato,2,1.0,30.0,67.11622624952071,60.74482092236198,,tomato,2,1.0,30.0
2771,0,1,,0,2,None_cut,4.0,3,0,3,None_cut,4.0,3,2,2,,2,3,tomato,2,4,,2,5,plate,4,0,tomato,5,0,tomato,6,0,plate,6,3,,6,4,,7,1,plate,7,3,,7,4,,4,24.0,40.0,,tomato,2,1.0,30.0,66.2378496756935,61.634177203361446,,tomato,2,1.0,30.0
2772,0,1,,0,2,None_cut,4.0,3,0,3,None_cut,4.0,3,2,2,,2,3,tomato,2,4,,2,5,plate,4,0,tomato,5,0,tomato,6,0,plate,6,3,,6,4,,7,1,plate,7,3,,7,4,,4,24.0,40.0,,tomato,2,1.0,30.0,65.35947310186661,62.52353348436091,,tomato,2,1.0,30.0
2773,0,1,,0,2,None_cut,4.0,3,0,3,None_cut,4.0,3,2,2,,2,3,tomato,2,4,,2,5,plate,4,0,tomato,5,0,tomato,6,0,plate,6,3,,6,4,,7,1,plate,7,3,,7,4,,4,24.0,40.0,,tomato,2,1.0,30.0,64.4810965280399,63.412889765360376,,tomato,2,1.0,30.0
2774,0,1,,0,2,tomato,0.0,0,0,3,None_cut,4.0,3,2,2,,2,3,tomato,2,4,,2,5,plate,4,0,tomato,5,0,tomato,6,0,plate,6,3,,6,4,,7,1,plate,7,3,,7,4,,4,24.0,40.0,,,2,1.0,30.0,63.6027199542133,64.3022460463596,,tomato,2,1.0,30.0
2775,0,1,,0,2,tomato,0.041666666666666664,0,0,3,None_cut,4.0,3,2,2,,2,3,tomato,2,4,,2,5,plate,4,0,tomato,5,0,tomato,6,0,plate,6,3,,6,4,,7,1,plate,7,3,,7,4,,4,24.0,40.0,,,2,1.0,30.0,62.7243433803868,65.19160232735835,,tomato,2,1.0,30.0
2776,0,1,,0,2,tomato,0.08333333333333333,0,0,3,None_cut,4.0,3,2,2,,2,3,tomato,2,4,,2,5,plate,4,0,tomato,5,0,tomato,6,0,plate,6,3,,6,4,,7,1,plate,7,3,,7,4,,4,24.0,40.0,,,2,1.0,30.0,61.8459668065603,66.08095860835711,,tomato,2,1.0,30.0
2777,0,1,,0,2,tomato,0.125,0,0,3,None_cut,4.0,3,2,2,,2,3,tomato,2,4,,2,5,plate,4,0,tomato,5,0,tomato,6,0,plate,6,3,,6,4,,7,1,plate,7,3,,7,4,,4,24.0,40.0,,,2,1.0,30.0,60.9675902327338,66.97031488935586,,tomato,2,1.0,30.0
2778,0,1,,0,2,tomato,0.16666666666666666,0,0,3,None_cut,4.0,3,2,2,,2,3,tomato,2,4,,2,5,plate,4,0,tomato,5,0,tomato,6,0,plate,6,3,,6,4,,7,1,plate,7,3,,7,4,,4,24.0,40.0,,,2,1.0,30.0,60.0892136589073,67.85967117035472,,tomato,2,1.0,30.0
2779,0,1,,0,2,tomato,0.20833333333333331,0,0,3,None_cut,4.0,3,2,2,,2,3,tomato,2,4,,2,5,plate,4,0,tomato,5,0,tomato,6,0,plate,6,3,,6,4,,7,1,plate,7,3,,7,4,,4,24.0,40.0,,,2,1.0,30.0,59.2108370850808,68.74902745135441,,tomato,2,1.0,30.0
2780,0,1,,0,2,tomato,0.24999999999999997,0,0,3,None_cut,4.0,3,2,2,,2,3,tomato,2,4,,2,5,plate,4,0,tomato,5,0,tomato,6,0,plate,6,3,,6,4,,7,1,plate,7,3,,7,4,,4,24.0,40.0,,,2,1.0,30.0,58.3324605112543,69.63838373235409,,tomato,2,1.0,30.0
2781,0,1,,0,2,tomato,0.29166666666666663,0,0,3,None_cut,4.0,3,2,2,,2,3,tomato,2,4,,2,5,plate,4,0,tomato,5,0,tomato,6,0,plate,6,3,,6,4,,7,1,plate,7,3,,7,4,,4,24.0,40.0,,,2,1.0,30.0,57.4540839374278,70.52774001335376,,tomato,2,1.0,30.0
2782,0,1,,0,2,tomato,0.3333333333333333,0,0,3,None_cut,4.0,3,2,2,,2,3,tomato,2,4,,2,5,plate,4,0,tomato,5,0,tomato,6,0,plate,6,3,,6,4,,7,1,plate,7,3,,7,4,,4,24.0,40.0,,,2,1.0,30.0,56.575707363601296,71.41709629435346,,tomato,2,1.0,30.0
2783,0,1,,0,2,tomato,0.375,0,0,3,None_cut,4.0,3,2,2,,2,3,tomato,2,4,,2,5,plate,4,0,tomato,5,0,tomato,6,0,plate,6,3,,6,4,,7,1,plate,7,3,,7,4,,4,24.0,40.0,,,2,1.0,30.0,56.0,72.0,,tomato,2,1.0,30.0
2784,0,1,,0,2,tomato,0.4166666666666667,0,0,3,None_cut,4.0,3,2,2,,2,3,tomato,2,4,tomato,2,5,plate,4,0,tomato,5,0,tomato,6,0,plate,6,3,,6,4,,7,1,plate,7,3,,7,4,,4,24.0,40.0,,,2,1.0,30.0,56.0,72.0,,,2,1.0,30.0
2785,0,1,,0,2,tomato,0.45833333333333337,0,0,3,None_cut,4.0,3,2,2,,2,3,tomato,2,4,tomato,2,5,plate,4,0,tomato,5,0,tomato,6,0,plate,6,3,,6,4,,7,1,plate,7,3,,7,4,,4,24.0,40.0,,,2,1.0,30.0,56.0,72.0,,,2,1.0,30.0
2786,0,1,,0,2,tomato,0.5,0,0,3,None_cut,4.0,3,2,2,,2,3,tomato,2,4,tomato,2,5,plate,4,0,tomato,5,0,tomato,6,0,plate,6,3,,6,4,,7,1,plate,7,3,,7,4,,4,24.0,40.0,,,2,1.0,30.0,56.0,72.0,,,2,1.0,30.0
2787,0,1,,0,2,tomato,0.5416666666666666,0,0,3,None_cut,4.0,3,2,2,,2,3,tomato,2,4,tomato,2,5,plate,4,0,tomato,5,0,tomato,6,0,plate,6,3,,6,4,,7,1,plate,7,3,,7,4,,4,24.0,40.0,,,2,1.0,30.0,56.0,72.0,,,2,1.0,30.0
2788,0,1,,0,2,tomato,0.5833333333333333,0,0,3,None_cut,4.0,3,2,2,,2,3,tomato,2,4,tomato,2,5,plate,4,0,tomato,5,0,tomato,6,0,plate,6,3,,6,4,,7,1,plate,7,3,,7,4,,4,24.0,40.0,,,2,1.0,30.0,56.0,72.0,,,2,1.0,30.0
2789,0,1,,0,2,tomato,0.6249999999999999,0,0,3,None_cut,4.0,3,2,2,,2,3,tomato,2,4,tomato,2,5,plate,4,0,tomato,5,0,tomato,6,0,plate,6,3,,6,4,,7,1,plate,7,3,,7,4,,4,24.0,40.0,,,2,1.0,30.0,56.0,72.0,,,2,1.0,30.0
2790,0,1,,0,2,tomato,0.6666666666666665,0,0,3,None_cut,4.0,3,2,2,,2,3,tomato,2,4,tomato,2,5,plate,4,0,tomato,5,0,tomato,6,0,plate,6,3,,6,4,,7,1,plate,7,3,,7,4,,4,24.0,40.0,,,2,1.0,30.0,56.0,72.0,,,2,1.0,30.0
2791,0,1,,0,2,tomato,0.7083333333333331,0,0,3,None_cut,4.0,3,2,2,,2,3,tomato,2,4,tomato,2,5,plate,4,0,tomato,5,0,tomato,6,0,plate,6,3,,6,4,,7,1,plate,7,3,,7,4,,4,24.0,40.0,,,2,1.0,30.0,56.0,72.0,,,2,1.0,30.0
2792,0,1,,0,2,tomato,0.7499999999999998,0,0,3,None_cut,4.0,3,2,2,,2,3,tomato,2,4,tomato,2,5,plate,4,0,tomato,5,0,tomato,6,0,plate,6,3,,6,4,,7,1,plate,7,3,,7,4,,4,24.0,40.0,,,2,1.0,30.0,56.0,72.0,,,2,1.0,30.0
2793,0,1,,0,2,tomato,0.7916666666666664,0,0,3,None_cut,4.0,3,2,2,,2,3,tomato,2,4,tomato,2,5,plate,4,0,tomato,5,0,tomato,6,0,plate,6,3,,6,4,,7,1,plate,7,3,,7,4,,4,24.0,40.0,,,2,1.0,30.0,56.0,72.0,,,2,1.0,30.0
2794,0,1,,0,2,tomato,0.833333333333333,0,0,3,None_cut,4.0,3,2,2,,2,3,tomato,2,4,tomato,2,5,plate,4,0,tomato,5,0,tomato,6,0,plate,6,3,,6,4,,7,1,plate,7,3,,7,4,,4,24.0,40.0,,,2,1.0,30.0,56.0,72.0,,,2,1.0,30.0
2795,0,1,,0,2,tomato,0.8749999999999997,0,0,3,None_cut,4.0,3,2,2,,2,3,tomato,2,4,tomato,2,5,plate,4,0,tomato,5,0,tomato,6,0,plate,6,3,,6,4,,7,1,plate,7,3,,7,4,,4,24.0,40.0,,,2,1.0,30.0,56.0,72.0,,,2,1.0,30.0
2796,0,1,,0,2,tomato,0.9166666666666663,0,0,3,None_cut,4.0,3,2,2,,2,3,tomato,2,4,tomato,2,5,plate,4,0,tomato,5,0,tomato,6,0,plate,6,3,,6,4,,7,1,plate,7,3,,7,4,,4,24.0,40.0,,,2,1.0,30.0,56.0,72.0,,,2,1.0,30.0
2797,0,1,,0,2,tomato,0.9583333333333329,0,0,3,None_cut,4.0,3,2,2,,2,3,tomato,2,4,tomato,2,5,plate,4,0,tomato,5,0,tomato,6,0,plate,6,3,,6,4,,7,1,plate,7,3,,7,4,,4,24.0,40.0,,,2,1.0,30.0,56.0,72.0,,,2,1.0,30.0
2798,0,1,,0,2,tomato,0.9999999999999996,0,0,3,None_cut,4.0,3,2,2,,2,3,tomato,2,4,tomato,2,5,plate,4,0,tomato,5,0,tomato,6,0,plate,6,3,,6,4,,7,1,plate,7,3,,7,4,,4,24.0,40.0,,,2,1.0,30.0,56.0,72.0,,,2,1.0,30.0
2799,0,1,,0,2,tomato,1.0416666666666663,1,0,3,None_cut,4.0,3,2,2,,2,3,tomato,2,4,tomato,2,5,plate,4,0,tomato,5,0,tomato,6,0,plate,6,3,,6,4,,7,1,plate,7,3,,7,4,,4,24.0,40.0,,,2,1.0,30.0,56.0,72.0,,,2,1.0,30.0
2800,0,1,,0,2,tomato,1.083333333333333,1,0,3,None_cut,4.0,3,2,2,,2,3,tomato,2,4,tomato,2,5,plate,4,0,tomato,5,0,tomato,6,0,plate,6,3,,6,4,,7,1,plate,7,3,,7,4,,4,24.0,40.0,,,2,1.0,30.0,56.0,72.0,,,2,1.0,30.0
2801,0,1,,0,2,tomato,1.1249999999999998,1,0,3,None_cut,4.0,3,2,2,,2,3,tomato,2,4,tomato,2,5,plate,4,0,tomato,5,0,tomato,6,0,plate,6,3,,6,4,,7,1,plate,7,3,,7,4,,4,24.0,40.0,,,2,1.0,30.0,56.0,72.0,,,2,1.0,30.0
2802,0,1,,0,2,tomato,1.1666666666666665,1,0,3,None_cut,4.0,3,2,2,,2,3,tomato,2,4,tomato,2,5,plate,4,0,tomato,5,0,tomato,6,0,plate,6,3,,6,4,,7,1,plate,7,3,,7,4,,4,24.0,40.0,,,2,1.0,30.0,56.0,72.0,,,2,1.0,30.0
2803,0,1,,0,2,tomato,1.2083333333333333,1,0,3,None_cut,4.0,3,2,2,,2,3,tomato,2,4,tomato,2,5,plate,4,0,tomato,5,0,tomato,6,0,plate,6,3,,6,4,,7,1,plate,7,3,,7,4,,4,24.0,40.0,,,2,1.0,30.0,56.0,72.0,,,2,1.0,30.0
2804,0,1,,0,2,tomato,1.25,1,0,3,None_cut,4.0,3,2,2,,2,3,tomato,2,4,tomato,2,5,plate,4,0,tomato,5,0,tomato,6,0,plate,6,3,,6,4,,7,1,plate,7,3,,7,4,,4,24.0,40.0,,,2,1.0,30.0,56.0,72.0,,,2,1.0,30.0
2805,0,1,,0,2,tomato,1.2916666666666667,1,0,3,None_cut,4.0,3,2,2,,2,3,tomato,2,4,tomato,2,5,plate,4,0,tomato,5,0,tomato,6,0,plate,6,3,,6,4,,7,1,plate,7,3,,7,4,,4,24.0,40.0,,,2,1.0,30.0,56.0,72.0,,,2,1.0,30.0
2806,0,1,,0,2,tomato,1.3333333333333335,1,0,3,None_cut,4.0,3,2,2,,2,3,tomato,2,4,tomato,2,5,plate,4,0,tomato,5,0,tomato,6,0,plate,6,3,,6,4,,7,1,plate,7,3,,7,4,,4,24.0,40.0,,,2,1.0,30.0,56.0,72.0,,,2,1.0,30.0
2807,0,1,,0,2,tomato,1.3750000000000002,1,0,3,None_cut,4.0,3,2,2,,2,3,tomato,2,4,tomato,2,5,plate,4,0,tomato,5,0,tomato,6,0,plate,6,3,,6,4,,7,1,plate,7,3,,7,4,,4,24.0,40.0,,,2,1.0,30.0,56.0,72.0,,,2,1.0,30.0
2808,0,1,,0,2,tomato,1.416666666666667,1,0,3,None_cut,4.0,3,2,2,,2,3,tomato,2,4,tomato,2,5,plate,4,0,tomato,5,0,tomato,6,0,plate,6,3,,6,4,,7,1,plate,7,3,,7,4,,4,24.0,40.0,,,2,1.0,30.0,56.0,72.0,,,2,1.0,30.0
2809,0,1,,0,2,tomato,1.4583333333333337,1,0,3,None_cut,4.0,3,2,2,,2,3,tomato,2,4,tomato,2,5,plate,4,0,tomato,5,0,tomato,6,0,plate,6,3,,6,4,,7,1,plate,7,3,,7,4,,4,24.0,40.0,,,2,1.0,30.0,56.0,72.0,,,2,1.0,30.0
2810,0,1,,0,2,tomato,1.5000000000000004,1,0,3,None_cut,4.0,3,2,2,,2,3,tomato,2,4,tomato,2,5,plate,4,0,tomato,5,0,tomato,6,0,plate,6,3,,6,4,,7,1,plate,7,3,,7,4,,4,24.0,40.0,,,2,1.0,30.0,56.0,72.0,,,2,1.0,30.0
2811,0,1,,0,2,tomato,1.5416666666666672,1,0,3,None_cut,4.0,3,2,2,,2,3,tomato,2,4,tomato,2,5,plate,4,0,tomato,5,0,tomato,6,0,plate,6,3,,6,4,,7,1,plate,7,3,,7,4,,4,24.0,40.0,,,2,1.0,30.0,56.0,72.0,,,2,1.0,30.0
2812,0,1,,0,2,tomato,1.583333333333334,1,0,3,None_cut,4.0,3,2,2,,2,3,tomato,2,4,tomato,2,5,plate,4,0,tomato,5,0,tomato,6,0,plate,6,3,,6,4,,7,1,plate,7,3,,7,4,,4,24.0,40.0,,,2,1.0,30.0,56.0,72.0,,,2,1.0,30.0
2813,0,1,,0,2,tomato,1.6250000000000007,1,0,3,None_cut,4.0,3,2,2,,2,3,tomato,2,4,tomato,2,5,plate,4,0,tomato,5,0,tomato,6,0,plate,6,3,,6,4,,7,1,plate,7,3,,7,4,,4,24.0,40.0,,,2,1.0,30.0,56.0,72.0,,,2,1.0,30.0
2814,0,1,,0,2,tomato,1.6666666666666674,1,0,3,None_cut,4.0,3,2,2,,2,3,tomato,2,4,tomato,2,5,plate,4,0,tomato,5,0,tomato,6,0,plate,6,3,,6,4,,7,1,plate,7,3,,7,4,,4,24.0,40.0,,,2,1.0,30.0,56.0,72.0,,,2,1.0,30.0
2815,0,1,,0,2,tomato,1.7083333333333341,1,0,3,None_cut,4.0,3,2,2,,2,3,tomato,2,4,tomato,2,5,plate,4,0,tomato,5,0,tomato,6,0,plate,6,3,,6,4,,7,1,plate,7,3,,7,4,,4,24.0,40.0,,,2,1.0,30.0,56.0,72.0,,,2,1.0,30.0
2816,0,1,,0,2,tomato,1.7500000000000009,1,0,3,None_cut,4.0,3,2,2,,2,3,tomato,2,4,tomato,2,5,plate,4,0,tomato,5,0,tomato,6,0,plate,6,3,,6,4,,7,1,plate,7,3,,7,4,,4,24.0,40.0,,,2,1.0,30.0,56.0,72.0,,,2,1.0,30.0
2817,0,1,,0,2,tomato,1.7916666666666676,1,0,3,None_cut,4.0,3,2,2,,2,3,tomato,2,4,tomato,2,5,plate,4,0,tomato,5,0,tomato,6,0,plate,6,3,,6,4,,7,1,plate,7,3,,7,4,,4,24.0,40.0,,,2,1.0,30.0,56.0,72.0,,,2,1.0,30.0
2818,0,1,,0,2,tomato,1.8333333333333344,1,0,3,None_cut,4.0,3,2,2,,2,3,tomato,2,4,tomato,2,5,plate,4,0,tomato,5,0,tomato,6,0,plate,6,3,,6,4,,7,1,plate,7,3,,7,4,,4,24.0,40.0,,,2,1.0,30.0,56.0,72.0,,,2,1.0,30.0
2819,0,1,,0,2,tomato,1.875000000000001,1,0,3,None_cut,4.0,3,2,2,,2,3,tomato,2,4,tomato,2,5,plate,4,0,tomato,5,0,tomato,6,0,plate,6,3,,6,4,,7,1,plate,7,3,,7,4,,4,24.0,40.0,,,2,1.0,30.0,56.88388347648305,71.11611652351695,,,2,1.0,30.0
2820,0,1,,0,2,tomato,1.9166666666666679,1,0,3,None_cut,4.0,3,2,2,,2,3,tomato,2,4,tomato,2,5,plate,4,0,tomato,5,0,tomato,6,0,plate,6,3,,6,4,,7,1,plate,7,3,,7,4,,4,24.0,40.0,,,2,1.0,30.0,57.7677669529661,70.2322330470339,,,2,1.0,30.0
2821,0,1,,0,2,tomato,1.9583333333333346,1,0,3,None_cut,4.0,3,2,2,,2,3,tomato,2,4,tomato,2,5,plate,4,0,tomato,5,0,tomato,6,0,plate,6,3,,6,4,,7,1,plate,7,3,,7,4,,4,24.0,40.0,,,2,1.0,30.0,58.65165042944915,69.34834957055085,,,2,1.0,30.0
2822,0,1,,0,2,tomato,2.0000000000000013,2,0,3,None_cut,4.0,3,2,2,,2,3,tomato,2,4,tomato,2,5,plate,4,0,tomato,5,0,tomato,6,0,plate,6,3,,6,4,,7,1,plate,7,3,,7,4,,4,24.0,40.0,,,2,1.0,30.0,59.5355339059322,68.4644660940678,,,2,1.0,30.0
2823,0,1,,0,2,tomato,2.041666666666668,2,0,3,None_cut,4.0,3,2,2,,2,3,tomato,2,4,tomato,2,5,plate,4,0,tomato,5,0,tomato,6,0,plate,6,3,,6,4,,7,1,plate,7,3,,7,4,,4,24.0,40.0,,,2,1.0,30.0,60.41941738241525,67.58058261758475,,,2,1.0,30.0
2824,0,1,,0,2,tomato,2.0833333333333344,2,0,3,None_cut,4.0,3,2,2,,2,3,tomato,2,4,tomato,2,5,plate,4,0,tomato,5,0,tomato,6,0,plate,6,3,,6,4,,7,1,plate,7,3,,7,4,,4,24.0,40.0,,,2,1.0,30.0,61.3033008588983,66.6966991411017,,,2,1.0,30.0
2825,0,1,,0,2,tomato,2.125000000000001,2,0,3,None_cut,4.0,3,2,2,,2,3,tomato,2,4,tomato,2,5,plate,4,0,tomato,5,0,tomato,6,0,plate,6,3,,6,4,,7,1,plate,7,3,,7,4,,4,24.0,40.0,,,2,1.0,30.0,62.187184335381346,65.81281566461865,,,2,1.0,30.0
2826,0,1,,0,2,tomato,2.1666666666666674,2,0,3,None_cut,4.0,3,2,2,,2,3,tomato,2,4,tomato,2,5,plate,4,0,tomato,5,0,tomato,6,0,plate,6,3,,6,4,,7,1,plate,7,3,,7,4,,4,24.0,40.0,,,2,1.0,30.0,63.071067811864395,64.9289321881356,,,2,1.0,30.0
2827,0,1,,0,2,tomato,2.208333333333334,2,0,3,None_cut,4.0,3,2,2,,2,3,tomato,2,4,tomato,2,5,plate,4,0,tomato,5,0,tomato,6,0,plate,6,3,,6,4,,7,1,plate,7,3,,7,4,,4,24.0,40.0,,,2,1.0,30.0,63.954951288347445,64.04504871165256,,,2,1.0,30.0
2828,0,1,,0,2,tomato,2.2500000000000004,2,0,3,None_cut,4.0,3,2,2,,2,3,tomato,2,4,tomato,2,5,plate,4,0,tomato,5,0,tomato,6,0,plate,6,3,,6,4,,7,1,plate,7,3,,7,4,,4,24.0,40.0,,,2,1.0,30.0,64.8388347648305,63.161165235169506,,,2,1.0,30.0
2829,0,1,,0,2,tomato,2.291666666666667,2,0,3,None_cut,4.0,3,2,2,,2,3,tomato,2,4,tomato,2,5,plate,4,0,tomato,5,0,tomato,6,0,plate,6,3,,6,4,,7,1,plate,7,3,,7,4,,4,24.0,40.0,,,2,1.0,30.0,65.72271824131354,62.277281758686456,,,2,1.0,30.0
2830,0,1,,0,2,tomato,2.3333333333333335,2,0,3,None_cut,4.0,3,2,2,,2,3,tomato,2,4,tomato,2,5,plate,4,0,tomato,5,0,tomato,6,0,plate,6,3,,6,4,,7,1,plate,7,3,,7,4,,4,24.0,40.0,,,2,1.0,30.0,66.6066017177966,61.39339828220341,,,2,1.0,30.0
2831,0,1,,0,2,tomato,2.375,2,0,3,None_cut,4.0,3,2,2,,2,3,tomato,2,4,tomato,2,5,plate,4,0,tomato,5,0,tomato,6,0,plate,6,3,,6,4,,7,1,plate,7,3,,7,4,,4,24.0,40.0,,,2,1.0,30.0,67.49048519427964,60.50951480572036,,,2,1.0,30.0
2832,0,1,,0,2,tomato,2.4166666666666665,2,0,3,None_cut,4.0,3,2,2,,2,3,tomato,2,4,tomato,2,5,plate,4,0,tomato,5,0,tomato,6,0,plate,6,3,,6,4,,7,1,plate,7,3,,7,4,,4,24.0,40.0,,,2,1.0,30.0,68.37436867076269,59.62563132923731,,,2,1.0,30.0
2833,0,1,,0,2,tomato,2.458333333333333,2,0,3,None_cut,4.0,3,2,2,,2,3,tomato,2,4,tomato,2,5,plate,4,0,tomato,5,0,tomato,6,0,plate,6,3,,6,4,,7,1,plate,7,3,,7,4,,4,24.0,40.0,,,2,1.0,30.0,69.25825214724574,58.74174785275426,,,2,1.0,30.0
2834,0,1,,0,2,tomato,2.4999999999999996,2,0,3,None_cut,4.0,3,2,2,,2,3,tomato,2,4,tomato,2,5,plate,4,0,tomato,5,0,tomato,6,0,plate,6,3,,6,4,,7,1,plate,7,3,,7,4,,4,24.0,40.0,,,2,1.0,30.0,70.14213562372879,57.85786437627121,,,2,1.0,30.0
2835,0,1,,0,2,tomato,2.541666666666666,2,0,3,None_cut,4.0,3,2,2,,2,3,tomato,2,4,tomato,2,5,plate,4,0,tomato,5,0,tomato,6,0,plate,6,3,,6,4,,7,1,plate,7,3,,7,4,,4,24.0,40.0,,,2,1.0,30.0,71.02601910021184,56.97398089978816,,,2,1.0,30.0
2836,0,1,,0,2,tomato,2.5833333333333326,2,0,3,None_cut,4.0,3,2,2,,2,3,tomato,2,4,tomato,2,5,plate,4,0,tomato,5,0,tomato,6,0,plate,6,3,,6,4,,7,1,plate,7,3,,7,4,,4,24.0,40.0,,,2,1.0,30.0,71.90990257669489,56.09009742330511,,,2,1.0,30.0
2837,0,1,,0,2,tomato,2.624999999999999,2,0,3,None_cut,4.0,3,2,2,,2,3,tomato,2,4,tomato,2,5,plate,4,0,tomato,5,0,tomato,6,0,plate,6,3,,6,4,,7,1,plate,7,3,,7,4,,4,24.0,40.0,,,2,1.0,30.0,72.79378605317794,55.20621394682206,,,2,1.0,30.0
2838,0,1,,0,2,tomato,2.6666666666666656,2,0,3,None_cut,4.0,3,2,2,,2,3,tomato,2,4,tomato,2,5,plate,4,0,tomato,5,0,tomato,6,0,plate,6,3,,6,4,,7,1,plate,7,3,,7,4,,4,24.0,40.0,,,2,1.0,30.0,73.67766952966099,54.32233047033901,,,2,1.0,30.0
2839,0,1,,0,2,tomato,2.708333333333332,2,0,3,None_cut,4.0,3,2,2,,2,3,tomato,2,4,tomato,2,5,plate,4,0,tomato,5,0,tomato,6,0,plate,6,3,,6,4,,7,1,plate,7,3,,7,4,,4,24.0,40.0,,,2,1.0,30.0,74.56155300614404,53.43844699385596,,,2,1.0,30.0
2840,0,1,,0,2,tomato,2.7499999999999987,2,0,3,None_cut,4.0,3,2,2,,2,3,tomato,2,4,tomato,2,5,plate,4,0,tomato,5,0,tomato,6,0,plate,6,3,,6,4,,7,1,plate,7,3,,7,4,,4,24.0,40.0,,,2,1.0,30.0,75.44543648262709,52.55456351737291,,,2,1.0,30.0
2841,0,1,,0,2,tomato,2.791666666666665,2,0,3,None_cut,4.0,3,2,2,,2,3,tomato,2,4,tomato,2,5,plate,4,0,tomato,5,0,tomato,6,0,plate,6,3,,6,4,,7,1,plate,7,3,,7,4,,4,24.0,40.0,,,2,1.0,30.0,76.32931995911014,51.67068004088986,,,2,1.0,30.0
2842,0,1,,0,2,tomato,2.8333333333333317,2,0,3,None_cut,4.0,3,2,2,,2,3,tomato,2,4,tomato,2,5,plate,4,0,tomato,5,0,tomato,6,0,plate,6,3,,6,4,,7,1,plate,7,3,,7,4,,4,24.0,40.0,,,2,1.0,30.0,77.21320343559319,50.786796564406814,,,2,1.0,30.0
2843,0,1,,0,2,tomato,2.8749999999999982,2,0,3,None_cut,4.0,3,2,2,,2,3,tomato,2,4,tomato,2,5,plate,4,0,tomato,5,0,tomato,6,0,plate,6,3,,6,4,,7,1,plate,7,3,,7,4,,4,24.0,40.0,,,2,1.0,30.0,78.09708691207624,49.902913087923764,,,2,1.0,30.0
2844,0,1,,0,2,tomato,2.9166666666666647,2,0,3,None_cut,4.0,3,2,2,,2,3,tomato,2,4,tomato,2,5,plate,4,0,tomato,5,0,tomato,6,0,plate,6,3,,6,4,,7,1,plate,7,3,,7,4,,4,24.0,40.0,,,2,1.0,30.0,78.98097038855929,49.019029611440715,,,2,1.0,30.0
2845,0,1,,0,2,tomato,2.9583333333333313,2,0,3,None_cut,4.0,3,2,2,,2,3,tomato,2,4,tomato,2,5,plate,4,0,tomato,5,0,tomato,6,0,plate,6,3,,6,4,,7,1,plate,7,3,,7,4,,4,24.0,40.0,,,2,1.0,30.0,79.86485386504233,48.135146134957665,,,2,1.0,30.0
2846,0,1,,0,2,tomato,2.999999999999998,2,0,3,None_cut,4.0,3,2,2,,2,3,tomato,2,4,tomato,2,5,plate,4,0,tomato,5,0,tomato,6,0,plate,6,3,,6,4,,7,1,plate,7,3,,7,4,,4,24.0,40.0,,,2,1.0,30.0,80.74873734152538,47.251262658474616,,,2,1.0,30.0
2847,0,1,,0,2,tomato_cut,3.0416666666666643,3,0,3,None_cut,4.0,3,2,2,,2,3,tomato,2,4,tomato,2,5,plate,4,0,tomato,5,0,tomato,6,0,plate,6,3,,6,4,,7,1,plate,7,3,,7,4,,4,24.0,40.0,,,2,1.0,30.0,81.63262081800843,46.367379181991566,,,2,1.0,30.0
2848,0,1,,0,2,tomato_cut,3.083333333333331,3,0,3,None_cut,4.0,3,2,2,,2,3,tomato,2,4,tomato,2,5,plate,4,0,tomato,5,0,tomato,6,0,plate,6,3,,6,4,,7,1,plate,7,3,,7,4,,4,24.0,40.0,,,2,1.0,30.0,82.51650429449148,45.48349570550852,,,2,1.0,30.0
2849,0,1,,0,2,tomato_cut,3.1249999999999973,3,0,3,None_cut,4.0,3,2,2,,2,3,tomato,2,4,tomato,2,5,plate,4,0,tomato,5,0,tomato,6,0,plate,6,3,,6,4,,7,1,plate,7,3,,7,4,,4,24.0,40.0,,,2,1.0,30.0,83.40038777097453,44.59961222902547,,,2,1.0,30.0
2850,0,1,,0,2,tomato_cut,3.166666666666664,3,0,3,None_cut,4.0,3,2,2,,2,3,tomato,2,4,tomato,2,5,plate,4,0,tomato,5,0,tomato,6,0,plate,6,3,,6,4,,7,1,plate,7,3,,7,4,,4,24.0,40.0,,,2,1.0,30.0,84.28427124745758,43.71572875254242,,,2,1.0,30.0
2851,0,1,,0,2,tomato_cut,3.2083333333333304,3,0,3,None_cut,4.0,3,2,2,,2,3,tomato,2,4,tomato,2,5,plate,4,0,tomato,5,0,tomato,6,0,plate,6,3,,6,4,,7,1,plate,7,3,,7,4,,4,24.0,40.0,,,2,1.0,30.0,85.16815472394063,42.83184527605937,,,2,1.0,30.0
2852,0,1,,0,2,tomato_cut,3.249999999999997,3,0,3,None_cut,4.0,3,2,2,,2,3,tomato,2,4,tomato,2,5,plate,4,0,tomato,5,0,tomato,6,0,plate,6,3,,6,4,,7,1,plate,7,3,,7,4,,4,24.0,40.0,,,2,1.0,30.0,86.05203820042368,41.94796179957632,,,2,1.0,30.0
2853,0,1,,0,2,tomato_cut,3.2916666666666634,3,0,3,None_cut,4.0,3,2,2,,2,3,tomato,2,4,tomato,2,5,plate,4,0,tomato,5,0,tomato,6,0,plate,6,3,,6,4,,7,1,plate,7,3,,7,4,,4,24.0,40.0,,,2,1.0,30.0,86.93592167690673,41.06407832309327,,,2,1.0,30.0
2854,0,1,,0,2,tomato_cut,3.33333333333333,3,0,3,None_cut,4.0,3,2,2,,2,3,tomato,2,4,tomato,2,5,plate,4,0,tomato,5,0,tomato,6,0,plate,6,3,,6,4,,7,1,plate,7,3,,7,4,,4,24.0,40.0,,,2,1.0,30.0,87.81980515338978,40.18019484661022,,,2,1.0,30.0
2855,0,1,,0,2,tomato_cut,3.3749999999999964,3,0,3,None_cut,4.0,3,2,2,,2,3,tomato,2,4,tomato,2,5,plate,4,0,tomato,5,0,tomato,6,0,plate,6,3,,6,4,,7,1,plate,7,3,,7,4,,4,24.0,40.0,,,2,1.0,30.0,88.70368862987283,39.29631137012717,,,2,1.0,30.0
2856,0,1,,0,2,tomato_cut,3.416666666666663,3,0,3,None_cut,4.0,3,2,2,,2,3,tomato,2,4,tomato,2,5,plate,4,0,tomato,5,0,tomato,6,0,plate,6,3,,6,4,,7,1,plate,7,3,,7,4,,4,24.0,40.0,,,2,1.0,30.0,89.58757210635588,38.41242789364412,,,2,1.0,30.0
2857,0,1,,0,2,tomato_cut,3.4583333333333295,3,0,3,None_cut,4.0,3,2,2,,2,3,tomato,2,4,tomato,2,5,plate,4,0,tomato,5,0,tomato,6,0,plate,6,3,,6,4,,7,1,plate,7,3,,7,4,,4,24.0,40.0,,,2,1.0,30.0,90.47145558283893,37.52854441716107,,,2,1.0,30.0
2858,0,1,,0,2,tomato_cut,3.499999999999996,3,0,3,None_cut,4.0,3,2,2,,2,3,tomato,2,4,tomato,2,5,plate,4,0,tomato,5,0,tomato,6,0,plate,6,3,,6,4,,7,1,plate,7,3,,7,4,,4,24.0,40.0,,,2,1.0,30.0,91.35533905932198,36.64466094067802,,,2,1.0,30.0
2859,0,1,,0,2,tomato_cut,3.5416666666666625,3,0,3,None_cut,4.0,3,2,2,,2,3,tomato,2,4,tomato,2,5,plate,4,0,tomato,5,0,tomato,6,0,plate,6,3,,6,4,,7,1,plate,7,3,,7,4,,4,24.0,40.0,,,2,1.0,30.0,92.23922253580503,35.76077746419497,,,2,1.0,30.0
2860,0,1,,0,2,tomato_cut,3.583333333333329,3,0,3,None_cut,4.0,3,2,2,,2,3,tomato,2,4,tomato,2,5,plate,4,0,tomato,5,0,tomato,6,0,plate,6,3,,6,4,,7,1,plate,7,3,,7,4,,4,24.0,40.0,,,2,1.0,30.0,93.12310601228808,34.876893987711924,,,2,1.0,30.0
2861,0,1,,0,2,tomato_cut,3.6249999999999956,3,0,3,None_cut,4.0,3,2,2,,2,3,tomato,2,4,tomato,2,5,plate,4,0,tomato,5,0,tomato,6,0,plate,6,3,,6,4,,7,1,plate,7,3,,7,4,,4,24.0,40.0,,,2,1.0,30.0,94.00698948877113,33.993010511228874,,,2,1.0,30.0
2862,0,1,,0,2,tomato_cut,3.666666666666662,3,0,3,None_cut,4.0,3,2,2,,2,3,tomato,2,4,tomato,2,5,plate,4,0,tomato,5,0,tomato,6,0,plate,6,3,,6,4,,7,1,plate,7,3,,7,4,,4,24.0,40.0,,,2,1.0,30.0,94.89087296525418,33.109127034745825,,,2,1.0,30.0
2863,0,1,,0,2,tomato_cut,3.7083333333333286,3,0,3,None_cut,4.0,3,2,2,,2,3,tomato,2,4,tomato,2,5,plate,4,0,tomato,5,0,tomato,6,0,plate,6,3,,6,4,,7,1,plate,7,3,,7,4,,4,24.0,40.0,,,2,1.0,30.0,95.77475644173722,32.225243558262775,,,2,1.0,30.0
2864,0,1,,0,2,tomato_cut,3.749999999999995,3,0,3,None_cut,4.0,3,2,2,,2,3,tomato,2,4,tomato,2,5,plate,4,0,tomato,5,0,tomato,6,0,plate,6,3,,6,4,,7,1,plate,7,3,,7,4,,4,24.0,40.0,,,2,1.0,30.0,96.65863991822027,31.341360081779726,,,2,1.0,30.0
2865,0,1,,0,2,tomato_cut,3.7916666666666616,3,0,3,None_cut,4.0,3,2,2,,2,3,tomato,2,4,tomato,2,5,plate,4,0,tomato,5,0,tomato,6,0,plate,6,3,,6,4,,7,1,plate,7,3,,7,4,,4,24.0,40.0,,,2,1.0,30.0,97.54252339470332,30.457476605296677,,,2,1.0,30.0
2866,0,1,,0,2,tomato_cut,3.833333333333328,3,0,3,None_cut,4.0,3,2,2,,2,3,tomato,2,4,tomato,2,5,plate,4,0,tomato,5,0,tomato,6,0,plate,6,3,,6,4,,7,1,plate,7,3,,7,4,,4,24.0,40.0,,,2,1.0,30.0,98.42640687118637,29.573593128813627,,,2,1.0,30.0
2867,0,1,,0,2,tomato_cut,3.8749999999999947,3,0,3,None_cut,4.0,3,2,2,,2,3,tomato,2,4,tomato,2,5,plate,4,0,tomato,5,0,tomato,6,0,plate,6,3,,6,4,,7,1,plate,7,3,,7,4,,4,24.0,40.0,,,2,1.0,30.0,99.31029034766942,28.689709652330578,,,2,1.0,30.0
2868,0,1,,0,2,tomato_cut,3.916666666666661,3,0,3,None_cut,4.0,3,2,2,,2,3,tomato,2,4,tomato,2,5,plate,4,0,tomato,5,0,tomato,6,0,plate,6,3,,6,4,,7,1,plate,7,3,,7,4,,4,24.0,40.0,,,2,1.0,30.0,100.19417382415247,27.80582617584753,,,2,1.0,30.0
2869,0,1,,0,2,tomato_cut,3.9583333333333277,3,0,3,None_cut,4.0,3,2,2,,2,3,tomato,2,4,tomato,2,5,plate,4,0,tomato,5,0,tomato,6,0,plate,6,3,,6,4,,7,1,plate,7,3,,7,4,,4,24.0,40.0,,,2,1.0,30.0,101.07805730063552,26.92194269936448,,,2,1.0,30.0
2870,0,1,,0,2,tomato_cut,3.9999999999999942,3,0,3,None_cut,4.0,3,2,2,,2,3,tomato,2,4,tomato,2,5,plate,4,0,tomato,5,0,tomato,6,0,plate,6,3,,6,4,,7,1,plate,7,3,,7,4,,4,24.0,40.0,,,2,1.0,30.0,101.96194077711857,26.03805922288143,,,2,1.0,30.0
2871,0,1,,0,2,tomato_cut,4.0,3,0,3,None_cut,4.0,3,2,2,,2,3,tomato,2,4,tomato,2,5,plate,4,0,tomato,5,0,tomato,6,0,plate,6,3,,6,4,,7,1,plate,7,3,,7,4,,4,24.0,40.0,,,2,1.0,30.0,102.84582425360162,25.15417574639838,,,2,1.0,30.0
2872,0,1,,0,2,tomato_cut,4.0,3,0,3,None_cut,4.0,3,2,2,,2,3,tomato,2,4,tomato,2,5,plate,4,0,tomato,5,0,tomato,6,0,plate,6,3,,6,4,,7,1,plate,7,3,,7,4,,4,24.0,40.0,,,2,1.0,30.0,103.72970773008467,24.27029226991533,,,2,1.0,30.0
2873,0,1,,0,2,tomato_cut,4.0,3,0,3,None_cut,4.0,3,2,2,,2,3,tomato,2,4,tomato,2,5,plate,4,0,tomato,5,0,tomato,6,0,plate,6,3,,6,4,,7,1,plate,7,3,,7,4,,4,24.0,40.0,,,2,1.0,30.0,104.0,24.0,,,2,1.0,30.0
2874,0,1,,0,2,tomato_cut,4.0,3,0,3,None_cut,4.0,3,2,2,,2,3,tomato,2,4,tomato,2,5,plate,4,0,tomato,5,0,tomato,6,0,plate,6,3,,6,4,,7,1,plate,7,3,,7,4,,4,24.0,40.0,,,2,1.0,30.0,104.0,24.0,,plate,2,1.0,30.0
2875,0,1,,0,2,tomato_cut,4.0,3,0,3,None_cut,4.0,3,2,2,,2,3,tomato,2,4,tomato,2,5,plate,4,0,tomato,5,0,tomato,6,0,plate,6,3,,6,4,,7,1,plate,7,3,,7,4,,4,24.0,40.0,,,2,1.0,30.0,104.0,24.0,,plate,2,1.0,30.0
2876,0,1,,0,2,tomato_cut,4.0,3,0,3,None_cut,4.0,3,2,2,,2,3,tomato,2,4,tomato,2,5,plate,4,0,tomato,5,0,tomato,6,0,plate,6,3,,6,4,,7,1,plate,7,3,,7,4,,4,24.0,40.0,,,2,1.0,30.0,104.0,24.0,,plate,2,1.0,30.0
2877,0,1,,0,2,tomato_cut,4.0,3,0,3,None_cut,4.0,3,2,2,,2,3,tomato,2,4,tomato,2,5,plate,4,0,tomato,5,0,tomato,6,0,plate,6,3,,6,4,,7,1,plate,7,3,,7,4,,4,24.0,40.0,,,2,1.0,30.0,104.0,24.0,,plate,2,1.0,30.0
2878,0,1,,0,2,tomato_cut,4.0,3,0,3,None_cut,4.0,3,2,2,,2,3,tomato,2,4,tomato,2,5,plate,4,0,tomato,5,0,tomato,6,0,plate,6,3,,6,4,,7,1,plate,7,3,,7,4,,4,24.0,40.0,,,2,1.0,30.0,104.0,24.0,,plate,2,1.0,30.0
2879,0,1,,0,2,tomato_cut,4.0,3,0,3,None_cut,4.0,3,2,2,,2,3,tomato,2,4,tomato,2,5,plate,4,0,tomato,5,0,tomato,6,0,plate,6,3,,6,4,,7,1,plate,7,3,,7,4,,4,24.0,40.0,,,2,1.0,30.0,104.0,24.0,,plate,2,1.0,30.0
2880,0,1,,0,2,tomato_cut,4.0,3,0,3,None_cut,4.0,3,2,2,,2,3,tomato,2,4,tomato,2,5,plate,4,0,tomato,5,0,tomato,6,0,plate,6,3,,6,4,,7,1,plate,7,3,,7,4,,4,24.0,40.0,,,2,1.0,30.0,104.0,24.0,,plate,2,1.0,30.0
2881,0,1,,0,2,tomato_cut,4.0,3,0,3,None_cut,4.0,3,2,2,,2,3,tomato,2,4,tomato,2,5,plate,4,0,tomato,5,0,tomato,6,0,plate,6,3,,6,4,,7,1,plate,7,3,,7,4,,4,24.0,40.0,,,2,1.0,30.0,104.0,24.0,,plate,2,1.0,30.0
2882,0,1,,0,2,tomato_cut,4.0,3,0,3,None_cut,4.0,3,2,2,,2,3,tomato,2,4,tomato,2,5,plate,4,0,tomato,5,0,tomato,6,0,plate,6,3,,6,4,,7,1,plate,7,3,,7,4,,4,24.0,40.0,,,2,1.0,30.0,104.0,24.0,,plate,2,1.0,30.0
2883,0,1,,0,2,tomato_cut,4.0,3,0,3,None_cut,4.0,3,2,2,,2,3,tomato,2,4,tomato,2,5,plate,4,0,tomato,5,0,tomato,6,0,plate,6,3,,6,4,,7,1,plate,7,3,,7,4,,4,24.0,40.0,,,2,1.0,30.0,102.74999999999972,24.0,,plate,2,1.0,30.0
2884,0,1,,0,2,tomato_cut,4.0,3,0,3,None_cut,4.0,3,2,2,,2,3,tomato,2,4,tomato,2,5,plate,4,0,tomato,5,0,tomato,6,0,plate,6,3,,6,4,,7,1,plate,7,3,,7,4,,4,24.0,40.0,,,2,1.0,30.0,101.49999999999943,24.0,,plate,2,1.0,30.0
2885,0,1,,0,2,tomato_cut,4.0,3,0,3,None_cut,4.0,3,2,2,,2,3,tomato,2,4,tomato,2,5,plate,4,0,tomato,5,0,tomato,6,0,plate,6,3,,6,4,,7,1,plate,7,3,,7,4,,4,24.0,41.250000000000284,,,2,1.0,30.0,100.24999999999915,24.0,,plate,2,1.0,30.0
2886,0,1,,0,2,tomato_cut,4.0,3,0,3,None_cut,4.0,3,2,2,,2,3,tomato,2,4,tomato,2,5,plate,4,0,tomato,5,0,tomato,6,0,plate,6,3,,6,4,,7,1,plate,7,3,,7,4,,4,24.0,42.50000000000057,,,2,1.0,30.0,98.99999999999886,24.0,,plate,2,1.0,30.0
2887,0,1,,0,2,tomato_cut,4.0,3,0,3,None_cut,4.0,3,2,2,,2,3,tomato,2,4,tomato,2,5,plate,4,0,tomato,5,0,tomato,6,0,plate,6,3,,6,4,,7,1,plate,7,3,,7,4,,4,24.0,43.75000000000085,,,2,1.0,30.0,97.74999999999858,24.0,,plate,2,1.0,30.0
2888,0,1,,0,2,tomato_cut,4.0,3,0,3,None_cut,4.0,3,2,2,,2,3,tomato,2,4,tomato,2,5,plate,4,0,tomato,5,0,tomato,6,0,plate,6,3,,6,4,,7,1,plate,7,3,,7,4,,4,24.0,45.00000000000114,,,2,1.0,30.0,96.4999999999983,24.0,,plate,2,1.0,30.0
2889,0,1,,0,2,tomato_cut,4.0,3,0,3,None_cut,4.0,3,2,2,,2,3,tomato,2,4,tomato,2,5,plate,4,0,tomato,5,0,tomato,6,0,plate,6,3,,6,4,,7,1,plate,7,3,,7,4,,4,24.0,46.25000000000142,,,2,1.0,30.0,95.24999999999801,24.0,,plate,2,1.0,30.0
2890,0,1,,0,2,tomato_cut,4.0,3,0,3,None_cut,4.0,3,2,2,,2,3,tomato,2,4,tomato,2,5,plate,4,0,tomato,5,0,tomato,6,0,plate,6,3,,6,4,,7,1,plate,7,3,,7,4,,4,24.0,47.500000000001705,,,2,1.0,30.0,93.99999999999773,24.0,,plate,2,1.0,30.0
2891,0,1,,0,2,tomato_cut,4.0,3,0,3,None_cut,4.0,3,2,2,,2,3,tomato,2,4,tomato,2,5,plate,4,0,tomato,5,0,tomato,6,0,plate,6,3,,6,4,,7,1,plate,7,3,,7,4,,4,24.0,48.75000000000199,,,2,1.0,30.0,92.74999999999744,24.0,,plate,2,1.0,30.0
2892,0,1,,0,2,tomato_cut,4.0,3,0,3,None_cut,4.0,3,2,2,,2,3,tomato,2,4,tomato,2,5,plate,4,0,tomato,5,0,tomato,6,0,plate,6,3,,6,4,,7,1,plate,7,3,,7,4,,4,24.0,50.000000000002274,,,2,1.0,30.0,91.49999999999716,24.0,,plate,2,1.0,30.0
2893,0,1,,0,2,tomato_cut,4.0,3,0,3,None_cut,4.0,3,2,2,,2,3,tomato,2,4,tomato,2,5,plate,4,0,tomato,5,0,tomato,6,0,plate,6,3,,6,4,,7,1,plate,7,3,,7,4,,4,24.0,51.25000000000256,,,2,1.0,30.0,90.24999999999687,24.0,,plate,2,1.0,30.0
2894,0,1,,0,2,tomato_cut,4.0,3,0,3,None_cut,4.0,3,2,2,,2,3,tomato,2,4,tomato,2,5,plate,4,0,tomato,5,0,tomato,6,0,plate,6,3,,6,4,,7,1,plate,7,3,,7,4,,4,24.0,52.50000000000284,,,2,1.0,30.0,88.99999999999659,24.0,,plate,2,1.0,30.0
2895,0,1,,0,2,tomato_cut,4.0,3,0,3,None_cut,4.0,3,2,2,,2,3,tomato,2,4,tomato,2,5,plate,4,0,tomato,5,0,tomato,6,0,plate,6,3,,6,4,,7,1,plate,7,3,,7,4,,4,24.0,53.750000000003126,,,2,1.0,30.0,87.7499999999963,24.0,,plate,2,1.0,30.0
2896,0,1,,0,2,tomato_cut,4.0,3,0,3,None_cut,4.0,3,2,2,,2,3,tomato,2,4,tomato,2,5,plate,4,0,tomato,5,0,tomato,6,0,plate,6,3,,6,4,,7,1,plate,7,3,,7,4,,4,24.0,55.00000000000341,,,2,1.0,30.0,86.49999999999602,24.0,,plate,2,1.0,30.0
2897,0,1,,0,2,tomato_cut,4.0,3,0,3,None_cut,4.0,3,2,2,,2,3,tomato,2,4,tomato,2,5,plate,4,0,tomato,5,0,tomato,6,0,plate,6,3,,6,4,,7,1,plate,7,3,,7,4,,4,24.0,56.0,,,2,1.0,30.0,85.24999999999574,24.0,,plate,2,1.0,30.0
2898,0,1,,0,2,tomato_cut,4.0,3,0,3,None_cut,4.0,3,2,2,,2,3,,2,4,tomato,2,5,plate,4,0,tomato,5,0,tomato,6,0,plate,6,3,,6,4,,7,1,plate,7,3,,7,4,,4,24.0,56.0,,tomato,2,1.0,30.0,83.99999999999545,24.0,,plate,2,1.0,30.0
2899,0,1,,0,2,tomato_cut,4.0,3,0,3,None_cut,4.0,3,2,2,,2,3,,2,4,tomato,2,5,plate,4,0,tomato,5,0,tomato,6,0,plate,6,3,,6,4,,7,1,plate,7,3,,7,4,,4,24.0,56.0,,tomato,2,1.0,30.0,82.74999999999517,24.0,,plate,2,1.0,30.0
2900,0,1,,0,2,tomato_cut,4.0,3,0,3,None_cut,4.0,3,2,2,,2,3,,2,4,tomato,2,5,plate,4,0,tomato,5,0,tomato,6,0,plate,6,3,,6,4,,7,1,plate,7,3,,7,4,,4,24.0,56.0,,tomato,2,1.0,30.0,81.49999999999488,24.0,,plate,2,1.0,30.0
2901,0,1,,0,2,tomato_cut,4.0,3,0,3,None_cut,4.0,3,2,2,,2,3,,2,4,tomato,2,5,plate,4,0,tomato,5,0,tomato,6,0,plate,6,3,,6,4,,7,1,plate,7,3,,7,4,,4,24.0,56.0,,tomato,2,1.0,30.0,80.2499999999946,24.0,,plate,2,1.0,30.0
2902,0,1,,0,2,tomato_cut,4.0,3,0,3,None_cut,4.0,3,2,2,,2,3,,2,4,tomato,2,5,plate,4,0,tomato,5,0,tomato,6,0,plate,6,3,,6,4,,7,1,plate,7,3,,7,4,,4,24.0,56.0,,tomato,2,1.0,30.0,78.99999999999432,24.0,,plate,2,1.0,30.0
2903,0,1,,0,2,tomato_cut,4.0,3,0,3,None_cut,4.0,3,2,2,,2,3,,2,4,tomato,2,5,plate,4,0,tomato,5,0,tomato,6,0,plate,6,3,,6,4,,7,1,plate,7,3,,7,4,,4,24.0,56.0,,tomato,2,1.0,30.0,77.74999999999403,24.0,,plate,2,1.0,30.0
2904,0,1,,0,2,tomato_cut,4.0,3,0,3,None_cut,4.0,3,2,2,,2,3,,2,4,tomato,2,5,plate,4,0,tomato,5,0,tomato,6,0,plate,6,3,,6,4,,7,1,plate,7,3,,7,4,,4,24.0,56.0,,tomato,2,1.0,30.0,76.49999999999375,24.0,,plate,2,1.0,30.0
2905,0,1,,0,2,tomato_cut,4.0,3,0,3,None_cut,4.0,3,2,2,,2,3,,2,4,tomato,2,5,plate,4,0,tomato,5,0,tomato,6,0,plate,6,3,,6,4,,7,1,plate,7,3,,7,4,,4,24.0,56.0,,tomato,2,1.0,30.0,75.24999999999346,24.0,,plate,2,1.0,30.0
2906,0,1,,0,2,tomato_cut,4.0,3,0,3,None_cut,4.0,3,2,2,,2,3,,2,4,tomato,2,5,plate,4,0,tomato,5,0,tomato,6,0,plate,6,3,,6,4,,7,1,plate,7,3,,7,4,,4,24.0,56.0,,tomato,2,1.0,30.0,73.99999999999318,24.0,,plate,2,1.0,30.0
2907,0,1,,0,2,tomato_cut,4.0,3,0,3,None_cut,4.0,3,2,2,,2,3,,2,4,tomato,2,5,plate,4,0,tomato,5,0,tomato,6,0,plate,6,3,,6,4,,7,1,plate,7,3,,7,4,,4,24.0,56.0,,tomato,2,1.0,30.0,72.7499999999929,24.0,,plate,2,1.0,30.0
2908,0,1,,0,2,tomato_cut,4.0,3,0,3,None_cut,4.0,3,2,2,,2,3,,2,4,tomato,2,5,plate,4,0,tomato,5,0,tomato,6,0,plate,6,3,,6,4,,7,1,plate,7,3,,7,4,,4,24.0,56.0,,tomato,2,1.0,30.0,71.70196048263347,24.49189088134284,,plate,2,1.0,30.0
2909,0,1,,0,2,tomato_cut,4.0,3,0,3,None_cut,4.0,3,2,2,,2,3,,2,4,tomato,2,5,plate,4,0,tomato,5,0,tomato,6,0,plate,6,3,,6,4,,7,1,plate,7,3,,7,4,,4,24.0,56.0,,tomato,2,1.0,30.0,70.81260420163471,25.37026745516934,,plate,2,1.0,30.0
2910,0,1,,0,2,tomato_cut,4.0,3,0,3,None_cut,4.0,3,2,2,,2,3,,2,4,tomato,2,5,plate,4,0,tomato,5,0,tomato,6,0,plate,6,3,,6,4,,7,1,plate,7,3,,7,4,,4,24.0,56.0,,tomato,2,1.0,30.0,69.92324792063596,26.24864402899584,,plate,2,1.0,30.0
2911,0,1,,0,2,tomato_cut,4.0,3,0,3,None_cut,4.0,3,2,2,,2,3,,2,4,tomato,2,5,plate,4,0,tomato,5,0,tomato,6,0,plate,6,3,,6,4,,7,1,plate,7,3,,7,4,,4,24.0,56.0,,tomato,2,1.0,30.0,69.0338916396372,27.12702060282234,,plate,2,1.0,30.0
2912,0,1,,0,2,tomato_cut,4.0,3,0,3,None_cut,4.0,3,2,2,,2,3,,2,4,tomato,2,5,plate,4,0,tomato,5,0,tomato,6,0,plate,6,3,,6,4,,7,1,plate,7,3,,7,4,,4,24.0,56.0,,tomato,2,1.0,30.0,68.14453535863845,28.00539717664884,,plate,2,1.0,30.0
2913,0,1,,0,2,tomato_cut,4.0,3,0,3,None_cut,4.0,3,2,2,,2,3,,2,4,tomato,2,5,plate,4,0,tomato,5,0,tomato,6,0,plate,6,3,,6,4,,7,1,plate,7,3,,7,4,,4,24.0,56.0,,tomato,2,1.0,30.0,67.2551790776397,28.883773750475342,,plate,2,1.0,30.0
2914,0,1,,0,2,tomato_cut,4.0,3,0,3,None_cut,4.0,3,2,2,,2,3,,2,4,tomato,2,5,plate,4,0,tomato,5,0,tomato,6,0,plate,6,3,,6,4,,7,1,plate,7,3,,7,4,,4,24.0,56.0,,tomato,2,1.0,30.0,66.36582279664094,29.762150324301842,,plate,2,1.0,30.0
2915,0,1,,0,2,tomato_cut,4.0,3,0,3,None_cut,4.0,3,2,2,,2,3,,2,4,tomato,2,5,plate,4,0,tomato,5,0,tomato,6,0,plate,6,3,,6,4,,7,1,plate,7,3,,7,4,,4,24.0,56.0,,tomato,2,1.0,30.0,65.47646651564219,30.640526898128343,,plate,2,1.0,30.0
2916,0,1,,0,2,tomato_cut,4.0,3,0,3,None_cut,4.0,3,2,2,,2,3,,2,4,tomato,2,5,plate,4,0,tomato,5,0,tomato,6,0,plate,6,3,,6,4,,7,1,plate,7,3,,7,4,,4,24.0,56.0,,tomato,2,1.0,30.0,64.58711023464343,31.518903471954843,,plate,2,1.0,30.0
2917,0,1,,0,2,tomato_cut,4.0,3,0,3,None_cut,4.0,3,2,2,,2,3,,2,4,tomato,2,5,plate,4,0,tomato,5,0,tomato,6,0,plate,6,3,,6,4,,7,1,plate,7,3,,7,4,,4,24.0,56.0,,tomato,2,1.0,30.0,63.69775395364444,32.39728004578134,,plate,2,1.0,30.0
2918,0,1,,0,2,tomato_cut,4.0,3,0,3,None_cut,4.0,3,2,2,,2,3,,2,4,tomato,2,5,plate,4,0,tomato,5,0,tomato,6,0,plate,6,3,,6,4,,7,1,plate,7,3,,7,4,,4,24.0,56.0,,tomato,2,1.0,30.0,62.80839767264497,33.275656619607844,,plate,2,1.0,30.0
2919,0,1,,0,2,tomato_cut,4.0,3,0,3,None_cut,4.0,3,2,2,,2,3,,2,4,tomato,2,5,plate,4,0,tomato,5,0,tomato,6,0,plate,6,3,,6,4,,7,1,plate,7,3,,7,4,,4,24.0,56.0,,tomato,2,1.0,30.0,61.91904139164551,34.154033193434344,,plate,2,1.0,30.0
2920,0,1,,0,2,tomato_cut,4.0,3,0,3,tomato,0.0,0,2,2,,2,3,,2,4,tomato,2,5,plate,4,0,tomato,5,0,tomato,6,0,plate,6,3,,6,4,,7,1,plate,7,3,,7,4,,4,24.0,56.0,,,2,1.0,30.0,61.02968511064632,35.032409767260845,,plate,2,1.0,30.0
2921,0,1,,0,2,tomato_cut,4.0,3,0,3,tomato,0.041666666666666664,0,2,2,,2,3,,2,4,tomato,2,5,plate,4,0,tomato,5,0,tomato,6,0,plate,6,3,,6,4,,7,1,plate,7,3,,7,4,,4,24.0,56.0,,,2,1.0,30.0,60.14032882964735,35.910786341087345,,plate,2,1.0,30.0
2922,0,1,,0,2,tomato_cut,4.0,3,0,3,tomato,0.08333333333333333,0,2,2,,2,3,,2,4,tomato,2,5,plate,4,0,tomato,5,0,tomato,6,0,plate,6,3,,6,4,,7,1,plate,7,3,,7,4,,4,24.0,56.0,,,2,1.0,30.0,59.25097254864839,36.789162914913845,,plate,2,1.0,30.0
2923,0,1,,0,2,tomato_cut,4.0,3,0,3,tomato,0.125,0,2,2,,2,3,,2,4,tomato,2,5,plate,4,0,tomato,5,0,tomato,6,0,plate,6,3,,6,4,,7,1,plate,7,3,,7,4,,4,24.0,56.0,,,2,1.0,30.0,58.361616267649424,37.667539488740346,,plate,2,1.0,30.0
2924,0,1,,0,2,tomato_cut,4.0,3,0,3,tomato,0.16666666666666666,0,2,2,,2,3,,2,4,tomato,2,5,plate,4,0,tomato,5,0,tomato,6,0,plate,6,3,,6,4,,7,1,plate,7,3,,7,4,,4,24.0,56.0,,,2,1.0,30.0,57.47225998665046,38.545916062566846,,plate,2,1.0,30.0
2925,0,1,,0,2,tomato_cut,4.0,3,0,3,tomato,0.20833333333333331,0,2,2,,2,3,,2,4,tomato,2,5,plate,4,0,tomato,5,0,tomato,6,0,plate,6,3,,6,4,,7,1,plate,7,3,,7,4,,4,24.0,56.0,,,2,1.0,30.0,56.582903705651496,39.424292636393346,,plate,2,1.0,30.0
2926,0,1,,0,2,tomato_cut,4.0,3,0,3,tomato,0.24999999999999997,0,2,2,,2,3,,2,4,tomato,2,5,plate,4,0,tomato,5,0,tomato,6,0,plate,6,3,,6,4,,7,1,plate,7,3,,7,4,,4,24.0,56.0,,,2,1.0,30.0,56.0,40.0,,plate,2,1.0,30.0
2927,0,1,,0,2,tomato_cut,4.0,3,0,3,tomato,0.29166666666666663,0,2,2,plate,2,3,,2,4,tomato,2,5,plate,4,0,tomato,5,0,tomato,6,0,plate,6,3,,6,4,,7,1,plate,7,3,,7,4,,4,24.0,56.0,,,2,1.0,30.0,56.0,40.0,,,2,1.0,30.0
2928,0,1,,0,2,tomato_cut,4.0,3,0,3,tomato,0.3333333333333333,0,2,2,plate,2,3,,2,4,tomato,2,5,plate,4,0,tomato,5,0,tomato,6,0,plate,6,3,,6,4,,7,1,plate,7,3,,7,4,,4,24.0,56.0,,,2,1.0,30.0,56.0,40.0,,,2,1.0,30.0
2929,0,1,,0,2,tomato_cut,4.0,3,0,3,tomato,0.375,0,2,2,plate,2,3,,2,4,tomato,2,5,plate,4,0,tomato,5,0,tomato,6,0,plate,6,3,,6,4,,7,1,plate,7,3,,7,4,,4,24.0,56.0,,,2,1.0,30.0,56.0,40.0,,,2,1.0,30.0
2930,0,1,,0,2,tomato_cut,4.0,3,0,3,tomato,0.4166666666666667,0,2,2,plate,2,3,,2,4,tomato,2,5,plate,4,0,tomato,5,0,tomato,6,0,plate,6,3,,6,4,,7,1,plate,7,3,,7,4,,4,24.0,56.0,,,2,1.0,30.0,56.0,40.0,,,2,1.0,30.0
2931,0,1,,0,2,tomato_cut,4.0,3,0,3,tomato,0.45833333333333337,0,2,2,plate,2,3,,2,4,tomato,2,5,plate,4,0,tomato,5,0,tomato,6,0,plate,6,3,,6,4,,7,1,plate,7,3,,7,4,,4,24.0,56.0,,,2,1.0,30.0,56.0,40.0,,,2,1.0,30.0
2932,0,1,,0,2,tomato_cut,4.0,3,0,3,tomato,0.5,0,2,2,plate,2,3,,2,4,tomato,2,5,plate,4,0,tomato,5,0,tomato,6,0,plate,6,3,,6,4,,7,1,plate,7,3,,7,4,,4,24.0,56.0,,,2,1.0,30.0,56.0,40.0,,,2,1.0,30.0
2933,0,1,,0,2,tomato_cut,4.0,3,0,3,tomato,0.5416666666666666,0,2,2,plate,2,3,,2,4,tomato,2,5,plate,4,0,tomato,5,0,tomato,6,0,plate,6,3,,6,4,,7,1,plate,7,3,,7,4,,4,24.0,56.0,,,2,1.0,30.0,56.0,40.0,,,2,1.0,30.0
2934,0,1,,0,2,tomato_cut,4.0,3,0,3,tomato,0.5833333333333333,0,2,2,plate,2,3,,2,4,tomato,2,5,plate,4,0,tomato,5,0,tomato,6,0,plate,6,3,,6,4,,7,1,plate,7,3,,7,4,,4,24.0,56.0,,,2,1.0,30.0,56.0,40.0,,,2,1.0,30.0
2935,0,1,,0,2,tomato_cut,4.0,3,0,3,tomato,0.6249999999999999,0,2,2,plate,2,3,,2,4,tomato,2,5,plate,4,0,tomato,5,0,tomato,6,0,plate,6,3,,6,4,,7,1,plate,7,3,,7,4,,4,24.0,56.0,,,2,1.0,30.0,56.0,40.0,,,2,1.0,30.0
2936,0,1,,0,2,tomato_cut,4.0,3,0,3,tomato,0.6666666666666665,0,2,2,plate,2,3,,2,4,tomato,2,5,plate,4,0,tomato,5,0,tomato,6,0,plate,6,3,,6,4,,7,1,plate,7,3,,7,4,,4,24.0,56.0,,,2,1.0,30.0,56.0,40.0,,,2,1.0,30.0
2937,0,1,,0,2,tomato_cut,4.0,3,0,3,tomato,0.7083333333333331,0,2,2,plate,2,3,,2,4,tomato,2,5,plate,4,0,tomato,5,0,tomato,6,0,plate,6,3,,6,4,,7,1,plate,7,3,,7,4,,4,24.0,56.0,,,2,1.0,30.0,56.0,40.0,,,2,1.0,30.0
2938,0,1,,0,2,tomato_cut,4.0,3,0,3,tomato,0.7499999999999998,0,2,2,plate,2,3,,2,4,tomato,2,5,plate,4,0,tomato,5,0,tomato,6,0,plate,6,3,,6,4,,7,1,plate,7,3,,7,4,,4,24.0,56.0,,,2,1.0,30.0,56.0,40.0,,,2,1.0,30.0
2939,0,1,,0,2,tomato_cut,4.0,3,0,3,tomato,0.7916666666666664,0,2,2,plate,2,3,,2,4,tomato,2,5,plate,4,0,tomato,5,0,tomato,6,0,plate,6,3,,6,4,,7,1,plate,7,3,,7,4,,4,24.0,56.0,,,2,1.0,30.0,56.0,40.0,,,2,1.0,30.0
2940,0,1,,0,2,tomato_cut,4.0,3,0,3,tomato,0.833333333333333,0,2,2,plate,2,3,,2,4,tomato,2,5,plate,4,0,tomato,5,0,tomato,6,0,plate,6,3,,6,4,,7,1,plate,7,3,,7,4,,4,24.0,56.0,,,2,1.0,30.0,56.0,40.0,,,2,1.0,30.0
2941,0,1,,0,2,tomato_cut,4.0,3,0,3,tomato,0.8749999999999997,0,2,2,plate,2,3,,2,4,tomato,2,5,plate,4,0,tomato,5,0,tomato,6,0,plate,6,3,,6,4,,7,1,plate,7,3,,7,4,,4,24.0,56.0,,,2,1.0,30.0,56.0,40.0,,,2,1.0,30.0
2942,0,1,,0,2,tomato_cut,4.0,3,0,3,tomato,0.9166666666666663,0,2,2,plate,2,3,,2,4,tomato,2,5,plate,4,0,tomato,5,0,tomato,6,0,plate,6,3,,6,4,,7,1,plate,7,3,,7,4,,4,24.0,56.0,,,2,1.0,30.0,56.0,40.0,,,2,1.0,30.0
2943,0,1,,0,2,tomato_cut,4.0,3,0,3,tomato,0.9583333333333329,0,2,2,plate,2,3,,2,4,tomato,2,5,plate,4,0,tomato,5,0,tomato,6,0,plate,6,3,,6,4,,7,1,plate,7,3,,7,4,,4,24.0,56.0,,,2,1.0,30.0,56.0,40.0,,,2,1.0,30.0
2944,0,1,,0,2,tomato_cut,4.0,3,0,3,tomato,0.9999999999999996,0,2,2,plate,2,3,,2,4,tomato,2,5,plate,4,0,tomato,5,0,tomato,6,0,plate,6,3,,6,4,,7,1,plate,7,3,,7,4,,4,24.0,56.0,,,2,1.0,30.0,56.0,40.0,,,2,1.0,30.0
2945,0,1,,0,2,tomato_cut,4.0,3,0,3,tomato,1.0416666666666663,1,2,2,plate,2,3,,2,4,tomato,2,5,plate,4,0,tomato,5,0,tomato,6,0,plate,6,3,,6,4,,7,1,plate,7,3,,7,4,,4,24.0,56.0,,,2,1.0,30.0,56.0,40.0,,,2,1.0,30.0
2946,0,1,,0,2,tomato_cut,4.0,3,0,3,tomato,1.083333333333333,1,2,2,plate,2,3,,2,4,tomato,2,5,plate,4,0,tomato,5,0,tomato,6,0,plate,6,3,,6,4,,7,1,plate,7,3,,7,4,,4,24.0,56.0,,,2,1.0,30.0,56.0,40.0,,,2,1.0,30.0
2947,0,1,,0,2,tomato_cut,4.0,3,0,3,tomato,1.1249999999999998,1,2,2,plate,2,3,,2,4,tomato,2,5,plate,4,0,tomato,5,0,tomato,6,0,plate,6,3,,6,4,,7,1,plate,7,3,,7,4,,4,24.0,56.0,,,2,1.0,30.0,56.0,40.0,,,2,1.0,30.0
2948,0,1,,0,2,tomato_cut,4.0,3,0,3,tomato,1.1666666666666665,1,2,2,plate,2,3,,2,4,tomato,2,5,plate,4,0,tomato,5,0,tomato,6,0,plate,6,3,,6,4,,7,1,plate,7,3,,7,4,,4,24.0,56.0,,,2,1.0,30.0,56.0,40.0,,,2,1.0,30.0
2949,0,1,,0,2,tomato_cut,4.0,3,0,3,tomato,1.2083333333333333,1,2,2,plate,2,3,,2,4,tomato,2,5,plate,4,0,tomato,5,0,tomato,6,0,plate,6,3,,6,4,,7,1,plate,7,3,,7,4,,4,24.0,56.0,,,2,1.0,30.0,56.0,40.0,,,2,1.0,30.0
2950,0,1,,0,2,tomato_cut,4.0,3,0,3,tomato,1.25,1,2,2,plate,2,3,,2,4,tomato,2,5,plate,4,0,tomato,5,0,tomato,6,0,plate,6,3,,6,4,,7,1,plate,7,3,,7,4,,4,24.0,56.0,,,2,1.0,30.0,56.0,40.0,,,2,1.0,30.0
2951,0,1,,0,2,tomato_cut,4.0,3,0,3,tomato,1.2916666666666667,1,2,2,plate,2,3,,2,4,tomato,2,5,plate,4,0,tomato,5,0,tomato,6,0,plate,6,3,,6,4,,7,1,plate,7,3,,7,4,,4,24.0,56.0,,,2,1.0,30.0,56.0,40.0,,,2,1.0,30.0
2952,0,1,,0,2,tomato_cut,4.0,3,0,3,tomato,1.3333333333333335,1,2,2,plate,2,3,,2,4,tomato,2,5,plate,4,0,tomato,5,0,tomato,6,0,plate,6,3,,6,4,,7,1,plate,7,3,,7,4,,4,24.0,56.0,,,2,1.0,30.0,56.0,40.0,,,2,1.0,30.0
2953,0,1,,0,2,tomato_cut,4.0,3,0,3,tomato,1.3750000000000002,1,2,2,plate,2,3,,2,4,tomato,2,5,plate,4,0,tomato,5,0,tomato,6,0,plate,6,3,,6,4,,7,1,plate,7,3,,7,4,,4,24.0,56.0,,,2,1.0,30.0,56.0,40.0,,,2,1.0,30.0
2954,0,1,,0,2,tomato_cut,4.0,3,0,3,tomato,1.416666666666667,1,2,2,plate,2,3,,2,4,tomato,2,5,plate,4,0,tomato,5,0,tomato,6,0,plate,6,3,,6,4,,7,1,plate,7,3,,7,4,,4,24.0,56.0,,,2,1.0,30.0,56.0,40.0,,,2,1.0,30.0
2955,0,1,,0,2,tomato_cut,4.0,3,0,3,tomato,1.4583333333333337,1,2,2,plate,2,3,,2,4,tomato,2,5,plate,4,0,tomato,5,0,tomato,6,0,plate,6,3,,6,4,,7,1,plate,7,3,,7,4,,4,24.0,56.0,,,2,1.0,30.0,56.0,40.0,,,2,1.0,30.0
2956,0,1,,0,2,tomato_cut,4.0,3,0,3,tomato,1.5000000000000004,1,2,2,plate,2,3,,2,4,tomato,2,5,plate,4,0,tomato,5,0,tomato,6,0,plate,6,3,,6,4,,7,1,plate,7,3,,7,4,,4,24.0,56.0,,,2,1.0,30.0,56.0,40.0,,,2,1.0,30.0
2957,0,1,,0,2,tomato_cut,4.0,3,0,3,tomato,1.5416666666666672,1,2,2,plate,2,3,,2,4,tomato,2,5,plate,4,0,tomato,5,0,tomato,6,0,plate,6,3,,6,4,,7,1,plate,7,3,,7,4,,4,24.0,56.0,,,2,1.0,30.0,56.0,40.0,,,2,1.0,30.0
2958,0,1,,0,2,tomato_cut,4.0,3,0,3,tomato,1.583333333333334,1,2,2,plate,2,3,,2,4,tomato,2,5,plate,4,0,tomato,5,0,tomato,6,0,plate,6,3,,6,4,,7,1,plate,7,3,,7,4,,4,24.0,56.0,,,2,1.0,30.0,56.0,40.0,,,2,1.0,30.0
2959,0,1,,0,2,tomato_cut,4.0,3,0,3,tomato,1.6250000000000007,1,2,2,plate,2,3,,2,4,tomato,2,5,plate,4,0,tomato,5,0,tomato,6,0,plate,6,3,,6,4,,7,1,plate,7,3,,7,4,,4,24.0,56.0,,,2,1.0,30.0,56.0,40.0,,,2,1.0,30.0
2960,0,1,,0,2,tomato_cut,4.0,3,0,3,tomato,1.6666666666666674,1,2,2,plate,2,3,,2,4,tomato,2,5,plate,4,0,tomato,5,0,tomato,6,0,plate,6,3,,6,4,,7,1,plate,7,3,,7,4,,4,24.0,56.0,,,2,1.0,30.0,56.0,40.0,,,2,1.0,30.0
2961,0,1,,0,2,tomato_cut,4.0,3,0,3,tomato,1.7083333333333341,1,2,2,plate,2,3,,2,4,tomato,2,5,plate,4,0,tomato,5,0,tomato,6,0,plate,6,3,,6,4,,7,1,plate,7,3,,7,4,,4,24.0,56.0,,,2,1.0,30.0,56.0,40.0,,,2,1.0,30.0
2962,0,1,,0,2,tomato_cut,4.0,3,0,3,tomato,1.7500000000000009,1,2,2,plate,2,3,,2,4,tomato,2,5,plate,4,0,tomato,5,0,tomato,6,0,plate,6,3,,6,4,,7,1,plate,7,3,,7,4,,4,24.0,56.0,,,2,1.0,30.0,56.0,40.0,,,2,1.0,30.0
2963,0,1,,0,2,tomato_cut,4.0,3,0,3,tomato,1.7916666666666676,1,2,2,plate,2,3,,2,4,tomato,2,5,plate,4,0,tomato,5,0,tomato,6,0,plate,6,3,,6,4,,7,1,plate,7,3,,7,4,,4,24.0,56.0,,,2,1.0,30.0,56.0,40.0,,,2,1.0,30.0
2964,0,1,,0,2,tomato_cut,4.0,3,0,3,tomato,1.8333333333333344,1,2,2,plate,2,3,,2,4,tomato,2,5,plate,4,0,tomato,5,0,tomato,6,0,plate,6,3,,6,4,,7,1,plate,7,3,,7,4,,4,24.0,56.0,,,2,1.0,30.0,56.0,40.0,,,2,1.0,30.0
2965,0,1,,0,2,tomato_cut,4.0,3,0,3,tomato,1.875000000000001,1,2,2,plate,2,3,,2,4,tomato,2,5,plate,4,0,tomato,5,0,tomato,6,0,plate,6,3,,6,4,,7,1,plate,7,3,,7,4,,4,24.0,56.0,,,2,1.0,30.0,56.0,40.0,,,2,1.0,30.0
2966,0,1,,0,2,tomato_cut,4.0,3,0,3,tomato,1.9166666666666679,1,2,2,plate,2,3,,2,4,tomato,2,5,plate,4,0,tomato,5,0,tomato,6,0,plate,6,3,,6,4,,7,1,plate,7,3,,7,4,,4,24.0,56.0,,,2,1.0,30.0,56.0,40.0,,,2,1.0,30.0
2967,0,1,,0,2,tomato_cut,4.0,3,0,3,tomato,1.9583333333333346,1,2,2,plate,2,3,,2,4,tomato,2,5,plate,4,0,tomato,5,0,tomato,6,0,plate,6,3,,6,4,,7,1,plate,7,3,,7,4,,4,24.0,56.0,,,2,1.0,30.0,56.0,40.0,,,2,1.0,30.0
2968,0,1,,0,2,tomato_cut,4.0,3,0,3,tomato,2.0000000000000013,2,2,2,plate,2,3,,2,4,tomato,2,5,plate,4,0,tomato,5,0,tomato,6,0,plate,6,3,,6,4,,7,1,plate,7,3,,7,4,,4,24.0,56.0,,,2,1.0,30.0,56.0,40.0,,,2,1.0,30.0
2969,0,1,,0,2,tomato_cut,4.0,3,0,3,tomato,2.041666666666668,2,2,2,plate,2,3,,2,4,tomato,2,5,plate,4,0,tomato,5,0,tomato,6,0,plate,6,3,,6,4,,7,1,plate,7,3,,7,4,,4,24.0,56.0,,,2,1.0,30.0,56.0,40.0,,,2,1.0,30.0
2970,0,1,,0,2,tomato_cut,4.0,3,0,3,tomato,2.0833333333333344,2,2,2,plate,2,3,,2,4,tomato,2,5,plate,4,0,tomato,5,0,tomato,6,0,plate,6,3,,6,4,,7,1,plate,7,3,,7,4,,4,24.0,56.0,,,2,1.0,30.0,56.0,40.0,,,2,1.0,30.0
2971,0,1,,0,2,tomato_cut,4.0,3,0,3,tomato,2.125000000000001,2,2,2,plate,2,3,,2,4,tomato,2,5,plate,4,0,tomato,5,0,tomato,6,0,plate,6,3,,6,4,,7,1,plate,7,3,,7,4,,4,24.0,56.0,,,2,1.0,30.0,56.0,40.0,,,2,1.0,30.0
2972,0,1,,0,2,tomato_cut,4.0,3,0,3,tomato,2.1666666666666674,2,2,2,plate,2,3,,2,4,tomato,2,5,plate,4,0,tomato,5,0,tomato,6,0,plate,6,3,,6,4,,7,1,plate,7,3,,7,4,,4,24.0,56.0,,,2,1.0,30.0,56.0,40.0,,,2,1.0,30.0
2973,0,1,,0,2,tomato_cut,4.0,3,0,3,tomato,2.208333333333334,2,2,2,plate,2,3,,2,4,tomato,2,5,plate,4,0,tomato,5,0,tomato,6,0,plate,6,3,,6,4,,7,1,plate,7,3,,7,4,,4,24.0,56.0,,,2,1.0,30.0,56.0,40.0,,,2,1.0,30.0
2974,0,1,,0,2,tomato_cut,4.0,3,0,3,tomato,2.2500000000000004,2,2,2,plate,2,3,,2,4,tomato,2,5,plate,4,0,tomato,5,0,tomato,6,0,plate,6,3,,6,4,,7,1,plate,7,3,,7,4,,4,24.0,56.0,,,2,1.0,30.0,56.0,40.0,,,2,1.0,30.0
2975,0,1,,0,2,tomato_cut,4.0,3,0,3,tomato,2.291666666666667,2,2,2,plate,2,3,,2,4,tomato,2,5,plate,4,0,tomato,5,0,tomato,6,0,plate,6,3,,6,4,,7,1,plate,7,3,,7,4,,4,24.0,56.0,,,2,1.0,30.0,56.0,40.0,,,2,1.0,30.0
2976,0,1,,0,2,tomato_cut,4.0,3,0,3,tomato,2.3333333333333335,2,2,2,plate,2,3,,2,4,tomato,2,5,plate,4,0,tomato,5,0,tomato,6,0,plate,6,3,,6,4,,7,1,plate,7,3,,7,4,,4,24.0,56.0,,,2,1.0,30.0,56.0,40.0,,,2,1.0,30.0
2977,0,1,,0,2,tomato_cut,4.0,3,0,3,tomato,2.375,2,2,2,plate,2,3,,2,4,tomato,2,5,plate,4,0,tomato,5,0,tomato,6,0,plate,6,3,,6,4,,7,1,plate,7,3,,7,4,,4,24.0,56.0,,,2,1.0,30.0,56.0,40.0,,,2,1.0,30.0
2978,0,1,,0,2,tomato_cut,4.0,3,0,3,tomato,2.4166666666666665,2,2,2,plate,2,3,,2,4,tomato,2,5,plate,4,0,tomato,5,0,tomato,6,0,plate,6,3,,6,4,,7,1,plate,7,3,,7,4,,4,24.0,56.0,,,2,1.0,30.0,56.0,40.0,,,2,1.0,30.0
2979,0,1,,0,2,tomato_cut,4.0,3,0,3,tomato,2.458333333333333,2,2,2,plate,2,3,,2,4,tomato,2,5,plate,4,0,tomato,5,0,tomato,6,0,plate,6,3,,6,4,,7,1,plate,7,3,,7,4,,4,24.0,56.0,,,2,1.0,30.0,56.0,40.0,,,2,1.0,30.0
2980,0,1,,0,2,tomato_cut,4.0,3,0,3,tomato,2.4999999999999996,2,2,2,plate,2,3,,2,4,tomato,2,5,plate,4,0,tomato,5,0,tomato,6,0,plate,6,3,,6,4,,7,1,plate,7,3,,7,4,,4,24.0,56.0,,,2,1.0,30.0,56.0,40.0,,,2,1.0,30.0
2981,0,1,,0,2,tomato_cut,4.0,3,0,3,tomato,2.541666666666666,2,2,2,plate,2,3,,2,4,tomato,2,5,plate,4,0,tomato,5,0,tomato,6,0,plate,6,3,,6,4,,7,1,plate,7,3,,7,4,,4,24.0,56.0,,,2,1.0,30.0,56.0,40.0,,,2,1.0,30.0
2982,0,1,,0,2,tomato_cut,4.0,3,0,3,tomato,2.5833333333333326,2,2,2,plate,2,3,,2,4,tomato,2,5,plate,4,0,tomato,5,0,tomato,6,0,plate,6,3,,6,4,,7,1,plate,7,3,,7,4,,4,24.0,56.0,,,2,1.0,30.0,56.0,40.0,,,2,1.0,30.0
2983,0,1,,0,2,tomato_cut,4.0,3,0,3,tomato,2.624999999999999,2,2,2,plate,2,3,,2,4,tomato,2,5,plate,4,0,tomato,5,0,tomato,6,0,plate,6,3,,6,4,,7,1,plate,7,3,,7,4,,4,24.0,56.0,,,2,1.0,30.0,56.88388347648305,39.11611652351695,,,2,1.0,30.0
2984,0,1,,0,2,tomato_cut,4.0,3,0,3,tomato,2.6666666666666656,2,2,2,plate,2,3,,2,4,tomato,2,5,plate,4,0,tomato,5,0,tomato,6,0,plate,6,3,,6,4,,7,1,plate,7,3,,7,4,,4,24.0,56.0,,,2,1.0,30.0,57.7677669529661,38.2322330470339,,,2,1.0,30.0
2985,0,1,,0,2,tomato_cut,4.0,3,0,3,tomato,2.708333333333332,2,2,2,plate,2,3,,2,4,tomato,2,5,plate,4,0,tomato,5,0,tomato,6,0,plate,6,3,,6,4,,7,1,plate,7,3,,7,4,,4,24.0,56.0,,,2,1.0,30.0,58.65165042944915,37.34834957055085,,,2,1.0,30.0
2986,0,1,,0,2,tomato_cut,4.0,3,0,3,tomato,2.7499999999999987,2,2,2,plate,2,3,,2,4,tomato,2,5,plate,4,0,tomato,5,0,tomato,6,0,plate,6,3,,6,4,,7,1,plate,7,3,,7,4,,4,24.0,56.0,,,2,1.0,30.0,59.5355339059322,36.4644660940678,,,2,1.0,30.0
2987,0,1,,0,2,tomato_cut,4.0,3,0,3,tomato,2.791666666666665,2,2,2,plate,2,3,,2,4,tomato,2,5,plate,4,0,tomato,5,0,tomato,6,0,plate,6,3,,6,4,,7,1,plate,7,3,,7,4,,4,24.0,56.0,,,2,1.0,30.0,60.41941738241525,35.58058261758475,,,2,1.0,30.0
2988,0,1,,0,2,tomato_cut,4.0,3,0,3,tomato,2.8333333333333317,2,2,2,plate,2,3,,2,4,tomato,2,5,plate,4,0,tomato,5,0,tomato,6,0,plate,6,3,,6,4,,7,1,plate,7,3,,7,4,,4,24.0,56.0,,,2,1.0,30.0,61.3033008588983,34.6966991411017,,,2,1.0,30.0
2989,0,1,,0,2,tomato_cut,4.0,3,0,3,tomato,2.8749999999999982,2,2,2,plate,2,3,,2,4,tomato,2,5,plate,4,0,tomato,5,0,tomato,6,0,plate,6,3,,6,4,,7,1,plate,7,3,,7,4,,4,24.0,56.0,,,2,1.0,30.0,62.187184335381346,33.812815664618654,,,2,1.0,30.0
2990,0,1,,0,2,tomato_cut,4.0,3,0,3,tomato,2.9166666666666647,2,2,2,plate,2,3,,2,4,tomato,2,5,plate,4,0,tomato,5,0,tomato,6,0,plate,6,3,,6,4,,7,1,plate,7,3,,7,4,,4,24.0,56.0,,,2,1.0,30.0,63.071067811864395,32.928932188135605,,,2,1.0,30.0
2991,0,1,,0,2,tomato_cut,4.0,3,0,3,tomato,2.9583333333333313,2,2,2,plate,2,3,,2,4,tomato,2,5,plate,4,0,tomato,5,0,tomato,6,0,plate,6,3,,6,4,,7,1,plate,7,3,,7,4,,4,24.0,56.0,,,2,1.0,30.0,63.954951288347445,32.045048711652555,,,2,1.0,30.0
2992,0,1,,0,2,tomato_cut,4.0,3,0,3,tomato,2.999999999999998,2,2,2,plate,2,3,,2,4,tomato,2,5,plate,4,0,tomato,5,0,tomato,6,0,plate,6,3,,6,4,,7,1,plate,7,3,,7,4,,4,24.0,56.0,,,2,1.0,30.0,64.8388347648305,31.161165235169506,,,2,1.0,30.0
2993,0,1,,0,2,tomato_cut,4.0,3,0,3,tomato_cut,3.0416666666666643,3,2,2,plate,2,3,,2,4,tomato,2,5,plate,4,0,tomato,5,0,tomato,6,0,plate,6,3,,6,4,,7,1,plate,7,3,,7,4,,4,24.0,56.0,,,2,1.0,30.0,65.72271824131354,30.277281758686456,,,2,1.0,30.0
2994,0,1,,0,2,tomato_cut,4.0,3,0,3,tomato_cut,3.083333333333331,3,2,2,plate,2,3,,2,4,tomato,2,5,plate,4,0,tomato,5,0,tomato,6,0,plate,6,3,,6,4,,7,1,plate,7,3,,7,4,,4,24.0,56.0,,,2,1.0,30.0,66.6066017177966,29.393398282203407,,,2,1.0,30.0
2995,0,1,,0,2,tomato_cut,4.0,3,0,3,tomato_cut,3.1249999999999973,3,2,2,plate,2,3,,2,4,tomato,2,5,plate,4,0,tomato,5,0,tomato,6,0,plate,6,3,,6,4,,7,1,plate,7,3,,7,4,,4,24.0,56.0,,,2,1.0,30.0,67.49048519427964,28.509514805720357,,,2,1.0,30.0
2996,0,1,,0,2,tomato_cut,4.0,3,0,3,tomato_cut,3.166666666666664,3,2,2,plate,2,3,,2,4,tomato,2,5,plate,4,0,tomato,5,0,tomato,6,0,plate,6,3,,6,4,,7,1,plate,7,3,,7,4,,4,24.0,56.0,,,2,1.0,30.0,68.37436867076269,27.625631329237308,,,2,1.0,30.0
2997,0,1,,0,2,tomato_cut,4.0,3,0,3,tomato_cut,3.2083333333333304,3,2,2,plate,2,3,,2,4,tomato,2,5,plate,4,0,tomato,5,0,tomato,6,0,plate,6,3,,6,4,,7,1,plate,7,3,,7,4,,4,24.0,56.0,,,2,1.0,30.0,69.25825214724574,26.74174785275426,,,2,1.0,30.0
2998,0,1,,0,2,tomato_cut,4.0,3,0,3,tomato_cut,3.249999999999997,3,2,2,plate,2,3,,2,4,tomato,2,5,plate,4,0,tomato,5,0,tomato,6,0,plate,6,3,,6,4,,7,1,plate,7,3,,7,4,,4,24.0,56.0,,,2,1.0,30.0,70.14213562372879,25.85786437627121,,,2,1.0,30.0
2999,0,1,,0,2,tomato_cut,4.0,3,0,3,tomato_cut,3.2916666666666634,3,2,2,plate,2,3,,2,4,tomato,2,5,plate,4,0,tomato,5,0,tomato,6,0,plate,6,3,,6,4,,7,1,plate,7,3,,7,4,,4,24.0,56.0,,,2,1.0,30.0,71.02601910021184,24.97398089978816,,,2,1.0,30.0
3000,0,1,,0,2,tomato_cut,4.0,3,0,3,tomato_cut,3.33333333333333,3,2,2,plate,2,3,,2,4,tomato,2,5,plate,4,0,tomato,5,0,tomato,6,0,plate,6,3,,6,4,,7,1,plate,7,3,,7,4,,4,24.0,56.0,,,2,1.0,30.0,72.0,24.0,,,2,1.0,30.0
3001,0,1,,0,2,tomato_cut,4.0,3,0,3,tomato_cut,3.3749999999999964,3,2,2,plate,2,3,,2,4,tomato,2,5,plate,4,0,tomato,5,0,tomato,6,0,plate,6,3,,6,4,,7,1,plate,7,3,,7,4,,4,24.0,56.0,,,2,1.0,30.0,72.0,24.0,,tomato,2,1.0,30.0
3002,0,1,,0,2,tomato_cut,4.0,3,0,3,tomato_cut,3.416666666666663,3,2,2,plate,2,3,,2,4,tomato,2,5,plate,4,0,tomato,5,0,tomato,6,0,plate,6,3,,6,4,,7,1,plate,7,3,,7,4,,4,24.0,56.0,,,2,1.0,30.0,72.0,24.0,,tomato,2,1.0,30.0
3003,0,1,,0,2,tomato_cut,4.0,3,0,3,tomato_cut,3.4583333333333295,3,2,2,plate,2,3,,2,4,tomato,2,5,plate,4,0,tomato,5,0,tomato,6,0,plate,6,3,,6,4,,7,1,plate,7,3,,7,4,,4,24.0,56.0,,,2,1.0,30.0,72.0,24.0,,tomato,2,1.0,30.0
3004,0,1,,0,2,tomato_cut,4.0,3,0,3,tomato_cut,3.499999999999996,3,2,2,plate,2,3,,2,4,tomato,2,5,plate,4,0,tomato,5,0,tomato,6,0,plate,6,3,,6,4,,7,1,plate,7,3,,7,4,,4,24.0,56.0,,,2,1.0,30.0,72.0,24.0,,tomato,2,1.0,30.0
3005,0,1,,0,2,tomato_cut,4.0,3,0,3,tomato_cut,3.5416666666666625,3,2,2,plate,2,3,,2,4,tomato,2,5,plate,4,0,tomato,5,0,tomato,6,0,plate,6,3,,6,4,,7,1,plate,7,3,,7,4,,4,24.0,56.0,,,2,1.0,30.0,72.0,24.0,,tomato,2,1.0,30.0
3006,0,1,,0,2,tomato_cut,4.0,3,0,3,tomato_cut,3.583333333333329,3,2,2,plate,2,3,,2,4,tomato,2,5,plate,4,0,tomato,5,0,tomato,6,0,plate,6,3,,6,4,,7,1,plate,7,3,,7,4,,4,24.0,56.0,,,2,1.0,30.0,72.0,24.0,,tomato,2,1.0,30.0
3007,0,1,,0,2,tomato_cut,4.0,3,0,3,tomato_cut,3.6249999999999956,3,2,2,plate,2,3,,2,4,tomato,2,5,plate,4,0,tomato,5,0,tomato,6,0,plate,6,3,,6,4,,7,1,plate,7,3,,7,4,,4,24.0,56.0,,,2,1.0,30.0,72.0,24.0,,tomato,2,1.0,30.0
3008,0,1,,0,2,tomato_cut,4.0,3,0,3,tomato_cut,3.666666666666662,3,2,2,plate,2,3,,2,4,tomato,2,5,plate,4,0,tomato,5,0,tomato,6,0,plate,6,3,,6,4,,7,1,plate,7,3,,7,4,,4,24.0,56.0,,,2,1.0,30.0,72.0,24.0,,tomato,2,1.0,30.0
3009,0,1,,0,2,tomato_cut,4.0,3,0,3,tomato_cut,3.7083333333333286,3,2,2,plate,2,3,,2,4,tomato,2,5,plate,4,0,tomato,5,0,tomato,6,0,plate,6,3,,6,4,,7,1,plate,7,3,,7,4,,4,24.0,56.0,,,2,1.0,30.0,72.0,24.0,,tomato,2,1.0,30.0
3010,0,1,,0,2,tomato_cut,4.0,3,0,3,tomato_cut,3.749999999999995,3,2,2,plate,2,3,,2,4,tomato,2,5,plate,4,0,tomato,5,0,tomato,6,0,plate,6,3,,6,4,,7,1,plate,7,3,,7,4,,4,24.0,56.0,,,2,1.0,30.0,72.0,24.0,,tomato,2,1.0,30.0
3011,0,1,,0,2,tomato_cut,4.0,3,0,3,tomato_cut,3.7916666666666616,3,2,2,plate,2,3,,2,4,tomato,2,5,plate,4,0,tomato,5,0,tomato,6,0,plate,6,3,,6,4,,7,1,plate,7,3,,7,4,,4,24.0,56.0,,,2,1.0,30.0,72.0,24.0,,tomato,2,1.0,30.0
3012,0,1,,0,2,tomato_cut,4.0,3,0,3,tomato_cut,3.833333333333328,3,2,2,plate,2,3,,2,4,tomato,2,5,plate,4,0,tomato,5,0,tomato,6,0,plate,6,3,,6,4,,7,1,plate,7,3,,7,4,,4,24.0,56.0,,,2,1.0,30.0,72.0,24.0,,tomato,2,1.0,30.0
3013,0,1,,0,2,tomato_cut,4.0,3,0,3,tomato_cut,3.8749999999999947,3,2,2,plate,2,3,,2,4,tomato,2,5,plate,4,0,tomato,5,0,tomato,6,0,plate,6,3,,6,4,,7,1,plate,7,3,,7,4,,4,24.0,56.0,,,2,1.0,30.0,72.0,24.0,,tomato,2,1.0,30.0
3014,0,1,,0,2,tomato_cut,4.0,3,0,3,tomato_cut,3.916666666666661,3,2,2,plate,2,3,,2,4,tomato,2,5,plate,4,0,tomato,5,0,tomato,6,0,plate,6,3,,6,4,,7,1,plate,7,3,,7,4,,4,24.0,56.0,,,2,1.0,30.0,72.0,25.24999999999993,,tomato,2,1.0,30.0
3015,0,1,,0,2,tomato_cut,4.0,3,0,3,tomato_cut,3.9583333333333277,3,2,2,plate,2,3,,2,4,tomato,2,5,plate,4,0,tomato,5,0,tomato,6,0,plate,6,3,,6,4,,7,1,plate,7,3,,7,4,,4,24.0,56.0,,,2,1.0,30.0,72.0,26.499999999999858,,tomato,2,1.0,30.0
3016,0,1,,0,2,tomato_cut,4.0,3,0,3,tomato_cut,3.9583333333333277,3,2,2,plate,2,3,,2,4,tomato,2,5,plate,4,0,tomato,5,0,tomato,6,0,plate,6,3,,6,4,,7,1,plate,7,3,,7,4,,4,24.0,56.0,,,2,1.0,30.0,72.0,27.749999999999787,,tomato,2,1.0,30.0
3017,0,1,,0,2,tomato_cut,4.0,3,0,3,tomato_cut,3.9583333333333277,3,2,2,plate,2,3,,2,4,tomato,2,5,plate,4,0,tomato,5,0,tomato,6,0,plate,6,3,,6,4,,7,1,plate,7,3,,7,4,,4,24.0,56.0,,,2,1.0,30.0,72.0,28.999999999999716,,tomato,2,1.0,30.0
3018,0,1,,0,2,tomato_cut,4.0,3,0,3,tomato_cut,3.9583333333333277,3,2,2,plate,2,3,,2,4,tomato,2,5,plate,4,0,tomato,5,0,tomato,6,0,plate,6,3,,6,4,,7,1,plate,7,3,,7,4,,4,24.0,54.749999999999716,,,2,1.0,30.0,72.0,30.249999999999645,,tomato,2,1.0,30.0
3019,0,1,,0,2,tomato_cut,4.0,3,0,3,tomato_cut,3.9583333333333277,3,2,2,plate,2,3,,2,4,tomato,2,5,plate,4,0,tomato,5,0,tomato,6,0,plate,6,3,,6,4,,7,1,plate,7,3,,7,4,,4,24.0,53.49999999999943,,,2,1.0,30.0,72.0,31.499999999999574,,tomato,2,1.0,30.0
3020,0,1,,0,2,tomato_cut,4.0,3,0,3,tomato_cut,3.9583333333333277,3,2,2,plate,2,3,,2,4,tomato,2,5,plate,4,0,tomato,5,0,tomato,6,0,plate,6,3,,6,4,,7,1,plate,7,3,,7,4,,4,24.0,52.24999999999915,,,2,1.0,30.0,72.0,32.749999999999716,,tomato,2,1.0,30.0
3021,0,1,,0,2,tomato_cut,4.0,3,0,3,tomato_cut,3.9583333333333277,3,2,2,plate,2,3,,2,4,tomato,2,5,plate,4,0,tomato,5,0,tomato,6,0,plate,6,3,,6,4,,7,1,plate,7,3,,7,4,,4,24.0,50.99999999999886,,,2,1.0,30.0,72.0,34.0,,tomato,2,1.0,30.0
3022,0,1,,0,2,tomato_cut,4.0,3,0,3,tomato_cut,3.9583333333333277,3,2,2,plate,2,3,,2,4,tomato,2,5,plate,4,0,tomato,5,0,tomato,6,0,plate,6,3,,6,4,,7,1,plate,7,3,,7,4,,4,24.0,49.74999999999858,,,2,1.0,30.0,72.0,35.250000000000284,,tomato,2,1.0,30.0
3023,0,1,,0,2,tomato_cut,4.0,3,0,3,tomato_cut,3.9583333333333277,3,2,2,plate,2,3,,2,4,tomato,2,5,plate,4,0,tomato,5,0,tomato,6,0,plate,6,3,,6,4,,7,1,plate,7,3,,7,4,,4,24.0,48.499999999998295,,,2,1.0,30.0,72.0,36.50000000000057,,tomato,2,1.0,30.0
3024,0,1,,0,2,tomato_cut,4.0,3,0,3,tomato_cut,3.9583333333333277,3,2,2,plate,2,3,,2,4,tomato,2,5,plate,4,0,tomato,5,0,tomato,6,0,plate,6,3,,6,4,,7,1,plate,7,3,,7,4,,4,24.0,47.24999999999801,,,2,1.0,30.0,72.0,37.75000000000085,,tomato,2,1.0,30.0
3025,0,1,,0,2,tomato_cut,4.0,3,0,3,tomato_cut,3.9583333333333277,3,2,2,plate,2,3,,2,4,tomato,2,5,plate,4,0,tomato,5,0,tomato,6,0,plate,6,3,,6,4,,7,1,plate,7,3,,7,4,,4,24.0,45.999999999997726,,,2,1.0,30.0,72.0,39.00000000000114,,tomato,2,1.0,30.0
3026,0,1,,0,2,tomato_cut,4.0,3,0,3,tomato_cut,3.9583333333333277,3,2,2,plate,2,3,,2,4,tomato,2,5,plate,4,0,tomato,5,0,tomato,6,0,plate,6,3,,6,4,,7,1,plate,7,3,,7,4,,4,24.0,44.74999999999744,,,2,1.0,30.0,71.68378443342253,40.120168261161126,,tomato,2,1.0,30.0
3027,0,1,,0,2,tomato_cut,4.0,3,0,3,tomato_cut,3.9583333333333277,3,2,2,plate,2,3,,2,4,tomato,2,5,plate,4,0,tomato,5,0,tomato,6,0,plate,6,3,,6,4,,7,1,plate,7,3,,7,4,,4,24.0,43.49999999999716,,,2,1.0,30.0,70.80540785959582,41.00952454216059,,tomato,2,1.0,30.0
3028,0,1,,0,2,tomato_cut,4.0,3,0,3,tomato_cut,3.9583333333333277,3,2,2,plate,2,3,,2,4,tomato,2,5,plate,4,0,tomato,5,0,tomato,6,0,plate,6,3,,6,4,,7,1,plate,7,3,,7,4,,4,24.0,42.249999999996874,,,2,1.0,30.0,69.92703128576912,41.898880823160056,,tomato,2,1.0,30.0
3029,0,1,,0,2,tomato_cut,4.0,3,0,3,tomato_cut,3.9583333333333277,3,2,2,plate,2,3,,2,4,tomato,2,5,plate,4,0,tomato,5,0,tomato,6,0,plate,6,3,,6,4,,7,1,plate,7,3,,7,4,,4,24.0,40.99999999999659,,,2,1.0,30.0,69.0486547119424,42.78823710415952,,tomato,2,1.0,30.0
3030,0,1,,0,2,tomato_cut,4.0,3,0,3,tomato_cut,3.9583333333333277,3,2,2,plate,2,3,,2,4,tomato,2,5,plate,4,0,tomato,5,0,tomato,6,0,plate,6,3,,6,4,,7,1,plate,7,3,,7,4,,4,24.0,40.0,,,2,1.0,30.0,68.17027813811569,43.677593385158985,,tomato,2,1.0,30.0
3031,0,1,,0,2,None_cut,4.0,3,0,3,tomato_cut,3.9583333333333277,3,2,2,plate,2,3,,2,4,tomato,2,5,plate,4,0,tomato,5,0,tomato,6,0,plate,6,3,,6,4,,7,1,plate,7,3,,7,4,,4,24.0,40.0,,tomato_cut,2,1.0,30.0,67.29190156428898,44.56694966615845,,tomato,2,1.0,30.0
3032,0,1,,0,2,None_cut,4.0,3,0,3,tomato_cut,3.9583333333333277,3,2,2,plate,2,3,,2,4,tomato,2,5,plate,4,0,tomato,5,0,tomato,6,0,plate,6,3,,6,4,,7,1,plate,7,3,,7,4,,4,24.0,40.0,,tomato_cut,2,1.0,30.0,66.41352499046226,45.456305947157915,,tomato,2,1.0,30.0
3033,0,1,,0,2,None_cut,4.0,3,0,3,tomato_cut,3.9583333333333277,3,2,2,plate,2,3,,2,4,tomato,2,5,plate,4,0,tomato,5,0,tomato,6,0,plate,6,3,,6,4,,7,1,plate,7,3,,7,4,,4,24.0,40.0,,tomato_cut,2,1.0,30.0,65.53514841663555,46.34566222815738,,tomato,2,1.0,30.0
3034,0,1,,0,2,None_cut,4.0,3,0,3,tomato_cut,3.9583333333333277,3,2,2,plate,2,3,,2,4,tomato,2,5,plate,4,0,tomato,5,0,tomato,6,0,plate,6,3,,6,4,,7,1,plate,7,3,,7,4,,4,24.0,40.0,,tomato_cut,2,1.0,30.0,64.65677184280884,47.235018509156845,,tomato,2,1.0,30.0
3035,0,1,,0,2,None_cut,4.0,3,0,3,tomato_cut,3.9583333333333277,3,2,2,plate,2,3,,2,4,tomato,2,5,plate,4,0,tomato,5,0,tomato,6,0,plate,6,3,,6,4,,7,1,plate,7,3,,7,4,,4,24.0,40.0,,tomato_cut,2,1.0,30.0,63.77839526898218,48.12437479015631,,tomato,2,1.0,30.0
3036,0,1,,0,2,None_cut,4.0,3,0,3,tomato_cut,3.9583333333333277,3,2,2,plate,2,3,,2,4,tomato,2,5,plate,4,0,tomato,5,0,tomato,6,0,plate,6,3,,6,4,,7,1,plate,7,3,,7,4,,4,24.0,40.0,,tomato_cut,2,1.0,30.0,62.90001869515568,49.013731071155775,,tomato,2,1.0,30.0
3037,0,1,,0,2,None_cut,4.0,3,0,3,tomato_cut,3.9583333333333277,3,2,2,plate,2,3,,2,4,tomato,2,5,plate,4,0,tomato,5,0,tomato,6,0,plate,6,3,,6,4,,7,1,plate,7,3,,7,4,,4,24.0,40.0,,tomato_cut,2,1.0,30.0,62.02164212132918,49.90308735215524,,tomato,2,1.0,30.0
3038,0,1,,0,2,None_cut,4.0,3,0,3,tomato_cut,3.9583333333333277,3,2,2,plate,2,3,,2,4,tomato,2,5,plate,4,0,tomato,5,0,tomato,6,0,plate,6,3,,6,4,,7,1,plate,7,3,,7,4,,4,24.0,40.0,,tomato_cut,2,1.0,30.0,61.14326554750268,50.792443633154704,,tomato,2,1.0,30.0
3039,0,1,,0,2,None_cut,4.0,3,0,3,tomato_cut,3.9583333333333277,3,2,2,plate,2,3,,2,4,tomato,2,5,plate,4,0,tomato,5,0,tomato,6,0,plate,6,3,,6,4,,7,1,plate,7,3,,7,4,,4,24.0,40.0,,tomato_cut,2,1.0,30.0,60.26488897367618,51.68179991415417,,tomato,2,1.0,30.0
3040,0,1,,0,2,None_cut,4.0,3,0,3,tomato_cut,3.9583333333333277,3,2,2,plate,2,3,,2,4,tomato,2,5,plate,4,0,tomato,5,0,tomato,6,0,plate,6,3,,6,4,,7,1,plate,7,3,,7,4,,4,24.0,40.0,,tomato_cut,2,1.0,30.0,59.38651239984968,52.57115619515362,,tomato,2,1.0,30.0
3041,0,1,,0,2,None_cut,4.0,3,0,3,tomato_cut,3.9583333333333277,3,2,2,plate,2,3,,2,4,tomato,2,5,plate,4,0,tomato,5,0,tomato,6,0,plate,6,3,,6,4,,7,1,plate,7,3,,7,4,,4,24.0,40.0,,tomato_cut,2,1.0,30.0,58.50813582602318,53.46051247615258,,tomato,2,1.0,30.0
3042,0,1,,0,2,None_cut,4.0,3,0,3,tomato_cut,3.9583333333333277,3,2,2,tomato_salad,2,3,,2,4,tomato,2,5,plate,4,0,tomato,5,0,tomato,6,0,plate,6,3,,6,4,,7,1,plate,7,3,,7,4,,4,24.0,40.0,,,2,1.0,30.0,57.62975925219668,54.34986875715155,,tomato,2,1.0,30.0
3043,0,1,,0,2,None_cut,4.0,3,0,3,tomato_cut,3.9583333333333277,3,2,2,tomato_salad,2,3,,2,4,tomato,2,5,plate,4,0,tomato,5,0,tomato,6,0,plate,6,3,,6,4,,7,1,plate,7,3,,7,4,,4,24.0,40.0,,,2,1.0,30.0,56.75138267837018,55.23922503815051,,tomato,2,1.0,30.0
3044,0,1,,0,2,None_cut,4.0,3,0,3,tomato_cut,3.9583333333333277,3,2,2,tomato_salad,2,3,,2,4,tomato,2,5,plate,4,0,tomato,5,0,tomato,6,0,plate,6,3,,6,4,,7,1,plate,7,3,,7,4,,4,24.0,40.0,,,2,1.0,30.0,56.0,56.0,,tomato,2,1.0,30.0
3045,0,1,,0,2,None_cut,4.0,3,0,3,tomato_cut,3.9583333333333277,3,2,2,tomato_salad,2,3,tomato,2,4,tomato,2,5,plate,4,0,tomato,5,0,tomato,6,0,plate,6,3,,6,4,,7,1,plate,7,3,,7,4,,4,24.0,40.0,,,2,1.0,30.0,56.0,56.0,,,2,1.0,30.0
3046,0,1,,0,2,None_cut,4.0,3,0,3,tomato_cut,3.9583333333333277,3,2,2,tomato_salad,2,3,tomato,2,4,tomato,2,5,plate,4,0,tomato,5,0,tomato,6,0,plate,6,3,,6,4,,7,1,plate,7,3,,7,4,,4,24.0,40.0,,,2,1.0,30.0,56.0,56.0,,,2,1.0,30.0
3047,0,1,,0,2,None_cut,4.0,3,0,3,tomato_cut,3.9583333333333277,3,2,2,tomato_salad,2,3,tomato,2,4,tomato,2,5,plate,4,0,tomato,5,0,tomato,6,0,plate,6,3,,6,4,,7,1,plate,7,3,,7,4,,4,24.0,40.0,,,2,1.0,30.0,56.0,56.0,,,2,1.0,30.0
3048,0,1,,0,2,None_cut,4.0,3,0,3,tomato_cut,3.9583333333333277,3,2,2,tomato_salad,2,3,tomato,2,4,tomato,2,5,plate,4,0,tomato,5,0,tomato,6,0,plate,6,3,,6,4,,7,1,plate,7,3,,7,4,,4,24.0,40.0,,,2,1.0,30.0,56.0,56.0,,,2,1.0,30.0
3049,0,1,,0,2,None_cut,4.0,3,0,3,tomato_cut,3.9583333333333277,3,2,2,tomato_salad,2,3,tomato,2,4,tomato,2,5,plate,4,0,tomato,5,0,tomato,6,0,plate,6,3,,6,4,,7,1,plate,7,3,,7,4,,4,24.0,40.0,,,2,1.0,30.0,56.0,56.0,,,2,1.0,30.0
3050,0,1,,0,2,None_cut,4.0,3,0,3,tomato_cut,3.9583333333333277,3,2,2,tomato_salad,2,3,tomato,2,4,tomato,2,5,plate,4,0,tomato,5,0,tomato,6,0,plate,6,3,,6,4,,7,1,plate,7,3,,7,4,,4,24.0,40.0,,,2,1.0,30.0,56.0,56.0,,,2,1.0,30.0
3051,0,1,,0,2,None_cut,4.0,3,0,3,tomato_cut,3.9583333333333277,3,2,2,tomato_salad,2,3,tomato,2,4,tomato,2,5,plate,4,0,tomato,5,0,tomato,6,0,plate,6,3,,6,4,,7,1,plate,7,3,,7,4,,4,24.0,40.0,,,2,1.0,30.0,56.0,56.0,,,2,1.0,30.0
3052,0,1,,0,2,None_cut,4.0,3,0,3,tomato_cut,3.9583333333333277,3,2,2,tomato_salad,2,3,tomato,2,4,tomato,2,5,plate,4,0,tomato,5,0,tomato,6,0,plate,6,3,,6,4,,7,1,plate,7,3,,7,4,,4,24.0,40.0,,,2,1.0,30.0,56.0,56.0,,,2,1.0,30.0
3053,0,1,,0,2,None_cut,4.0,3,0,3,tomato_cut,3.9583333333333277,3,2,2,tomato_salad,2,3,tomato,2,4,tomato,2,5,plate,4,0,tomato,5,0,tomato,6,0,plate,6,3,,6,4,,7,1,plate,7,3,,7,4,,4,24.0,40.0,,,2,1.0,30.0,56.0,56.0,,,2,1.0,30.0
3054,0,1,,0,2,None_cut,4.0,3,0,3,tomato_cut,3.9583333333333277,3,2,2,tomato_salad,2,3,tomato,2,4,tomato,2,5,plate,4,0,tomato,5,0,tomato,6,0,plate,6,3,,6,4,,7,1,plate,7,3,,7,4,,4,24.0,40.0,,,2,1.0,30.0,56.0,56.0,,,2,1.0,30.0
3055,0,1,,0,2,None_cut,4.0,3,0,3,tomato_cut,3.9583333333333277,3,2,2,tomato_salad,2,3,tomato,2,4,tomato,2,5,plate,4,0,tomato,5,0,tomato,6,0,plate,6,3,,6,4,,7,1,plate,7,3,,7,4,,4,24.0,40.0,,,2,1.0,30.0,56.0,56.0,,,2,1.0,30.0
3056,0,1,,0,2,None_cut,4.0,3,0,3,tomato_cut,3.9583333333333277,3,2,2,tomato_salad,2,3,tomato,2,4,tomato,2,5,plate,4,0,tomato,5,0,tomato,6,0,plate,6,3,,6,4,,7,1,plate,7,3,,7,4,,4,24.0,40.0,,,2,1.0,30.0,56.0,56.0,,,2,1.0,30.0
3057,0,1,,0,2,None_cut,4.0,3,0,3,tomato_cut,3.9583333333333277,3,2,2,tomato_salad,2,3,tomato,2,4,tomato,2,5,plate,4,0,tomato,5,0,tomato,6,0,plate,6,3,,6,4,,7,1,plate,7,3,,7,4,,4,24.0,40.0,,,2,1.0,30.0,56.0,56.0,,,2,1.0,30.0
3058,0,1,,0,2,None_cut,4.0,3,0,3,tomato_cut,3.9583333333333277,3,2,2,tomato_salad,2,3,tomato,2,4,tomato,2,5,plate,4,0,tomato,5,0,tomato,6,0,plate,6,3,,6,4,,7,1,plate,7,3,,7,4,,4,24.0,40.0,,,2,1.0,30.0,56.0,56.0,,,2,1.0,30.0
3059,0,1,,0,2,None_cut,4.0,3,0,3,tomato_cut,3.9583333333333277,3,2,2,tomato_salad,2,3,tomato,2,4,tomato,2,5,plate,4,0,tomato,5,0,tomato,6,0,plate,6,3,,6,4,,7,1,plate,7,3,,7,4,,4,24.0,40.0,,,2,1.0,30.0,56.0,54.749999999999716,,,2,1.0,30.0
3060,0,1,,0,2,None_cut,4.0,3,0,3,tomato_cut,3.9583333333333277,3,2,2,tomato_salad,2,3,tomato,2,4,tomato,2,5,plate,4,0,tomato,5,0,tomato,6,0,plate,6,3,,6,4,,7,1,plate,7,3,,7,4,,4,24.0,40.0,,,2,1.0,30.0,56.0,53.49999999999943,,,2,1.0,30.0
3061,0,1,,0,2,None_cut,4.0,3,0,3,tomato_cut,3.9583333333333277,3,2,2,tomato_salad,2,3,tomato,2,4,tomato,2,5,plate,4,0,tomato,5,0,tomato,6,0,plate,6,3,,6,4,,7,1,plate,7,3,,7,4,,4,24.0,40.0,,,2,1.0,30.0,56.0,52.24999999999915,,,2,1.0,30.0
3062,0,1,,0,2,None_cut,4.0,3,0,3,tomato_cut,3.9583333333333277,3,2,2,tomato_salad,2,3,tomato,2,4,tomato,2,5,plate,4,0,tomato,5,0,tomato,6,0,plate,6,3,,6,4,,7,1,plate,7,3,,7,4,,4,24.0,40.0,,,2,1.0,30.0,56.0,50.99999999999886,,,2,1.0,30.0
3063,0,1,,0,2,None_cut,4.0,3,0,3,tomato_cut,3.9583333333333277,3,2,2,tomato_salad,2,3,tomato,2,4,tomato,2,5,plate,4,0,tomato,5,0,tomato,6,0,plate,6,3,,6,4,,7,1,plate,7,3,,7,4,,4,24.0,40.0,,,2,1.0,30.0,56.0,49.74999999999858,,,2,1.0,30.0
3064,0,1,,0,2,None_cut,4.0,3,0,3,tomato_cut,3.9583333333333277,3,2,2,tomato_salad,2,3,tomato,2,4,tomato,2,5,plate,4,0,tomato,5,0,tomato,6,0,plate,6,3,,6,4,,7,1,plate,7,3,,7,4,,4,24.0,40.0,,,2,1.0,30.0,56.0,48.499999999998295,,,2,1.0,30.0
3065,0,1,,0,2,None_cut,4.0,3,0,3,tomato_cut,3.9583333333333277,3,2,2,tomato_salad,2,3,tomato,2,4,tomato,2,5,plate,4,0,tomato,5,0,tomato,6,0,plate,6,3,,6,4,,7,1,plate,7,3,,7,4,,4,24.0,40.0,,,2,1.0,30.0,56.0,47.24999999999801,,,2,1.0,30.0
3066,0,1,,0,2,None_cut,4.0,3,0,3,tomato_cut,3.9583333333333277,3,2,2,tomato_salad,2,3,tomato,2,4,tomato,2,5,plate,4,0,tomato,5,0,tomato,6,0,plate,6,3,,6,4,,7,1,plate,7,3,,7,4,,4,24.0,40.0,,,2,1.0,30.0,56.0,45.999999999997726,,,2,1.0,30.0
3067,0,1,,0,2,None_cut,4.0,3,0,3,tomato_cut,3.9583333333333277,3,2,2,tomato_salad,2,3,tomato,2,4,tomato,2,5,plate,4,0,tomato,5,0,tomato,6,0,plate,6,3,,6,4,,7,1,plate,7,3,,7,4,,4,24.0,40.0,,,2,1.0,30.0,56.0,44.74999999999744,,,2,1.0,30.0
3068,0,1,,0,2,None_cut,4.0,3,0,3,tomato_cut,3.9583333333333277,3,2,2,tomato_salad,2,3,tomato,2,4,tomato,2,5,plate,4,0,tomato,5,0,tomato,6,0,plate,6,3,,6,4,,7,1,plate,7,3,,7,4,,4,24.0,40.0,,,2,1.0,30.0,56.0,43.49999999999716,,,2,1.0,30.0
3069,0,1,,0,2,None_cut,4.0,3,0,3,tomato_cut,3.9583333333333277,3,2,2,tomato_salad,2,3,tomato,2,4,tomato,2,5,plate,4,0,tomato,5,0,tomato,6,0,plate,6,3,,6,4,,7,1,plate,7,3,,7,4,,4,24.0,40.0,,,2,1.0,30.0,56.0,42.249999999996874,,,2,1.0,30.0
3070,0,1,,0,2,None_cut,4.0,3,0,3,tomato_cut,3.9583333333333277,3,2,2,tomato_salad,2,3,tomato,2,4,tomato,2,5,plate,4,0,tomato,5,0,tomato,6,0,plate,6,3,,6,4,,7,1,plate,7,3,,7,4,,4,24.0,40.0,,,2,1.0,30.0,56.0,40.99999999999659,,,2,1.0,30.0
3071,0,1,,0,2,None_cut,4.0,3,0,3,tomato_cut,3.9583333333333277,3,2,2,tomato_salad,2,3,tomato,2,4,tomato,2,5,plate,4,0,tomato,5,0,tomato,6,0,plate,6,3,,6,4,,7,1,plate,7,3,,7,4,,4,24.0,40.0,,,2,1.0,30.0,56.0,40.0,,,2,1.0,30.0
3072,0,1,,0,2,None_cut,4.0,3,0,3,tomato_cut,3.9583333333333277,3,2,2,,2,3,tomato,2,4,tomato,2,5,plate,4,0,tomato,5,0,tomato,6,0,plate,6,3,,6,4,,7,1,plate,7,3,,7,4,,4,24.0,40.0,,,2,1.0,30.0,56.0,40.0,,tomato_salad,2,1.0,30.0
3073,0,1,,0,2,None_cut,4.0,3,0,3,tomato_cut,3.9583333333333277,3,2,2,,2,3,tomato,2,4,tomato,2,5,plate,4,0,tomato,5,0,tomato,6,0,plate,6,3,,6,4,,7,1,plate,7,3,,7,4,,4,24.0,40.0,,,2,1.0,30.0,56.0,40.0,,tomato_salad,2,1.0,30.0
3074,0,1,,0,2,None_cut,4.0,3,0,3,tomato_cut,3.9583333333333277,3,2,2,,2,3,tomato,2,4,tomato,2,5,plate,4,0,tomato,5,0,tomato,6,0,plate,6,3,,6,4,,7,1,plate,7,3,,7,4,,4,24.0,40.0,,,2,1.0,30.0,56.0,40.0,,tomato_salad,2,1.0,30.0
3075,0,1,,0,2,None_cut,4.0,3,0,3,tomato_cut,3.9583333333333277,3,2,2,,2,3,tomato,2,4,tomato,2,5,plate,4,0,tomato,5,0,tomato,6,0,plate,6,3,,6,4,,7,1,plate,7,3,,7,4,,4,24.0,40.0,,,2,1.0,30.0,56.0,40.0,,tomato_salad,2,1.0,30.0
3076,0,1,,0,2,None_cut,4.0,3,0,3,tomato_cut,3.9583333333333277,3,2,2,,2,3,tomato,2,4,tomato,2,5,plate,4,0,tomato,5,0,tomato,6,0,plate,6,3,,6,4,,7,1,plate,7,3,,7,4,,4,24.0,40.0,,,2,1.0,30.0,56.0,40.0,,tomato_salad,2,1.0,30.0
3077,0,1,,0,2,None_cut,4.0,3,0,3,tomato_cut,3.9583333333333277,3,2,2,,2,3,tomato,2,4,tomato,2,5,plate,4,0,tomato,5,0,tomato,6,0,plate,6,3,,6,4,,7,1,plate,7,3,,7,4,,4,24.0,40.0,,,2,1.0,30.0,56.0,40.0,,tomato_salad,2,1.0,30.0
3078,0,1,,0,2,None_cut,4.0,3,0,3,tomato_cut,3.9583333333333277,3,2,2,,2,3,tomato,2,4,tomato,2,5,plate,4,0,tomato,5,0,tomato,6,0,plate,6,3,,6,4,,7,1,plate,7,3,,7,4,,4,24.0,41.250000000000284,,,2,1.0,30.0,56.0,40.0,,tomato_salad,2,1.0,30.0
3079,0,1,,0,2,None_cut,4.0,3,0,3,tomato_cut,3.9583333333333277,3,2,2,,2,3,tomato,2,4,tomato,2,5,plate,4,0,tomato,5,0,tomato,6,0,plate,6,3,,6,4,,7,1,plate,7,3,,7,4,,4,24.0,42.50000000000057,,,2,1.0,30.0,56.0,40.0,,tomato_salad,2,1.0,30.0
3080,0,1,,0,2,None_cut,4.0,3,0,3,tomato_cut,3.9583333333333277,3,2,2,,2,3,tomato,2,4,tomato,2,5,plate,4,0,tomato,5,0,tomato,6,0,plate,6,3,,6,4,,7,1,plate,7,3,,7,4,,4,24.0,43.75000000000085,,,2,1.0,30.0,56.0,40.0,,tomato_salad,2,1.0,30.0
3081,0,1,,0,2,None_cut,4.0,3,0,3,tomato_cut,3.9583333333333277,3,2,2,,2,3,tomato,2,4,tomato,2,5,plate,4,0,tomato,5,0,tomato,6,0,plate,6,3,,6,4,,7,1,plate,7,3,,7,4,,4,24.0,45.00000000000114,,,2,1.0,30.0,56.0,40.0,,tomato_salad,2,1.0,30.0
3082,0,1,,0,2,None_cut,4.0,3,0,3,tomato_cut,3.9583333333333277,3,2,2,,2,3,tomato,2,4,tomato,2,5,plate,4,0,tomato,5,0,tomato,6,0,plate,6,3,,6,4,,7,1,plate,7,3,,7,4,,4,24.0,46.25000000000142,,,2,1.0,30.0,56.0,40.0,,tomato_salad,2,1.0,30.0
3083,0,1,,0,2,None_cut,4.0,3,0,3,tomato_cut,3.9583333333333277,3,2,2,,2,3,tomato,2,4,tomato,2,5,plate,4,0,tomato,5,0,tomato,6,0,plate,6,3,,6,4,,7,1,plate,7,3,,7,4,,4,24.0,47.500000000001705,,,2,1.0,30.0,56.0,40.0,,tomato_salad,2,1.0,30.0
3084,0,1,,0,2,None_cut,4.0,3,0,3,tomato_cut,3.9583333333333277,3,2,2,,2,3,tomato,2,4,tomato,2,5,plate,4,0,tomato,5,0,tomato,6,0,plate,6,3,,6,4,,7,1,plate,7,3,,7,4,,4,24.0,48.75000000000199,,,2,1.0,30.0,56.0,40.0,,tomato_salad,2,1.0,30.0
3085,0,1,,0,2,None_cut,4.0,3,0,3,tomato_cut,3.9583333333333277,3,2,2,,2,3,tomato,2,4,tomato,2,5,plate,4,0,tomato,5,0,tomato,6,0,plate,6,3,,6,4,,7,1,plate,7,3,,7,4,,4,24.0,50.000000000002274,,,2,1.0,30.0,56.0,40.0,,tomato_salad,2,1.0,30.0
3086,0,1,,0,2,None_cut,4.0,3,0,3,tomato_cut,3.9583333333333277,3,2,2,,2,3,tomato,2,4,tomato,2,5,plate,4,0,tomato,5,0,tomato,6,0,plate,6,3,,6,4,,7,1,plate,7,3,,7,4,,4,24.0,51.25000000000256,,,2,1.0,30.0,56.0,40.0,,tomato_salad,2,1.0,30.0
3087,0,1,,0,2,None_cut,4.0,3,0,3,tomato_cut,3.9583333333333277,3,2,2,,2,3,tomato,2,4,tomato,2,5,plate,4,0,tomato,5,0,tomato,6,0,plate,6,3,,6,4,,7,1,plate,7,3,,7,4,,4,24.0,52.50000000000284,,,2,1.0,30.0,57.250000000000284,40.0,,tomato_salad,2,1.0,30.0
3088,0,1,,0,2,None_cut,4.0,3,0,3,tomato_cut,3.9583333333333277,3,2,2,,2,3,tomato,2,4,tomato,2,5,plate,4,0,tomato,5,0,tomato,6,0,plate,6,3,,6,4,,7,1,plate,7,3,,7,4,,4,24.0,53.750000000003126,,,2,1.0,30.0,58.50000000000057,40.0,,tomato_salad,2,1.0,30.0
3089,0,1,,0,2,None_cut,4.0,3,0,3,tomato_cut,3.9583333333333277,3,2,2,,2,3,tomato,2,4,tomato,2,5,plate,4,0,tomato,5,0,tomato,6,0,plate,6,3,,6,4,,7,1,plate,7,3,,7,4,,4,24.0,55.00000000000341,,,2,1.0,30.0,59.75000000000085,40.0,,tomato_salad,2,1.0,30.0
3090,0,1,,0,2,None_cut,4.0,3,0,3,tomato_cut,3.9583333333333277,3,2,2,,2,3,tomato,2,4,tomato,2,5,plate,4,0,tomato,5,0,tomato,6,0,plate,6,3,,6,4,,7,1,plate,7,3,,7,4,,4,24.0,56.0,,,2,1.0,30.0,61.00000000000114,40.0,,tomato_salad,2,1.0,30.0
3091,0,1,,0,2,None_cut,4.0,3,0,3,None_cut,3.9583333333333277,3,2,2,,2,3,tomato,2,4,tomato,2,5,plate,4,0,tomato,5,0,tomato,6,0,plate,6,3,,6,4,,7,1,plate,7,3,,7,4,,4,24.0,56.0,,tomato_cut,2,1.0,30.0,62.25000000000142,40.0,,tomato_salad,2,1.0,30.0
3092,0,1,,0,2,None_cut,4.0,3,0,3,None_cut,3.9583333333333277,3,2,2,,2,3,tomato,2,4,tomato,2,5,plate,4,0,tomato,5,0,tomato,6,0,plate,6,3,,6,4,,7,1,plate,7,3,,7,4,,4,24.0,56.0,,tomato_cut,2,1.0,30.0,63.500000000001705,40.0,,tomato_salad,2,1.0,30.0
3093,0,1,,0,2,None_cut,4.0,3,0,3,None_cut,3.9583333333333277,3,2,2,,2,3,tomato,2,4,tomato,2,5,plate,4,0,tomato,5,0,tomato,6,0,plate,6,3,,6,4,,7,1,plate,7,3,,7,4,,4,24.0,56.0,,tomato_cut,2,1.0,30.0,64.75000000000199,40.0,,tomato_salad,2,1.0,30.0
3094,0,1,,0,2,None_cut,4.0,3,0,3,None_cut,3.9583333333333277,3,2,2,,2,3,tomato,2,4,tomato,2,5,plate,4,0,tomato,5,0,tomato,6,0,plate,6,3,,6,4,,7,1,plate,7,3,,7,4,,4,24.0,56.0,,tomato_cut,2,1.0,30.0,66.00000000000227,40.0,,tomato_salad,2,1.0,30.0
3095,0,1,,0,2,None_cut,4.0,3,0,3,None_cut,3.9583333333333277,3,2,2,,2,3,tomato,2,4,tomato,2,5,plate,4,0,tomato,5,0,tomato,6,0,plate,6,3,,6,4,,7,1,plate,7,3,,7,4,,4,24.0,56.0,,tomato_cut,2,1.0,30.0,67.25000000000256,40.0,,tomato_salad,2,1.0,30.0
3096,0,1,,0,2,None_cut,4.0,3,0,3,None_cut,3.9583333333333277,3,2,2,,2,3,tomato,2,4,tomato,2,5,plate,4,0,tomato,5,0,tomato,6,0,plate,6,3,,6,4,,7,1,plate,7,3,,7,4,,4,24.0,56.0,,tomato_cut,2,1.0,30.0,68.50000000000284,40.0,,tomato_salad,2,1.0,30.0
3097,0,1,,0,2,None_cut,4.0,3,0,3,None_cut,3.9583333333333277,3,2,2,,2,3,tomato,2,4,tomato,2,5,plate,4,0,tomato,5,0,tomato,6,0,plate,6,3,,6,4,,7,1,plate,7,3,,7,4,,4,24.0,56.0,,tomato_cut,2,1.0,30.0,69.75000000000313,40.0,,tomato_salad,2,1.0,30.0
3098,0,1,,0,2,None_cut,4.0,3,0,3,None_cut,3.9583333333333277,3,2,2,,2,3,tomato,2,4,tomato,2,5,plate,4,0,tomato,5,0,tomato,6,0,plate,6,3,,6,4,,7,1,plate,7,3,,7,4,,4,24.0,56.0,,tomato_cut,2,1.0,30.0,71.00000000000341,40.0,,tomato_salad,2,1.0,30.0
3099,0,1,,0,2,None_cut,4.0,3,0,3,None_cut,3.9583333333333277,3,2,2,,2,3,tomato,2,4,tomato,2,5,plate,4,0,tomato,5,0,tomato,6,0,plate,6,3,,6,4,,7,1,plate,7,3,,7,4,,4,24.0,56.0,,tomato_cut,2,1.0,30.0,72.12016826116314,40.31621556657754,,tomato_salad,2,1.0,30.0
3100,0,1,,0,2,None_cut,4.0,3,0,3,None_cut,3.9583333333333277,3,2,2,,2,3,tomato,2,4,tomato,2,5,plate,4,0,tomato,5,0,tomato,6,0,plate,6,3,,6,4,,7,1,plate,7,3,,7,4,,4,24.0,56.0,,tomato_cut,2,1.0,30.0,73.0095245421619,41.19459214040404,,tomato_salad,2,1.0,30.0
3101,0,1,,0,2,None_cut,4.0,3,0,3,None_cut,3.9583333333333277,3,2,2,,2,3,tomato,2,4,tomato,2,5,plate,4,0,tomato,5,0,tomato,6,0,plate,6,3,,6,4,,7,1,plate,7,3,,7,4,,4,24.0,56.0,,tomato_cut,2,1.0,30.0,73.89888082316065,42.07296871423054,,tomato_salad,2,1.0,30.0
3102,0,1,,0,2,None_cut,4.0,3,0,3,None_cut,3.9583333333333277,3,2,2,,2,3,tomato,2,4,tomato,2,5,plate,4,0,tomato,5,0,tomato,6,0,plate,6,3,,6,4,,7,1,plate,7,3,,7,4,,4,24.0,56.0,,tomato_cut,2,1.0,30.0,74.7882371041594,42.95134528805704,,tomato_salad,2,1.0,30.0
3103,0,1,,0,2,None_cut,4.0,3,0,3,None_cut,3.9583333333333277,3,2,2,,2,3,tomato,2,4,tomato,2,5,plate,4,0,tomato,5,0,tomato,6,0,plate,6,3,,6,4,,7,1,plate,7,3,,7,4,,4,24.0,56.0,,tomato_cut,2,1.0,30.0,75.67759338515816,43.82972186188354,,tomato_salad,2,1.0,30.0
3104,0,1,,0,2,None_cut,4.0,3,0,3,None_cut,3.9583333333333277,3,2,2,,2,3,tomato,2,4,tomato,2,5,plate,4,0,tomato,5,0,tomato,6,0,plate,6,3,,6,4,,7,1,plate,7,3,,7,4,,4,24.0,56.0,,tomato_cut,2,1.0,30.0,76.56694966615692,44.70809843571004,,tomato_salad,2,1.0,30.0
3105,0,1,,0,2,None_cut,4.0,3,0,3,None_cut,3.9583333333333277,3,2,2,,2,3,tomato,2,4,tomato,2,5,plate,4,0,tomato,5,0,tomato,6,0,plate,6,3,,6,4,,7,1,plate,7,3,,7,4,,4,24.0,56.0,,tomato_cut,2,1.0,30.0,77.45630594715567,45.58647500953654,,tomato_salad,2,1.0,30.0
3106,0,1,,0,2,None_cut,4.0,3,0,3,None_cut,3.9583333333333277,3,2,2,,2,3,tomato,2,4,tomato,2,5,plate,4,0,tomato,5,0,tomato,6,0,plate,6,3,,6,4,,7,1,plate,7,3,,7,4,,4,24.0,56.0,,tomato_cut,2,1.0,30.0,78.34566222815442,46.46485158336304,,tomato_salad,2,1.0,30.0
3107,0,1,,0,2,None_cut,4.0,3,0,3,None_cut,3.9583333333333277,3,2,2,,2,3,tomato,2,4,tomato,2,5,plate,4,0,tomato,5,0,tomato,6,0,plate,6,3,,6,4,,7,1,plate,7,3,,7,4,,4,24.0,56.0,,tomato_cut,2,1.0,30.0,79.23501850915318,47.34322815718954,,tomato_salad,2,1.0,30.0
3108,0,1,,0,2,None_cut,4.0,3,0,3,None_cut,3.9583333333333277,3,2,2,,2,3,tomato,2,4,tomato,2,5,plate,4,0,tomato,5,0,tomato,6,0,plate,6,3,,6,4,,7,1,plate,7,3,,7,4,,4,24.0,56.0,,tomato_cut,2,1.0,30.0,80.12437479015193,48.22160473101604,,tomato_salad,2,1.0,30.0
3109,0,1,,0,2,None_cut,4.0,3,0,3,None_cut,3.9583333333333277,3,2,2,,2,3,tomato,2,4,tomato,2,5,plate,4,0,tomato,5,0,tomato,6,0,plate,6,3,,6,4,,7,1,plate,7,3,,7,4,,4,24.0,56.0,,tomato_cut,2,1.0,30.0,81.01373107115069,49.099981304842544,,tomato_salad,2,1.0,30.0
3110,0,1,,0,2,None_cut,4.0,3,0,3,None_cut,3.9583333333333277,3,2,2,,2,3,tomato,2,4,tomato,2,5,plate,4,0,tomato,5,0,tomato,6,0,plate,6,3,,6,4,,7,1,plate,7,3,,7,4,,4,24.0,57.250000000000284,,tomato_cut,2,1.0,30.0,81.90308735214998,49.978357878669044,,tomato_salad,2,1.0,30.0
3111,0,1,,0,2,None_cut,4.0,3,0,3,None_cut,3.9583333333333277,3,2,2,,2,3,tomato,2,4,tomato,2,5,plate,4,0,tomato,5,0,tomato,6,0,plate,6,3,,6,4,,7,1,plate,7,3,,7,4,,4,24.0,58.50000000000057,,tomato_cut,2,1.0,30.0,82.79244363314967,50.856734452495544,,tomato_salad,2,1.0,30.0
3112,0,1,,0,2,None_cut,4.0,3,0,3,None_cut,3.9583333333333277,3,2,2,,2,3,tomato,2,4,tomato,2,5,plate,4,0,tomato,5,0,tomato,6,0,plate,6,3,,6,4,,7,1,plate,7,3,,7,4,,4,24.0,59.75000000000085,,tomato_cut,2,1.0,30.0,83.68179991414935,51.735111026322045,,tomato_salad,2,1.0,30.0
3113,0,1,,0,2,None_cut,4.0,3,0,3,None_cut,3.9583333333333277,3,2,2,,2,3,tomato,2,4,tomato,2,5,plate,4,0,tomato,5,0,tomato,6,0,plate,6,3,,6,4,,7,1,plate,7,3,,7,4,,4,24.0,61.00000000000114,,tomato_cut,2,1.0,30.0,84.57115619514904,52.613487600148545,,tomato_salad,2,1.0,30.0
3114,0,1,,0,2,None_cut,4.0,3,0,3,None_cut,3.9583333333333277,3,2,2,,2,3,tomato,2,4,tomato,2,5,plate,4,0,tomato,5,0,tomato,6,0,plate,6,3,,6,4,,7,1,plate,7,3,,7,4,,4,24.0,62.25000000000142,,tomato_cut,2,1.0,30.0,85.46051247614872,53.491864173975046,,tomato_salad,2,1.0,30.0
3115,0,1,,0,2,None_cut,4.0,3,0,3,None_cut,3.9583333333333277,3,2,2,,2,3,tomato,2,4,tomato,2,5,plate,4,0,tomato,5,0,tomato,6,0,plate,6,3,,6,4,,7,1,plate,7,3,,7,4,,4,24.0,63.500000000001705,,tomato_cut,2,1.0,30.0,86.34986875714841,54.370240747801546,,tomato_salad,2,1.0,30.0
3116,0,1,,0,2,None_cut,4.0,3,0,3,None_cut,3.9583333333333277,3,2,2,,2,3,tomato,2,4,tomato,2,5,plate,4,0,tomato,5,0,tomato,6,0,plate,6,3,,6,4,,7,1,plate,7,3,,7,4,,4,24.0,64.75000000000199,,tomato_cut,2,1.0,30.0,87.23922503814809,55.248617321628046,,tomato_salad,2,1.0,30.0
3117,0,1,,0,2,None_cut,4.0,3,0,3,None_cut,3.9583333333333277,3,2,2,,2,3,tomato,2,4,tomato,2,5,plate,4,0,tomato,5,0,tomato,6,0,plate,6,3,,6,4,,7,1,plate,7,3,,7,4,,4,24.0,66.00000000000227,,tomato_cut,2,1.0,30.0,88.0,56.0,,tomato_salad,2,1.0,30.0
3118,0,1,,0,2,None_cut,4.0,3,0,3,None_cut,3.9583333333333277,3,2,2,,2,3,tomato,2,4,tomato,2,5,plate,4,0,tomato,5,0,tomato,6,0,plate,6,3,,6,4,,7,1,plate,7,3,,7,4,,5,24.0,67.25000000000256,,tomato_cut,2,1.0,30.0,88.0,56.0,,,3,1.0,30.0
3119,0,1,,0,2,None_cut,4.0,3,0,3,None_cut,3.9583333333333277,3,2,2,,2,3,tomato,2,4,tomato,2,5,plate,4,0,tomato,5,0,tomato,6,0,plate,6,3,,6,4,,7,1,plate,7,3,,7,4,,5,24.0,68.50000000000284,,tomato_cut,2,1.0,30.0,88.0,56.0,,,3,1.0,30.0
3120,0,1,,0,2,None_cut,4.0,3,0,3,None_cut,3.9583333333333277,3,2,2,,2,3,tomato,2,4,tomato,2,5,plate,4,0,tomato,5,0,tomato,6,0,plate,6,3,,6,4,,7,1,plate,7,3,,7,4,,5,24.0,69.75000000000313,,tomato_cut,2,1.0,30.0,88.0,56.0,,,3,1.0,30.0
3121,0,1,,0,2,None_cut,4.0,3,0,3,None_cut,3.9583333333333277,3,2,2,,2,3,tomato,2,4,tomato,2,5,plate,4,0,tomato,5,0,tomato,6,0,plate,6,3,,6,4,,7,1,plate,7,3,,7,4,,5,24.0,71.00000000000341,,tomato_cut,2,1.0,30.0,88.0,56.0,,,3,1.0,30.0
3122,0,1,,0,2,None_cut,4.0,3,0,3,None_cut,3.9583333333333277,3,2,2,,2,3,tomato,2,4,tomato,2,5,plate,4,0,tomato,5,0,tomato,6,0,plate,6,3,,6,4,,7,1,plate,7,3,,7,4,,5,24.0,72.2500000000037,,tomato_cut,2,1.0,30.0,88.0,56.0,,,3,1.0,30.0
3123,0,1,,0,2,None_cut,4.0,3,0,3,None_cut,3.9583333333333277,3,2,2,,2,3,tomato,2,4,tomato,2,5,plate,4,0,tomato,5,0,tomato,6,0,plate,6,3,,6,4,,7,1,plate,7,3,,7,4,,5,24.0,73.50000000000398,,tomato_cut,2,1.0,30.0,88.0,56.0,,,3,1.0,30.0
3124,0,1,,0,2,None_cut,4.0,3,0,3,None_cut,3.9583333333333277,3,2,2,,2,3,tomato,2,4,tomato,2,5,plate,4,0,tomato,5,0,tomato,6,0,plate,6,3,,6,4,,7,1,plate,7,3,,7,4,,5,24.0,74.75000000000426,,tomato_cut,2,1.0,30.0,88.0,56.0,,,3,1.0,30.0
3125,0,1,,0,2,None_cut,4.0,3,0,3,None_cut,3.9583333333333277,3,2,2,,2,3,tomato,2,4,tomato,2,5,plate,4,0,tomato,5,0,tomato,6,0,plate,6,3,,6,4,,7,1,plate,7,3,,7,4,,5,24.0,76.00000000000455,,tomato_cut,2,1.0,30.0,88.0,56.0,,,3,1.0,30.0
3126,0,1,,0,2,None_cut,4.0,3,0,3,None_cut,3.9583333333333277,3,2,2,,2,3,tomato,2,4,tomato,2,5,plate,4,0,tomato,5,0,tomato,6,0,plate,6,3,,6,4,,7,1,plate,7,3,,7,4,,5,24.0,77.25000000000483,,tomato_cut,2,1.0,30.0,88.0,54.749999999999716,,,3,1.0,30.0
3127,0,1,,0,2,None_cut,4.0,3,0,3,None_cut,3.9583333333333277,3,2,2,,2,3,tomato,2,4,tomato,2,5,plate,4,0,tomato,5,0,tomato,6,0,plate,6,3,,6,4,,7,1,plate,7,3,,7,4,,5,24.0,78.50000000000512,,tomato_cut,2,1.0,30.0,88.0,53.49999999999943,,,3,1.0,30.0
3128,0,1,,0,2,None_cut,4.0,3,0,3,None_cut,3.9583333333333277,3,2,2,,2,3,tomato,2,4,tomato,2,5,plate,4,0,tomato,5,0,tomato,6,0,plate,6,3,,6,4,,7,1,plate,7,3,,7,4,,5,24.0,79.7500000000054,,tomato_cut,2,1.0,30.0,88.0,52.24999999999915,,,3,1.0,30.0
3129,0,1,,0,2,None_cut,4.0,3,0,3,None_cut,3.9583333333333277,3,2,2,,2,3,tomato,2,4,tomato,2,5,plate,4,0,tomato,5,0,tomato,6,0,plate,6,3,,6,4,,7,1,plate,7,3,,7,4,,5,24.0,81.00000000000568,,tomato_cut,2,1.0,30.0,88.0,50.99999999999886,,,3,1.0,30.0
3130,0,1,,0,2,None_cut,4.0,3,0,3,None_cut,3.9583333333333277,3,2,2,,2,3,tomato,2,4,tomato,2,5,plate,4,0,tomato,5,0,tomato,6,0,plate,6,3,,6,4,,7,1,plate,7,3,,7,4,,5,24.0,82.25000000000597,,tomato_cut,2,1.0,30.0,88.0,49.74999999999858,,,3,1.0,30.0
3131,0,1,,0,2,None_cut,4.0,3,0,3,None_cut,3.9583333333333277,3,2,2,,2,3,tomato,2,4,tomato,2,5,plate,4,0,tomato,5,0,tomato,6,0,plate,6,3,,6,4,,7,1,plate,7,3,,7,4,,5,24.0,83.50000000000625,,tomato_cut,2,1.0,30.0,88.0,48.499999999998295,,,3,1.0,30.0
3132,0,1,,0,2,None_cut,4.0,3,0,3,None_cut,3.9583333333333277,3,2,2,,2,3,tomato,2,4,tomato,2,5,plate,4,0,tomato,5,0,tomato,6,0,plate,6,3,,6,4,,7,1,plate,7,3,,7,4,,5,24.0,84.75000000000654,,tomato_cut,2,1.0,30.0,88.0,47.24999999999801,,,3,1.0,30.0
3133,0,1,,0,2,None_cut,4.0,3,0,3,None_cut,3.9583333333333277,3,2,2,,2,3,tomato,2,4,tomato,2,5,plate,4,0,tomato,5,0,tomato,6,0,plate,6,3,,6,4,,7,1,plate,7,3,,7,4,,5,24.0,86.00000000000682,,tomato_cut,2,1.0,30.0,88.70863086928625,46.22027076806651,,,3,1.0,30.0
3134,0,1,,0,2,None_cut,4.0,3,0,3,None_cut,3.9583333333333277,3,2,2,,2,3,tomato,2,4,tomato,2,5,plate,4,0,tomato,5,0,tomato,6,0,plate,6,3,,6,4,,7,1,plate,7,3,,7,4,,5,24.0,87.2500000000071,,tomato_cut,2,1.0,30.0,89.4172617385725,45.190541536135015,,,3,1.0,30.0
3135,0,1,,0,2,None_cut,4.0,3,0,3,None_cut,3.9583333333333277,3,2,2,,2,3,tomato,2,4,tomato,2,5,plate,4,0,tomato,5,0,tomato,6,0,plate,6,3,,6,4,,7,1,plate,7,3,,7,4,,5,24.0,88.0,,tomato_cut,2,1.0,30.0,90.12589260785876,44.16081230420352,,,3,1.0,30.0
3136,0,1,,0,2,None_cut,4.0,3,0,3,None_cut,3.9583333333333277,3,2,2,,2,3,tomato,2,4,tomato,2,5,tomato_salad,4,0,tomato,5,0,tomato,6,0,plate,6,3,,6,4,,7,1,plate,7,3,,7,4,,5,24.0,88.0,,,2,1.0,30.0,90.83452347714501,43.13108307227202,,,3,1.0,30.0
3137,0,1,,0,2,None_cut,4.0,3,0,3,None_cut,3.9583333333333277,3,2,2,,2,3,tomato,2,4,tomato,2,5,tomato_salad,4,0,tomato,5,0,tomato,6,0,plate,6,3,,6,4,,7,1,plate,7,3,,7,4,,5,24.0,88.0,,,2,1.0,30.0,91.54315434643127,42.10135384034052,,,3,1.0,30.0
3138,0,1,,0,2,None_cut,4.0,3,0,3,None_cut,3.9583333333333277,3,2,2,,2,3,tomato,2,4,tomato,2,5,tomato_salad,4,0,tomato,5,0,tomato,6,0,plate,6,3,,6,4,,7,1,plate,7,3,,7,4,,5,24.0,88.0,,,2,1.0,30.0,92.25178521571752,41.071624608409024,,,3,1.0,30.0
3139,0,1,,0,2,None_cut,4.0,3,0,3,None_cut,3.9583333333333277,3,2,2,,2,3,tomato,2,4,tomato,2,5,tomato_salad,4,0,tomato,5,0,tomato,6,0,plate,6,3,,6,4,,7,1,plate,7,3,,7,4,,5,24.0,88.0,,,2,1.0,30.0,92.96041608500377,40.04189537647753,,,3,1.0,30.0
3140,0,1,,0,2,None_cut,4.0,3,0,3,None_cut,3.9583333333333277,3,2,2,,2,3,tomato,2,4,tomato,2,5,tomato_salad,4,0,tomato,5,0,tomato,6,0,plate,6,3,,6,4,,7,1,plate,7,3,,7,4,,5,24.0,88.0,,,2,1.0,30.0,93.66904695429002,39.01216614454603,,,3,1.0,30.0
3141,0,1,,0,2,None_cut,4.0,3,0,3,None_cut,3.9583333333333277,3,2,2,,2,3,tomato,2,4,tomato,2,5,tomato_salad,4,0,tomato,5,0,tomato,6,0,plate,6,3,,6,4,,7,1,plate,7,3,,7,4,,5,24.0,88.0,,,2,1.0,30.0,94.37767782357628,37.98243691261453,,,3,1.0,30.0
3142,0,1,,0,2,None_cut,4.0,3,0,3,None_cut,3.9583333333333277,3,2,2,,2,3,tomato,2,4,tomato,2,5,tomato_salad,4,0,tomato,5,0,tomato,6,0,plate,6,3,,6,4,,7,1,plate,7,3,,7,4,,5,24.0,88.0,,,2,1.0,30.0,95.08630869286253,36.952707680683034,,,3,1.0,30.0
3143,0,1,,0,2,None_cut,4.0,3,0,3,None_cut,3.9583333333333277,3,2,2,,2,3,tomato,2,4,tomato,2,5,tomato_salad,4,0,tomato,5,0,tomato,6,0,plate,6,3,,6,4,,7,1,plate,7,3,,7,4,,5,24.0,88.0,,,2,1.0,30.0,95.79493956214878,35.922978448751536,,,3,1.0,30.0
3144,0,1,,0,2,None_cut,4.0,3,0,3,None_cut,3.9583333333333277,3,2,2,,2,3,tomato,2,4,tomato,2,5,tomato_salad,4,0,tomato,5,0,tomato,6,0,plate,6,3,,6,4,,7,1,plate,7,3,,7,4,,5,24.0,88.0,,,2,1.0,30.0,96.50357043143504,34.89324921682004,,,3,1.0,30.0
3145,0,1,,0,2,None_cut,4.0,3,0,3,None_cut,3.9583333333333277,3,2,2,,2,3,tomato,2,4,tomato,2,5,tomato_salad,4,0,tomato,5,0,tomato,6,0,plate,6,3,,6,4,,7,1,plate,7,3,,7,4,,5,24.0,88.0,,,2,1.0,30.0,97.21220130072129,33.86351998488854,,,3,1.0,30.0
3146,0,1,,0,2,None_cut,4.0,3,0,3,None_cut,3.9583333333333277,3,2,2,,2,3,tomato,2,4,tomato,2,5,tomato_salad,4,0,tomato,5,0,tomato,6,0,plate,6,3,,6,4,,7,1,plate,7,3,,7,4,,5,24.0,88.0,,,2,1.0,30.0,97.92083217000754,32.83379075295704,,,3,1.0,30.0
3147,0,1,,0,2,None_cut,4.0,3,0,3,None_cut,3.9583333333333277,3,2,2,,2,3,tomato,2,4,tomato,2,5,tomato_salad,4,0,tomato,5,0,tomato,6,0,plate,6,3,,6,4,,7,1,plate,7,3,,7,4,,5,24.0,88.0,,,2,1.0,30.0,98.6294630392938,31.804061521025545,,,3,1.0,30.0
3148,0,1,,0,2,None_cut,4.0,3,0,3,None_cut,3.9583333333333277,3,2,2,,2,3,tomato,2,4,tomato,2,5,tomato_salad,4,0,tomato,5,0,tomato,6,0,plate,6,3,,6,4,,7,1,plate,7,3,,7,4,,5,24.0,88.0,,,2,1.0,30.0,99.33809390858005,30.774332289094048,,,3,1.0,30.0
3149,0,1,,0,2,None_cut,4.0,3,0,3,None_cut,3.9583333333333277,3,2,2,,2,3,tomato,2,4,tomato,2,5,tomato_salad,4,0,tomato,5,0,tomato,6,0,plate,6,3,,6,4,,7,1,plate,7,3,,7,4,,5,24.0,88.0,,,2,1.0,30.0,100.0467247778663,29.74460305716255,,,3,1.0,30.0
3150,0,1,,0,2,None_cut,4.0,3,0,3,None_cut,3.9583333333333277,3,2,2,,2,3,tomato,2,4,tomato,2,5,tomato_salad,4,0,tomato,5,0,tomato,6,0,plate,6,3,,6,4,,7,1,plate,7,3,,7,4,,5,24.0,88.0,,,2,1.0,30.0,100.75535564715256,28.714873825231052,,,3,1.0,30.0
3151,0,1,,0,2,None_cut,4.0,3,0,3,None_cut,3.9583333333333277,3,2,2,,2,3,tomato,2,4,tomato,2,5,tomato_salad,4,0,tomato,5,0,tomato,6,0,plate,6,3,,6,4,,7,1,plate,7,3,,7,4,,5,24.0,88.0,,,2,1.0,30.0,101.46398651643881,27.685144593299555,,,3,1.0,30.0
3152,0,1,,0,2,None_cut,4.0,3,0,3,None_cut,3.9583333333333277,3,2,2,,2,3,tomato,2,4,tomato,2,5,tomato_salad,4,0,tomato,5,0,tomato,6,0,plate,6,3,,6,4,,7,1,plate,7,3,,7,4,,5,24.0,88.0,,,2,1.0,30.0,102.17261738572506,26.655415361368057,,,3,1.0,30.0
3153,0,1,,0,2,None_cut,4.0,3,0,3,None_cut,3.9583333333333277,3,2,2,,2,3,tomato,2,4,tomato,2,5,tomato_salad,4,0,tomato,5,0,tomato,6,0,plate,6,3,,6,4,,7,1,plate,7,3,,7,4,,5,24.0,88.0,,,2,1.0,30.0,102.88124825501131,25.62568612943656,,,3,1.0,30.0
3154,0,1,,0,2,None_cut,4.0,3,0,3,None_cut,3.9583333333333277,3,2,2,,2,3,tomato,2,4,tomato,2,5,tomato_salad,4,0,tomato,5,0,tomato,6,0,plate,6,3,,6,4,,7,1,plate,7,3,,7,4,,5,24.0,88.0,,,2,1.0,30.0,103.58987912429757,24.59595689750506,,,3,1.0,30.0
3155,0,1,,0,2,None_cut,4.0,3,0,3,None_cut,3.9583333333333277,3,2,2,,2,3,tomato,2,4,tomato,2,5,tomato_salad,4,0,tomato,5,0,tomato,6,0,plate,6,3,,6,4,,7,1,plate,7,3,,7,4,,5,24.0,88.0,,,2,1.0,30.0,104.0,24.0,,,3,1.0,30.0
3156,0,1,,0,2,None_cut,4.0,3,0,3,None_cut,3.9583333333333277,3,2,2,,2,3,tomato,2,4,tomato,2,5,tomato_salad,4,0,tomato,5,0,tomato,6,0,plate,6,3,,6,4,,7,1,plate,7,3,,7,4,,5,24.0,88.0,,,2,1.0,30.0,104.0,24.0,,plate,3,1.0,30.0
3157,0,1,,0,2,None_cut,4.0,3,0,3,None_cut,3.9583333333333277,3,2,2,,2,3,tomato,2,4,tomato,2,5,tomato_salad,4,0,tomato,5,0,tomato,6,0,plate,6,3,,6,4,,7,1,plate,7,3,,7,4,,5,24.0,88.0,,,2,1.0,30.0,104.0,24.0,,plate,3,1.0,30.0
3158,0,1,,0,2,None_cut,4.0,3,0,3,None_cut,3.9583333333333277,3,2,2,,2,3,tomato,2,4,tomato,2,5,tomato_salad,4,0,tomato,5,0,tomato,6,0,plate,6,3,,6,4,,7,1,plate,7,3,,7,4,,5,24.0,88.0,,,2,1.0,30.0,104.0,24.0,,plate,3,1.0,30.0
3159,0,1,,0,2,None_cut,4.0,3,0,3,None_cut,3.9583333333333277,3,2,2,,2,3,tomato,2,4,tomato,2,5,tomato_salad,4,0,tomato,5,0,tomato,6,0,plate,6,3,,6,4,,7,1,plate,7,3,,7,4,,5,24.0,88.0,,,2,1.0,30.0,104.0,24.0,,plate,3,1.0,30.0
3160,0,1,,0,2,None_cut,4.0,3,0,3,None_cut,3.9583333333333277,3,2,2,,2,3,tomato,2,4,tomato,2,5,tomato_salad,4,0,tomato,5,0,tomato,6,0,plate,6,3,,6,4,,7,1,plate,7,3,,7,4,,5,24.0,88.0,,,2,1.0,30.0,104.0,24.0,,plate,3,1.0,30.0
3161,0,1,,0,2,None_cut,4.0,3,0,3,None_cut,3.9583333333333277,3,2,2,,2,3,tomato,2,4,tomato,2,5,tomato_salad,4,0,tomato,5,0,tomato,6,0,plate,6,3,,6,4,,7,1,plate,7,3,,7,4,,5,24.0,88.0,,,2,1.0,30.0,104.0,24.0,,plate,3,1.0,30.0
3162,0,1,,0,2,None_cut,4.0,3,0,3,None_cut,3.9583333333333277,3,2,2,,2,3,tomato,2,4,tomato,2,5,tomato_salad,4,0,tomato,5,0,tomato,6,0,plate,6,3,,6,4,,7,1,plate,7,3,,7,4,,5,24.0,88.0,,,2,1.0,30.0,104.0,24.0,,plate,3,1.0,30.0
3163,0,1,,0,2,None_cut,4.0,3,0,3,None_cut,3.9583333333333277,3,2,2,,2,3,tomato,2,4,tomato,2,5,tomato_salad,4,0,tomato,5,0,tomato,6,0,plate,6,3,,6,4,,7,1,plate,7,3,,7,4,,5,24.0,88.0,,,2,1.0,30.0,104.0,24.0,,plate,3,1.0,30.0
3164,0,1,,0,2,None_cut,4.0,3,0,3,None_cut,3.9583333333333277,3,2,2,,2,3,tomato,2,4,tomato,2,5,tomato_salad,4,0,tomato,5,0,tomato,6,0,plate,6,3,,6,4,,7,1,plate,7,3,,7,4,,5,24.0,88.0,,,2,1.0,30.0,104.0,24.0,,plate,3,1.0,30.0
3165,0,1,,0,2,None_cut,4.0,3,0,3,None_cut,3.9583333333333277,3,2,2,,2,3,tomato,2,4,tomato,2,5,tomato_salad,4,0,tomato,5,0,tomato,6,0,plate,6,3,,6,4,,7,1,plate,7,3,,7,4,,5,24.0,88.0,,,2,1.0,30.0,104.0,24.0,,plate,3,1.0,30.0
3166,0,1,,0,2,None_cut,4.0,3,0,3,None_cut,3.9583333333333277,3,2,2,,2,3,tomato,2,4,tomato,2,5,tomato_salad,4,0,tomato,5,0,tomato,6,0,plate,6,3,,6,4,,7,1,plate,7,3,,7,4,,5,24.0,88.0,,,2,1.0,30.0,102.74999999999972,24.0,,plate,3,1.0,30.0
3167,0,1,,0,2,None_cut,4.0,3,0,3,None_cut,3.9583333333333277,3,2,2,,2,3,tomato,2,4,tomato,2,5,tomato_salad,4,0,tomato,5,0,tomato,6,0,plate,6,3,,6,4,,7,1,plate,7,3,,7,4,,5,24.0,88.0,,,2,1.0,30.0,101.49999999999943,24.0,,plate,3,1.0,30.0
3168,0,1,,0,2,None_cut,4.0,3,0,3,None_cut,3.9583333333333277,3,2,2,,2,3,tomato,2,4,tomato,2,5,tomato_salad,4,0,tomato,5,0,tomato,6,0,plate,6,3,,6,4,,7,1,plate,7,3,,7,4,,5,24.0,88.0,,,2,1.0,30.0,100.24999999999915,24.0,,plate,3,1.0,30.0
3169,0,1,,0,2,None_cut,4.0,3,0,3,None_cut,3.9583333333333277,3,2,2,,2,3,tomato,2,4,tomato,2,5,tomato_salad,4,0,tomato,5,0,tomato,6,0,plate,6,3,,6,4,,7,1,plate,7,3,,7,4,,5,24.0,88.0,,,2,1.0,30.0,98.99999999999886,24.0,,plate,3,1.0,30.0
3170,0,1,,0,2,None_cut,4.0,3,0,3,None_cut,3.9583333333333277,3,2,2,,2,3,tomato,2,4,tomato,2,5,tomato_salad,4,0,tomato,5,0,tomato,6,0,plate,6,3,,6,4,,7,1,plate,7,3,,7,4,,5,24.0,88.0,,,2,1.0,30.0,97.74999999999858,24.0,,plate,3,1.0,30.0
3171,0,1,,0,2,None_cut,4.0,3,0,3,None_cut,3.9583333333333277,3,2,2,,2,3,tomato,2,4,tomato,2,5,tomato_salad,4,0,tomato,5,0,tomato,6,0,plate,6,3,,6,4,,7,1,plate,7,3,,7,4,,5,24.0,88.0,,,2,1.0,30.0,96.4999999999983,24.0,,plate,3,1.0,30.0
3172,0,1,,0,2,None_cut,4.0,3,0,3,None_cut,3.9583333333333277,3,2,2,,2,3,tomato,2,4,tomato,2,5,tomato_salad,4,0,tomato,5,0,tomato,6,0,plate,6,3,,6,4,,7,1,plate,7,3,,7,4,,5,24.0,88.0,,,2,1.0,30.0,95.24999999999801,24.0,,plate,3,1.0,30.0
3173,0,1,,0,2,None_cut,4.0,3,0,3,None_cut,3.9583333333333277,3,2,2,,2,3,tomato,2,4,tomato,2,5,tomato_salad,4,0,tomato,5,0,tomato,6,0,plate,6,3,,6,4,,7,1,plate,7,3,,7,4,,5,24.0,88.0,,,2,1.0,30.0,93.99999999999773,24.0,,plate,3,1.0,30.0
3174,0,1,,0,2,None_cut,4.0,3,0,3,None_cut,3.9583333333333277,3,2,2,,2,3,tomato,2,4,tomato,2,5,tomato_salad,4,0,tomato,5,0,tomato,6,0,plate,6,3,,6,4,,7,1,plate,7,3,,7,4,,5,24.0,88.0,,,2,1.0,30.0,92.74999999999744,24.0,,plate,3,1.0,30.0
3175,0,1,,0,2,None_cut,4.0,3,0,3,None_cut,3.9583333333333277,3,2,2,,2,3,tomato,2,4,tomato,2,5,tomato_salad,4,0,tomato,5,0,tomato,6,0,plate,6,3,,6,4,,7,1,plate,7,3,,7,4,,5,24.0,88.0,,,2,1.0,30.0,91.49999999999716,24.0,,plate,3,1.0,30.0
3176,0,1,,0,2,None_cut,4.0,3,0,3,None_cut,3.9583333333333277,3,2,2,,2,3,tomato,2,4,tomato,2,5,tomato_salad,4,0,tomato,5,0,tomato,6,0,plate,6,3,,6,4,,7,1,plate,7,3,,7,4,,5,24.0,88.0,,,2,1.0,30.0,90.24999999999687,24.0,,plate,3,1.0,30.0
3177,0,1,,0,2,None_cut,4.0,3,0,3,None_cut,3.9583333333333277,3,2,2,,2,3,tomato,2,4,tomato,2,5,tomato_salad,4,0,tomato,5,0,tomato,6,0,plate,6,3,,6,4,,7,1,plate,7,3,,7,4,,5,24.0,88.0,,,2,1.0,30.0,88.99999999999659,24.0,,plate,3,1.0,30.0
3178,0,1,,0,2,None_cut,4.0,3,0,3,None_cut,3.9583333333333277,3,2,2,,2,3,tomato,2,4,tomato,2,5,tomato_salad,4,0,tomato,5,0,tomato,6,0,plate,6,3,,6,4,,7,1,plate,7,3,,7,4,,5,24.0,88.0,,,2,1.0,30.0,87.7499999999963,24.0,,plate,3,1.0,30.0
3179,0,1,,0,2,None_cut,4.0,3,0,3,None_cut,3.9583333333333277,3,2,2,,2,3,tomato,2,4,tomato,2,5,tomato_salad,4,0,tomato,5,0,tomato,6,0,plate,6,3,,6,4,,7,1,plate,7,3,,7,4,,5,24.0,88.0,,,2,1.0,30.0,86.49999999999602,24.0,,plate,3,1.0,30.0
3180,0,1,,0,2,None_cut,4.0,3,0,3,None_cut,3.9583333333333277,3,2,2,,2,3,tomato,2,4,tomato,2,5,tomato_salad,4,0,tomato,5,0,tomato,6,0,plate,6,3,,6,4,,7,1,plate,7,3,,7,4,,5,24.0,88.0,,,2,1.0,30.0,85.24999999999574,24.0,,plate,3,1.0,30.0
3181,0,1,,0,2,None_cut,4.0,3,0,3,None_cut,3.9583333333333277,3,2,2,,2,3,tomato,2,4,tomato,2,5,tomato_salad,4,0,tomato,5,0,tomato,6,0,plate,6,3,,6,4,,7,1,plate,7,3,,7,4,,5,24.0,88.0,,,2,1.0,30.0,83.99999999999545,24.0,,plate,3,1.0,30.0
3182,0,1,,0,2,None_cut,4.0,3,0,3,None_cut,3.9583333333333277,3,2,2,,2,3,tomato,2,4,tomato,2,5,tomato_salad,4,0,tomato,5,0,tomato,6,0,plate,6,3,,6,4,,7,1,plate,7,3,,7,4,,5,24.0,88.0,,,2,1.0,30.0,82.74999999999517,24.0,,plate,3,1.0,30.0
3183,0,1,,0,2,None_cut,4.0,3,0,3,None_cut,3.9583333333333277,3,2,2,,2,3,tomato,2,4,tomato,2,5,tomato_salad,4,0,tomato,5,0,tomato,6,0,plate,6,3,,6,4,,7,1,plate,7,3,,7,4,,5,24.0,88.0,,,2,1.0,30.0,81.49999999999488,24.0,,plate,3,1.0,30.0
3184,0,1,,0,2,None_cut,4.0,3,0,3,None_cut,3.9583333333333277,3,2,2,,2,3,tomato,2,4,tomato,2,5,tomato_salad,4,0,tomato,5,0,tomato,6,0,plate,6,3,,6,4,,7,1,plate,7,3,,7,4,,5,24.0,88.0,,,2,1.0,30.0,80.2499999999946,24.0,,plate,3,1.0,30.0
3185,0,1,,0,2,None_cut,4.0,3,0,3,None_cut,3.9583333333333277,3,2,2,,2,3,tomato,2,4,tomato,2,5,tomato_salad,4,0,tomato,5,0,tomato,6,0,plate,6,3,,6,4,,7,1,plate,7,3,,7,4,,5,24.0,88.0,,,2,1.0,30.0,78.99999999999432,24.0,,plate,3,1.0,30.0
3186,0,1,,0,2,None_cut,4.0,3,0,3,None_cut,3.9583333333333277,3,2,2,,2,3,tomato,2,4,tomato,2,5,tomato_salad,4,0,tomato,5,0,tomato,6,0,plate,6,3,,6,4,,7,1,plate,7,3,,7,4,,5,24.0,88.0,,,2,1.0,30.0,77.74999999999403,24.0,,plate,3,1.0,30.0
3187,0,1,,0,2,None_cut,4.0,3,0,3,None_cut,3.9583333333333277,3,2,2,,2,3,tomato,2,4,tomato,2,5,tomato_salad,4,0,tomato,5,0,tomato,6,0,plate,6,3,,6,4,,7,1,plate,7,3,,7,4,,5,24.0,88.0,,,2,1.0,30.0,76.49999999999375,24.0,,plate,3,1.0,30.0
3188,0,1,,0,2,None_cut,4.0,3,0,3,None_cut,3.9583333333333277,3,2,2,,2,3,tomato,2,4,tomato,2,5,tomato_salad,4,0,tomato,5,0,tomato,6,0,plate,6,3,,6,4,,7,1,plate,7,3,,7,4,,5,24.0,88.0,,,2,1.0,30.0,75.24999999999346,24.0,,plate,3,1.0,30.0
3189,0,1,,0,2,None_cut,4.0,3,0,3,None_cut,3.9583333333333277,3,2,2,,2,3,tomato,2,4,tomato,2,5,tomato_salad,4,0,tomato,5,0,tomato,6,0,plate,6,3,,6,4,,7,1,plate,7,3,,7,4,,5,24.0,88.0,,,2,1.0,30.0,73.99999999999318,24.0,,plate,3,1.0,30.0
3190,0,1,,0,2,None_cut,4.0,3,0,3,None_cut,3.9583333333333277,3,2,2,,2,3,tomato,2,4,tomato,2,5,tomato_salad,4,0,tomato,5,0,tomato,6,0,plate,6,3,,6,4,,7,1,plate,7,3,,7,4,,5,24.0,88.0,,,2,1.0,30.0,72.7499999999929,24.0,,plate,3,1.0,30.0
3191,0,1,,0,2,None_cut,4.0,3,0,3,None_cut,3.9583333333333277,3,2,2,,2,3,tomato,2,4,tomato,2,5,tomato_salad,4,0,tomato,5,0,tomato,6,0,plate,6,3,,6,4,,7,1,plate,7,3,,7,4,,5,24.0,88.0,,,2,1.0,30.0,71.70196048263347,24.49189088134284,,plate,3,1.0,30.0
3192,0,1,,0,2,None_cut,4.0,3,0,3,None_cut,3.9583333333333277,3,2,2,,2,3,tomato,2,4,tomato,2,5,tomato_salad,4,0,tomato,5,0,tomato,6,0,plate,6,3,,6,4,,7,1,plate,7,3,,7,4,,5,24.0,88.0,,,2,1.0,30.0,70.81260420163471,25.37026745516934,,plate,3,1.0,30.0
3193,0,1,,0,2,None_cut,4.0,3,0,3,None_cut,3.9583333333333277,3,2,2,,2,3,tomato,2,4,tomato,2,5,tomato_salad,4,0,tomato,5,0,tomato,6,0,plate,6,3,,6,4,,7,1,plate,7,3,,7,4,,5,24.0,88.0,,,2,1.0,30.0,69.92324792063596,26.24864402899584,,plate,3,1.0,30.0
3194,0,1,,0,2,None_cut,4.0,3,0,3,None_cut,3.9583333333333277,3,2,2,,2,3,tomato,2,4,tomato,2,5,tomato_salad,4,0,tomato,5,0,tomato,6,0,plate,6,3,,6,4,,7,1,plate,7,3,,7,4,,5,24.0,88.0,,,2,1.0,30.0,69.0338916396372,27.12702060282234,,plate,3,1.0,30.0
3195,0,1,,0,2,None_cut,4.0,3,0,3,None_cut,3.9583333333333277,3,2,2,,2,3,tomato,2,4,tomato,2,5,tomato_salad,4,0,tomato,5,0,tomato,6,0,plate,6,3,,6,4,,7,1,plate,7,3,,7,4,,5,24.0,88.0,,,2,1.0,30.0,68.14453535863845,28.00539717664884,,plate,3,1.0,30.0
3196,0,1,,0,2,None_cut,4.0,3,0,3,None_cut,3.9583333333333277,3,2,2,,2,3,tomato,2,4,tomato,2,5,tomato_salad,4,0,tomato,5,0,tomato,6,0,plate,6,3,,6,4,,7,1,plate,7,3,,7,4,,5,24.0,88.0,,,2,1.0,30.0,67.2551790776397,28.883773750475342,,plate,3,1.0,30.0
3197,0,1,,0,2,None_cut,4.0,3,0,3,None_cut,3.9583333333333277,3,2,2,,2,3,tomato,2,4,tomato,2,5,tomato_salad,4,0,tomato,5,0,tomato,6,0,plate,6,3,,6,4,,7,1,plate,7,3,,7,4,,5,24.0,88.0,,,2,1.0,30.0,66.36582279664094,29.762150324301842,,plate,3,1.0,30.0
3198,0,1,,0,2,None_cut,4.0,3,0,3,None_cut,3.9583333333333277,3,2,2,,2,3,tomato,2,4,tomato,2,5,tomato_salad,4,0,tomato,5,0,tomato,6,0,plate,6,3,,6,4,,7,1,plate,7,3,,7,4,,5,24.0,88.0,,,2,1.0,30.0,65.47646651564219,30.640526898128343,,plate,3,1.0,30.0
3199,0,1,,0,2,None_cut,4.0,3,0,3,None_cut,3.9583333333333277,3,2,2,,2,3,tomato,2,4,tomato,2,5,tomato_salad,4,0,tomato,5,0,tomato,6,0,plate,6,3,,6,4,,7,1,plate,7,3,,7,4,,5,24.0,88.0,,,2,1.0,30.0,64.58711023464343,31.518903471954843,,plate,3,1.0,30.0
3200,0,1,,0,2,None_cut,4.0,3,0,3,None_cut,3.9583333333333277,3,2,2,,2,3,tomato,2,4,tomato,2,5,tomato_salad,4,0,tomato,5,0,tomato,6,0,plate,6,3,,6,4,,7,1,plate,7,3,,7,4,,5,24.0,88.0,,,2,1.0,30.0,63.69775395364444,32.39728004578134,,plate,3,1.0,30.0
3201,0,1,,0,2,None_cut,4.0,3,0,3,None_cut,3.9583333333333277,3,2,2,,2,3,tomato,2,4,tomato,2,5,,4,0,tomato,5,0,tomato,6,0,plate,6,3,,6,4,,7,1,plate,7,3,,7,4,,5,24.0,88.0,,tomato_salad,2,1.0,30.0,62.80839767264497,33.275656619607844,,plate,3,1.0,30.0
3202,0,1,,0,2,None_cut,4.0,3,0,3,None_cut,3.9583333333333277,3,2,2,,2,3,tomato,2,4,tomato,2,5,,4,0,tomato,5,0,tomato,6,0,plate,6,3,,6,4,,7,1,plate,7,3,,7,4,,5,24.0,88.0,,tomato_salad,2,1.0,30.0,61.91904139164551,34.154033193434344,,plate,3,1.0,30.0
3203,0,1,,0,2,None_cut,4.0,3,0,3,None_cut,3.9583333333333277,3,2,2,,2,3,tomato,2,4,tomato,2,5,,4,0,tomato,5,0,tomato,6,0,plate,6,3,,6,4,,7,1,plate,7,3,,7,4,,5,24.0,88.0,,tomato_salad,2,1.0,30.0,61.02968511064632,35.032409767260845,,plate,3,1.0,30.0
3204,0,1,,0,2,None_cut,4.0,3,0,3,None_cut,3.9583333333333277,3,2,2,,2,3,tomato,2,4,tomato,2,5,,4,0,tomato,5,0,tomato,6,0,plate,6,3,,6,4,,7,1,plate,7,3,,7,4,,5,24.0,88.0,,tomato_salad,2,1.0,30.0,60.14032882964735,35.910786341087345,,plate,3,1.0,30.0
3205,0,1,,0,2,None_cut,4.0,3,0,3,None_cut,3.9583333333333277,3,2,2,,2,3,tomato,2,4,tomato,2,5,,4,0,tomato,5,0,tomato,6,0,plate,6,3,,6,4,,7,1,plate,7,3,,7,4,,5,24.0,88.0,,tomato_salad,2,1.0,30.0,59.25097254864839,36.789162914913845,,plate,3,1.0,30.0
3206,0,1,,0,2,None_cut,4.0,3,0,3,None_cut,3.9583333333333277,3,2,2,,2,3,tomato,2,4,tomato,2,5,,4,0,tomato,5,0,tomato,6,0,plate,6,3,,6,4,,7,1,plate,7,3,,7,4,,5,24.0,88.0,,tomato_salad,2,1.0,30.0,58.361616267649424,37.667539488740346,,plate,3,1.0,30.0
3207,0,1,,0,2,None_cut,4.0,3,0,3,None_cut,3.9583333333333277,3,2,2,,2,3,tomato,2,4,tomato,2,5,,4,0,tomato,5,0,tomato,6,0,plate,6,3,,6,4,,7,1,plate,7,3,,7,4,,5,24.0,88.0,,tomato_salad,2,1.0,30.0,57.47225998665046,38.545916062566846,,plate,3,1.0,30.0
3208,0,1,,0,2,None_cut,4.0,3,0,3,None_cut,3.9583333333333277,3,2,2,,2,3,tomato,2,4,tomato,2,5,,4,0,tomato,5,0,tomato,6,0,plate,6,3,,6,4,,7,1,plate,7,3,,7,4,,5,24.0,88.0,,tomato_salad,2,1.0,30.0,56.582903705651496,39.424292636393346,,plate,3,1.0,30.0
3209,0,1,,0,2,None_cut,4.0,3,0,3,None_cut,3.9583333333333277,3,2,2,,2,3,tomato,2,4,tomato,2,5,,4,0,tomato,5,0,tomato,6,0,plate,6,3,,6,4,,7,1,plate,7,3,,7,4,,5,24.0,88.0,,tomato_salad,2,1.0,30.0,56.0,40.0,,plate,3,1.0,30.0
3210,0,1,,0,2,None_cut,4.0,3,0,3,None_cut,3.9583333333333277,3,2,2,plate,2,3,tomato,2,4,tomato,2,5,,4,0,tomato,5,0,tomato,6,0,plate,6,3,,6,4,,7,1,plate,7,3,,7,4,,5,24.0,88.0,,tomato_salad,2,1.0,30.0,56.0,40.0,,,3,1.0,30.0
3211,0,1,,0,2,None_cut,4.0,3,0,3,None_cut,3.9583333333333277,3,2,2,plate,2,3,tomato,2,4,tomato,2,5,,4,0,tomato,5,0,tomato,6,0,plate,6,3,,6,4,,7,1,plate,7,3,,7,4,,5,24.0,88.0,,tomato_salad,2,1.0,30.0,56.0,40.0,,,3,1.0,30.0
3212,0,1,,0,2,None_cut,4.0,3,0,3,None_cut,3.9583333333333277,3,2,2,plate,2,3,tomato,2,4,tomato,2,5,,4,0,tomato,5,0,tomato,6,0,plate,6,3,,6,4,,7,1,plate,7,3,,7,4,,5,24.0,88.0,,tomato_salad,2,1.0,30.0,56.0,40.0,,,3,1.0,30.0
3213,0,1,,0,2,None_cut,4.0,3,0,3,None_cut,3.9583333333333277,3,2,2,plate,2,3,tomato,2,4,tomato,2,5,,4,0,tomato,5,0,tomato,6,0,plate,6,3,,6,4,,7,1,plate,7,3,,7,4,,5,24.0,88.0,,tomato_salad,2,1.0,30.0,56.0,40.0,,,3,1.0,30.0
3214,0,1,,0,2,None_cut,4.0,3,0,3,None_cut,3.9583333333333277,3,2,2,plate,2,3,tomato,2,4,tomato,2,5,,4,0,tomato,5,0,tomato,6,0,plate,6,3,,6,4,,7,1,plate,7,3,,7,4,,5,24.0,88.0,,tomato_salad,2,1.0,30.0,56.0,40.0,,,3,1.0,30.0
3215,0,1,,0,2,None_cut,4.0,3,0,3,None_cut,3.9583333333333277,3,2,2,plate,2,3,tomato,2,4,tomato,2,5,,4,0,tomato,5,0,tomato,6,0,plate,6,3,,6,4,,7,1,plate,7,3,,7,4,,5,24.0,88.0,,tomato_salad,2,1.0,30.0,56.0,40.0,,,3,1.0,30.0
3216,0,1,,0,2,None_cut,4.0,3,0,3,None_cut,3.9583333333333277,3,2,2,plate,2,3,tomato,2,4,tomato,2,5,,4,0,tomato,5,0,tomato,6,0,plate,6,3,,6,4,,7,1,plate,7,3,,7,4,,5,24.0,88.0,,tomato_salad,2,1.0,30.0,56.0,40.0,,,3,1.0,30.0
3217,0,1,,0,2,None_cut,4.0,3,0,3,None_cut,3.9583333333333277,3,2,2,plate,2,3,tomato,2,4,tomato,2,5,,4,0,tomato,5,0,tomato,6,0,plate,6,3,,6,4,,7,1,plate,7,3,,7,4,,5,24.0,88.0,,tomato_salad,2,1.0,30.0,56.0,40.0,,,3,1.0,30.0
3218,0,1,,0,2,None_cut,4.0,3,0,3,None_cut,3.9583333333333277,3,2,2,plate,2,3,tomato,2,4,tomato,2,5,,4,0,tomato,5,0,tomato,6,0,plate,6,3,,6,4,,7,1,plate,7,3,,7,4,,5,24.0,88.0,,tomato_salad,2,1.0,30.0,56.0,40.0,,,3,1.0,30.0
3219,0,1,,0,2,None_cut,4.0,3,0,3,None_cut,3.9583333333333277,3,2,2,plate,2,3,tomato,2,4,tomato,2,5,,4,0,tomato,5,0,tomato,6,0,plate,6,3,,6,4,,7,1,plate,7,3,,7,4,,5,24.0,88.0,,tomato_salad,2,1.0,30.0,56.0,40.0,,,3,1.0,30.0
3220,0,1,,0,2,None_cut,4.0,3,0,3,None_cut,3.9583333333333277,3,2,2,plate,2,3,tomato,2,4,tomato,2,5,,4,0,tomato,5,0,tomato,6,0,plate,6,3,,6,4,,7,1,plate,7,3,,7,4,,5,24.0,88.0,,tomato_salad,2,1.0,30.0,56.0,40.0,,,3,1.0,30.0
3221,0,1,,0,2,None_cut,4.0,3,0,3,None_cut,3.9583333333333277,3,2,2,plate,2,3,tomato,2,4,tomato,2,5,,4,0,tomato,5,0,tomato,6,0,plate,6,3,,6,4,,7,1,plate,7,3,,7,4,,5,24.0,88.0,,tomato_salad,2,1.0,30.0,56.0,40.0,,,3,1.0,30.0
3222,0,1,,0,2,None_cut,4.0,3,0,3,None_cut,3.9583333333333277,3,2,2,plate,2,3,tomato,2,4,tomato,2,5,,4,0,tomato,5,0,tomato,6,0,plate,6,3,,6,4,,7,1,plate,7,3,,7,4,,5,24.0,88.0,,tomato_salad,2,1.0,30.0,57.250000000000284,40.0,,,3,1.0,30.0
3223,0,1,,0,2,None_cut,4.0,3,0,3,None_cut,3.9583333333333277,3,2,2,plate,2,3,tomato,2,4,tomato,2,5,,4,0,tomato,5,0,tomato,6,0,plate,6,3,,6,4,,7,1,plate,7,3,,7,4,,5,24.0,88.0,,tomato_salad,2,1.0,30.0,58.50000000000057,40.0,,,3,1.0,30.0
3224,0,1,,0,2,None_cut,4.0,3,0,3,None_cut,3.9583333333333277,3,2,2,plate,2,3,tomato,2,4,tomato,2,5,,4,0,tomato,5,0,tomato,6,0,plate,6,3,,6,4,,7,1,plate,7,3,,7,4,,5,24.0,88.0,,tomato_salad,2,1.0,30.0,59.75000000000085,40.0,,,3,1.0,30.0
3225,0,1,,0,2,None_cut,4.0,3,0,3,None_cut,3.9583333333333277,3,2,2,plate,2,3,tomato,2,4,tomato,2,5,,4,0,tomato,5,0,tomato,6,0,plate,6,3,,6,4,,7,1,plate,7,3,,7,4,,5,24.0,88.0,,tomato_salad,2,1.0,30.0,61.00000000000114,40.0,,,3,1.0,30.0
3226,0,1,,0,2,None_cut,4.0,3,0,3,None_cut,3.9583333333333277,3,2,2,plate,2,3,tomato,2,4,tomato,2,5,,4,0,tomato,5,0,tomato,6,0,plate,6,3,,6,4,,7,1,plate,7,3,,7,4,,5,24.0,88.0,,tomato_salad,2,1.0,30.0,62.25000000000142,40.0,,,3,1.0,30.0
3227,0,1,,0,2,None_cut,4.0,3,0,3,None_cut,3.9583333333333277,3,2,2,plate,2,3,tomato,2,4,tomato,2,5,,4,0,tomato,5,0,tomato,6,0,plate,6,3,,6,4,,7,1,plate,7,3,,7,4,,5,24.0,88.0,,tomato_salad,2,1.0,30.0,63.500000000001705,40.0,,,3,1.0,30.0
3228,0,1,,0,2,None_cut,4.0,3,0,3,None_cut,3.9583333333333277,3,2,2,plate,2,3,tomato,2,4,tomato,2,5,,4,0,tomato,5,0,tomato,6,0,plate,6,3,,6,4,,7,1,plate,7,3,,7,4,,5,24.0,88.0,,tomato_salad,2,1.0,30.0,64.75000000000199,40.0,,,3,1.0,30.0
3229,0,1,,0,2,None_cut,4.0,3,0,3,None_cut,3.9583333333333277,3,2,2,plate,2,3,tomato,2,4,tomato,2,5,,4,0,tomato,5,0,tomato,6,0,plate,6,3,,6,4,,7,1,plate,7,3,,7,4,,5,24.0,88.0,,tomato_salad,2,1.0,30.0,66.00000000000227,40.0,,,3,1.0,30.0
3230,0,1,,0,2,None_cut,4.0,3,0,3,None_cut,3.9583333333333277,3,2,2,plate,2,3,tomato,2,4,tomato,2,5,,4,0,tomato,5,0,tomato,6,0,plate,6,3,,6,4,,7,1,plate,7,3,,7,4,,5,24.0,88.0,,tomato_salad,2,1.0,30.0,67.25000000000256,40.0,,,3,1.0,30.0
3231,0,1,,0,2,None_cut,4.0,3,0,3,None_cut,3.9583333333333277,3,2,2,plate,2,3,tomato,2,4,tomato,2,5,,4,0,tomato,5,0,tomato,6,0,plate,6,3,,6,4,,7,1,plate,7,3,,7,4,,5,24.0,88.0,,tomato_salad,2,1.0,30.0,68.50000000000284,40.0,,,3,1.0,30.0
3232,0,1,,0,2,None_cut,4.0,3,0,3,None_cut,3.9583333333333277,3,2,2,plate,2,3,tomato,2,4,tomato,2,5,,4,0,tomato,5,0,tomato,6,0,plate,6,3,,6,4,,7,1,plate,7,3,,7,4,,5,24.0,88.0,,tomato_salad,2,1.0,30.0,69.75000000000313,40.0,,,3,1.0,30.0
3233,0,1,,0,2,None_cut,4.0,3,0,3,None_cut,3.9583333333333277,3,2,2,plate,2,3,tomato,2,4,tomato,2,5,,4,0,tomato,5,0,tomato,6,0,plate,6,3,,6,4,,7,1,plate,7,3,,7,4,,5,24.0,88.0,,tomato_salad,2,1.0,30.0,71.00000000000341,40.0,,,3,1.0,30.0
3234,0,1,,0,2,None_cut,4.0,3,0,3,None_cut,3.9583333333333277,3,2,2,plate,2,3,tomato,2,4,tomato,2,5,,4,0,tomato,5,0,tomato,6,0,plate,6,3,,6,4,,7,1,plate,7,3,,7,4,,5,24.0,88.0,,tomato_salad,2,1.0,30.0,72.2500000000037,40.0,,,3,1.0,30.0
3235,0,1,,0,2,None_cut,4.0,3,0,3,None_cut,3.9583333333333277,3,2,2,plate,2,3,tomato,2,4,tomato,2,5,,4,0,tomato,5,0,tomato,6,0,plate,6,3,,6,4,,7,1,plate,7,3,,7,4,,5,24.0,88.0,,tomato_salad,2,1.0,30.0,73.50000000000398,40.0,,,3,1.0,30.0
3236,0,1,,0,2,None_cut,4.0,3,0,3,None_cut,3.9583333333333277,3,2,2,plate,2,3,tomato,2,4,tomato,2,5,,4,0,tomato,5,0,tomato,6,0,plate,6,3,,6,4,,7,1,plate,7,3,,7,4,,5,24.88388347648305,88.88388347648305,,tomato_salad,2,1.0,30.0,74.75000000000426,40.0,,,3,1.0,30.0
3237,0,1,,0,2,None_cut,4.0,3,0,3,None_cut,3.9583333333333277,3,2,2,plate,2,3,tomato,2,4,tomato,2,5,,4,0,tomato,5,0,tomato,6,0,plate,6,3,,6,4,,7,1,plate,7,3,,7,4,,5,25.7677669529661,89.7677669529661,,tomato_salad,2,1.0,30.0,76.00000000000455,40.0,,,3,1.0,30.0
3238,0,1,,0,2,None_cut,4.0,3,0,3,None_cut,3.9583333333333277,3,2,2,plate,2,3,tomato,2,4,tomato,2,5,,4,0,tomato,5,0,tomato,6,0,plate,6,3,,6,4,,7,1,plate,7,3,,7,4,,5,26.65165042944915,90.65165042944915,,tomato_salad,2,1.0,30.0,77.25000000000483,40.0,,,3,1.0,30.0
3239,0,1,,0,2,None_cut,4.0,3,0,3,None_cut,3.9583333333333277,3,2,2,plate,2,3,tomato,2,4,tomato,2,5,,4,0,tomato,5,0,tomato,6,0,plate,6,3,,6,4,,7,1,plate,7,3,,7,4,,5,27.535533905932198,91.5355339059322,,tomato_salad,2,1.0,30.0,78.50000000000512,40.0,,,3,1.0,30.0
3240,0,1,,0,2,None_cut,4.0,3,0,3,None_cut,3.9583333333333277,3,2,2,plate,2,3,tomato,2,4,tomato,2,5,,4,0,tomato,5,0,tomato,6,0,plate,6,3,,6,4,,7,1,plate,7,3,,7,4,,5,28.419417382415247,92.41941738241525,,tomato_salad,2,1.0,30.0,79.7500000000054,40.0,,,3,1.0,30.0
3241,0,1,,0,2,None_cut,4.0,3,0,3,None_cut,3.9583333333333277,3,2,2,plate,2,3,tomato,2,4,tomato,2,5,,4,0,tomato,5,0,tomato,6,0,plate,6,3,,6,4,,7,1,plate,7,3,,7,4,,5,29.303300858898297,93.3033008588983,,tomato_salad,2,1.0,30.0,81.00000000000568,40.0,,,3,1.0,30.0
3242,0,1,,0,2,None_cut,4.0,3,0,3,None_cut,3.9583333333333277,3,2,2,plate,2,3,tomato,2,4,tomato,2,5,,4,0,tomato,5,0,tomato,6,0,plate,6,3,,6,4,,7,1,plate,7,3,,7,4,,5,30.187184335381346,94.18718433538135,,tomato_salad,2,1.0,30.0,82.25000000000597,40.0,,,3,1.0,30.0
3243,0,1,,0,2,None_cut,4.0,3,0,3,None_cut,3.9583333333333277,3,2,2,plate,2,3,tomato,2,4,tomato,2,5,,4,0,tomato,5,0,tomato,6,0,plate,6,3,,6,4,,7,1,plate,7,3,,7,4,,5,31.071067811864395,95.0710678118644,,tomato_salad,2,1.0,30.0,83.50000000000625,40.0,,,3,1.0,30.0
3244,0,1,,0,2,None_cut,4.0,3,0,3,None_cut,3.9583333333333277,3,2,2,plate,2,3,tomato,2,4,tomato,2,5,,4,0,tomato,5,0,tomato,6,0,plate,6,3,,6,4,,7,1,plate,7,3,,7,4,,5,31.954951288347445,95.95495128834744,,tomato_salad,2,1.0,30.0,84.75000000000654,40.0,,,3,1.0,30.0
3245,0,1,,0,2,None_cut,4.0,3,0,3,None_cut,3.9583333333333277,3,2,2,plate,2,3,tomato,2,4,tomato,2,5,,4,0,tomato,5,0,tomato,6,0,plate,6,3,,6,4,,7,1,plate,7,3,,7,4,,5,32.838834764830494,96.8388347648305,,tomato_salad,2,1.0,30.0,86.00000000000682,40.0,,,3,1.0,30.0
3246,0,1,,0,2,None_cut,4.0,3,0,3,None_cut,3.9583333333333277,3,2,2,plate,2,3,tomato,2,4,tomato,2,5,,4,0,tomato,5,0,tomato,6,0,plate,6,3,,6,4,,7,1,plate,7,3,,7,4,,5,33.722718241313544,97.72271824131354,,tomato_salad,2,1.0,30.0,87.2500000000071,40.0,,,3,1.0,30.0
3247,0,1,,0,2,None_cut,4.0,3,0,3,None_cut,3.9583333333333277,3,2,2,plate,2,3,tomato,2,4,tomato,2,5,,4,0,tomato,5,0,tomato,6,0,plate,6,3,,6,4,,7,1,plate,7,3,,7,4,,5,34.60660171779659,98.6066017177966,,tomato_salad,2,1.0,30.0,88.29803951736653,39.50810911865716,,,3,1.0,30.0
3248,0,1,,0,2,None_cut,4.0,3,0,3,None_cut,3.9583333333333277,3,2,2,plate,2,3,tomato,2,4,tomato,2,5,,4,0,tomato,5,0,tomato,6,0,plate,6,3,,6,4,,7,1,plate,7,3,,7,4,,5,35.49048519427964,99.49048519427964,,tomato_salad,2,1.0,30.0,89.18739579836529,38.62973254483066,,,3,1.0,30.0
3249,0,1,,0,2,None_cut,4.0,3,0,3,None_cut,3.9583333333333277,3,2,2,plate,2,3,tomato,2,4,tomato,2,5,,4,0,tomato,5,0,tomato,6,0,plate,6,3,,6,4,,7,1,plate,7,3,,7,4,,5,36.37436867076269,100.37436867076269,,tomato_salad,2,1.0,30.0,90.07675207936404,37.75135597100416,,,3,1.0,30.0
3250,0,1,,0,2,None_cut,4.0,3,0,3,None_cut,3.9583333333333277,3,2,2,plate,2,3,tomato,2,4,tomato,2,5,,4,0,tomato,5,0,tomato,6,0,plate,6,3,,6,4,,7,1,plate,7,3,,7,4,,5,37.25825214724574,101.25825214724574,,tomato_salad,2,1.0,30.0,90.9661083603628,36.87297939717766,,,3,1.0,30.0
3251,0,1,,0,2,None_cut,4.0,3,0,3,None_cut,3.9583333333333277,3,2,2,plate,2,3,tomato,2,4,tomato,2,5,,4,0,tomato,5,0,tomato,6,0,plate,6,3,,6,4,,7,1,plate,7,3,,7,4,,5,38.14213562372879,102.14213562372879,,tomato_salad,2,1.0,30.0,91.85546464136155,35.99460282335116,,,3,1.0,30.0
3252,0,1,,0,2,None_cut,4.0,3,0,3,None_cut,3.9583333333333277,3,2,2,plate,2,3,tomato,2,4,tomato,2,5,,4,0,tomato,5,0,tomato,6,0,plate,6,3,,6,4,,7,1,plate,7,3,,7,4,,5,39.02601910021184,103.02601910021184,,tomato_salad,2,1.0,30.0,92.7448209223603,35.11622624952466,,,3,1.0,30.0
3253,0,1,,0,2,None_cut,4.0,3,0,3,None_cut,3.9583333333333277,3,2,2,plate,2,3,tomato,2,4,tomato,2,5,,4,0,tomato,5,0,tomato,6,0,plate,6,3,,6,4,,7,1,plate,7,3,,7,4,,5,39.95382555869017,103.80565318468376,,tomato_salad,2,1.0,30.0,93.63417720335906,34.23784967569816,,,3,1.0,30.0
3254,0,1,,0,2,None_cut,4.0,3,0,3,None_cut,3.9583333333333277,3,2,2,plate,2,3,tomato,2,4,tomato,2,5,,4,0,tomato,5,0,tomato,6,0,plate,6,3,,6,4,,7,1,plate,7,3,,7,4,,5,41.203733885133886,103.82079172774075,,tomato_salad,2,1.0,30.0,94.52353348435781,33.35947310187166,,,3,1.0,30.0
3255,0,1,,0,2,None_cut,4.0,3,0,3,None_cut,3.9583333333333277,3,2,2,plate,2,3,tomato,2,4,tomato,2,5,,4,0,tomato,5,0,tomato,6,0,plate,6,3,,6,4,,7,1,plate,7,3,,7,4,,5,42.4536422115776,103.83593027079775,,tomato_salad,2,1.0,30.0,95.41288976535657,32.48109652804516,,,3,1.0,30.0
3256,0,1,,0,2,None_cut,4.0,3,0,3,None_cut,3.9583333333333277,3,2,2,plate,2,3,tomato,2,4,tomato,2,5,,4,0,tomato,5,0,tomato,6,0,plate,6,3,,6,4,,7,1,plate,7,3,,7,4,,5,43.70355053802132,103.85106881385474,,tomato_salad,2,1.0,30.0,96.30224604635532,31.602719954218657,,,3,1.0,30.0
3257,0,1,,0,2,None_cut,4.0,3,0,3,None_cut,3.9583333333333277,3,2,2,plate,2,3,tomato,2,4,tomato,2,5,,4,0,tomato,5,0,tomato,6,0,plate,6,3,,6,4,,7,1,plate,7,3,,7,4,,5,44.953458864465034,103.86620735691173,,tomato_salad,2,1.0,30.0,97.19160232735408,30.724343380392156,,,3,1.0,30.0
3258,0,1,,0,2,None_cut,4.0,3,0,3,None_cut,3.9583333333333277,3,2,2,plate,2,3,tomato,2,4,tomato,2,5,,4,0,tomato,5,0,tomato,6,0,plate,6,3,,6,4,,7,1,plate,7,3,,7,4,,5,46.20336719090875,103.88134589996872,,tomato_salad,2,1.0,30.0,98.08095860835283,29.845966806565656,,,3,1.0,30.0
3259,0,1,,0,2,None_cut,4.0,3,0,3,None_cut,3.9583333333333277,3,2,2,plate,2,3,tomato,2,4,tomato,2,5,,4,0,tomato,5,0,tomato,6,0,plate,6,3,,6,4,,7,1,plate,7,3,,7,4,,5,47.453275517352466,103.89648444302571,,tomato_salad,2,1.0,30.0,98.97031488935158,28.967590232739155,,,3,1.0,30.0
3260,0,1,,0,2,None_cut,4.0,3,0,3,None_cut,3.9583333333333277,3,2,2,plate,2,3,tomato,2,4,tomato,2,5,,4,0,tomato,5,0,tomato,6,0,plate,6,3,,6,4,,7,1,plate,7,3,,7,4,,5,48.70318384379618,103.9116229860827,,tomato_salad,2,1.0,30.0,99.85967117035034,28.089213658912655,,,3,1.0,30.0
3261,0,1,,0,2,None_cut,4.0,3,0,3,None_cut,3.9583333333333277,3,2,2,plate,2,3,tomato,2,4,tomato,2,5,,4,0,tomato,5,0,tomato,6,0,plate,6,3,,6,4,,7,1,plate,7,3,,7,4,,5,49.9530921702399,103.9267615291397,,tomato_salad,2,1.0,30.0,100.7490274513491,27.210837085086226,,,3,1.0,30.0
3262,0,1,,0,2,None_cut,4.0,3,0,3,None_cut,3.9583333333333277,3,2,2,plate,2,3,tomato,2,4,tomato,2,5,,4,0,tomato,5,0,tomato,6,0,plate,6,3,,6,4,,7,1,plate,7,3,,7,4,,5,51.203000496683615,103.94190007219669,,tomato_salad,2,1.0,30.0,101.63838373234823,26.33246051126008,,,3,1.0,30.0
3263,0,1,,0,2,None_cut,4.0,3,0,3,None_cut,3.9583333333333277,3,2,2,plate,2,3,tomato,2,4,tomato,2,5,,4,0,tomato,5,0,tomato,6,0,plate,6,3,,6,4,,7,1,plate,7,3,,7,4,,5,52.45290882312733,103.95703861525368,,tomato_salad,2,1.0,30.0,102.52774001334755,25.454083937433936,,,3,1.0,30.0
3264,0,1,,0,2,None_cut,4.0,3,0,3,None_cut,3.9583333333333277,3,2,2,plate,2,3,tomato,2,4,tomato,2,5,,4,0,tomato,5,0,tomato,6,0,plate,6,3,,6,4,,7,1,plate,7,3,,7,4,,5,53.70281714957105,103.97217715831083,,tomato_salad,2,1.0,30.0,103.41709629434688,24.57570736360779,,,3,1.0,30.0
3265,0,1,,0,2,None_cut,4.0,3,0,3,None_cut,3.9583333333333277,3,2,2,plate,2,3,tomato,2,4,tomato,2,5,,4,0,tomato,5,0,tomato,6,0,plate,6,3,,6,4,,7,1,plate,7,3,,7,4,,5,54.95272547601476,103.98731570136853,,tomato_salad,2,1.0,30.0,104.0,24.0,,,3,1.0,30.0
3266,0,1,,0,2,None_cut,4.0,3,0,3,None_cut,3.9583333333333277,3,2,2,plate,2,3,tomato,2,4,tomato,2,5,,4,0,tomato,5,0,tomato,6,0,plate,6,3,,6,4,,7,1,plate,7,3,,7,4,,5,56.0872550381394,103.71652727089011,,tomato_salad,2,1.0,30.0,104.0,24.0,,plate,3,1.0,30.0
3267,0,1,,0,2,None_cut,4.0,3,0,3,None_cut,3.9583333333333277,3,2,2,plate,2,3,tomato,2,4,tomato,2,5,,4,0,tomato,5,0,tomato,6,0,plate,6,3,,6,4,,7,1,plate,7,3,,7,4,,5,56.97660472608601,102.83814402164748,,tomato_salad,2,1.0,30.0,104.0,24.0,,plate,3,1.0,30.0
3268,0,1,,0,2,None_cut,4.0,3,0,3,None_cut,3.9583333333333277,3,2,2,plate,2,3,tomato,2,4,tomato,2,5,,4,0,tomato,5,0,tomato,6,0,plate,6,3,,6,4,,7,1,plate,7,3,,7,4,,5,57.865954414032615,101.95976077240485,,tomato_salad,2,1.0,30.0,104.0,24.0,,plate,3,1.0,30.0
3269,0,1,,0,2,None_cut,4.0,3,0,3,None_cut,3.9583333333333277,3,2,2,plate,2,3,tomato,2,4,tomato,2,5,,4,0,tomato,5,0,tomato,6,0,plate,6,3,,6,4,,7,1,plate,7,3,,7,4,,5,58.75530410197922,101.08137752316222,,tomato_salad,2,1.0,30.0,104.0,24.0,,plate,3,1.0,30.0
3270,0,1,,0,2,None_cut,4.0,3,0,3,None_cut,3.9583333333333277,3,2,2,plate,2,3,tomato,2,4,tomato,2,5,,4,0,tomato,5,0,tomato,6,0,plate,6,3,,6,4,,7,1,plate,7,3,,7,4,,5,59.644653789925826,100.20299427391959,,tomato_salad,2,1.0,30.0,104.0,24.0,,plate,3,1.0,30.0
3271,0,1,,0,2,None_cut,4.0,3,0,3,None_cut,3.9583333333333277,3,2,2,plate,2,3,tomato,2,4,tomato,2,5,,4,0,tomato,5,0,tomato,6,0,plate,6,3,,6,4,,7,1,plate,7,3,,7,4,,5,60.53400347787243,99.32461102467695,,tomato_salad,2,1.0,30.0,104.0,24.0,,plate,3,1.0,30.0
3272,0,1,,0,2,None_cut,4.0,3,0,3,None_cut,3.9583333333333277,3,2,2,plate,2,3,tomato,2,4,tomato,2,5,,4,0,tomato,5,0,tomato,6,0,plate,6,3,,6,4,,7,1,plate,7,3,,7,4,,5,61.42335316581904,98.44622777543432,,tomato_salad,2,1.0,30.0,104.0,24.0,,plate,3,1.0,30.0
3273,0,1,,0,2,None_cut,4.0,3,0,3,None_cut,3.9583333333333277,3,2,2,plate,2,3,tomato,2,4,tomato,2,5,,4,0,tomato,5,0,tomato,6,0,plate,6,3,,6,4,,7,1,plate,7,3,,7,4,,5,62.31270285376564,97.56784452619169,,tomato_salad,2,1.0,30.0,104.0,24.0,,plate,3,1.0,30.0
3274,0,1,,0,2,None_cut,4.0,3,0,3,None_cut,3.9583333333333277,3,2,2,plate,2,3,tomato,2,4,tomato,2,5,,4,0,tomato,5,0,tomato,6,0,plate,6,3,,6,4,,7,1,plate,7,3,,7,4,,5,63.20205254171225,96.68946127694906,,tomato_salad,2,1.0,30.0,104.0,24.0,,plate,3,1.0,30.0
3275,0,1,,0,2,None_cut,4.0,3,0,3,None_cut,3.9583333333333277,3,2,2,plate,2,3,tomato,2,4,tomato,2,5,,4,0,tomato,5,0,tomato,6,0,plate,6,3,,6,4,,7,1,plate,7,3,,7,4,,5,64.09140222965885,95.81107802770643,,tomato_salad,2,1.0,30.0,104.0,24.0,,plate,3,1.0,30.0
3276,0,1,,0,2,None_cut,4.0,3,0,3,None_cut,3.9583333333333277,3,2,2,plate,2,3,tomato,2,4,tomato,2,5,,4,0,tomato,5,0,tomato,6,0,plate,6,3,,6,4,,7,1,plate,7,3,,7,4,,5,64.98075191760546,94.9326947784638,,tomato_salad,2,1.0,30.0,104.0,24.0,,plate,3,1.0,30.0
3277,0,1,,0,2,None_cut,4.0,3,0,3,None_cut,3.9583333333333277,3,2,2,plate,2,3,tomato,2,4,tomato,2,5,,4,0,tomato,5,0,tomato,6,0,plate,6,3,,6,4,,7,1,plate,7,3,,7,4,,5,65.87010160555207,94.05431152922117,,tomato_salad,2,1.0,30.0,104.0,24.0,,plate,3,1.0,30.0
3278,0,1,,0,2,None_cut,4.0,3,0,3,None_cut,3.9583333333333277,3,2,2,plate,2,3,tomato,2,4,tomato,2,5,,4,0,tomato,5,0,tomato,6,0,plate,6,3,,6,4,,7,1,plate,7,3,,7,4,,5,66.75945129349867,93.17592827997854,,tomato_salad,2,1.0,30.0,104.0,24.0,,plate,3,1.0,30.0
3279,0,1,,0,2,None_cut,4.0,3,0,3,None_cut,3.9583333333333277,3,2,2,plate,2,3,tomato,2,4,tomato,2,5,,4,0,tomato,5,0,tomato,6,0,plate,6,3,,6,4,,7,1,plate,7,3,,7,4,,5,67.64880098144528,92.2975450307359,,tomato_salad,2,1.0,30.0,104.0,24.0,,plate,3,1.0,30.0
3280,0,1,,0,2,None_cut,4.0,3,0,3,None_cut,3.9583333333333277,3,2,2,plate,2,3,tomato,2,4,tomato,2,5,,4,0,tomato,5,0,tomato,6,0,plate,6,3,,6,4,,7,1,plate,7,3,,7,4,,5,68.53815066939188,91.41916178149327,,tomato_salad,2,1.0,30.0,104.0,24.0,,plate,3,1.0,30.0
3281,0,1,,0,2,None_cut,4.0,3,0,3,None_cut,3.9583333333333277,3,2,2,plate,2,3,tomato,2,4,tomato,2,5,,4,0,tomato,5,0,tomato,6,0,plate,6,3,,6,4,,7,1,plate,7,3,,7,4,,5,69.42750035733849,90.54077853225064,,tomato_salad,2,1.0,30.0,104.0,24.0,,plate,3,1.0,30.0
3282,0,1,,0,2,None_cut,4.0,3,0,3,None_cut,3.9583333333333277,3,2,2,plate,2,3,tomato,2,4,tomato,2,5,,4,0,tomato,5,0,tomato,6,0,plate,6,3,,6,4,,7,1,plate,7,3,,7,4,,5,70.31685004528468,89.66239528300801,,tomato_salad,2,1.0,30.0,103.11611652351695,24.88388347648305,,plate,3,1.0,30.0
3283,0,1,,0,2,None_cut,4.0,3,0,3,None_cut,3.9583333333333277,3,2,2,plate,2,3,tomato,2,4,tomato,2,5,,4,0,tomato,5,0,tomato,6,0,plate,6,3,,6,4,,7,1,plate,7,3,,7,4,,5,71.20619973323029,88.78401203376538,,tomato_salad,2,1.0,30.0,102.2322330470339,25.7677669529661,,plate,3,1.0,30.0
3284,0,1,,0,2,None_cut,4.0,3,0,3,None_cut,3.9583333333333277,3,2,2,plate,2,3,tomato,2,4,tomato,2,5,,4,0,tomato,5,0,tomato,6,0,plate,6,3,,6,4,,7,1,plate,7,3,,7,4,,5,72.09376754763578,87.90383568743135,,tomato_salad,2,1.0,30.0,101.34834957055085,26.65165042944915,,plate,3,1.0,30.0
3285,0,1,,0,2,None_cut,4.0,3,0,3,None_cut,3.9583333333333277,3,2,2,plate,2,3,tomato,2,4,tomato,2,5,,4,0,tomato,5,0,tomato,6,0,plate,6,3,,6,4,,7,1,plate,7,3,,7,4,,5,72.97771761879314,87.02001881063904,,tomato_salad,2,1.0,30.0,100.4644660940678,27.535533905932198,,plate,3,1.0,30.0
3286,0,1,,0,2,None_cut,4.0,3,0,3,None_cut,3.9583333333333277,3,2,2,plate,2,3,tomato,2,4,tomato,2,5,,4,0,tomato,5,0,tomato,6,0,plate,6,3,,6,4,,7,1,plate,7,3,,7,4,,5,73.8616676899505,86.13620193384673,,tomato_salad,2,1.0,30.0,99.58058261758475,28.419417382415247,,plate,3,1.0,30.0
3287,0,1,,0,2,None_cut,4.0,3,0,3,None_cut,3.9583333333333277,3,2,2,plate,2,3,tomato,2,4,tomato,2,5,,4,0,tomato,5,0,tomato,6,0,plate,6,3,,6,4,,7,1,plate,7,3,,7,4,,5,74.74561776110785,85.25238505705443,,tomato_salad,2,1.0,30.0,98.6966991411017,29.303300858898297,,plate,3,1.0,30.0
3288,0,1,,0,2,None_cut,4.0,3,0,3,None_cut,3.9583333333333277,3,2,2,plate,2,3,tomato,2,4,tomato,2,5,,4,0,tomato,5,0,tomato,6,0,plate,6,3,,6,4,,7,1,plate,7,3,,7,4,,5,75.62956783226521,84.36856818026212,,tomato_salad,2,1.0,30.0,97.81281566461865,30.187184335381346,,plate,3,1.0,30.0
3289,0,1,,0,2,None_cut,4.0,3,0,3,None_cut,3.9583333333333277,3,2,2,plate,2,3,tomato,2,4,tomato,2,5,,4,0,tomato,5,0,tomato,6,0,plate,6,3,,6,4,,7,1,plate,7,3,,7,4,,5,76.51351790342257,83.4847513034698,,tomato_salad,2,1.0,30.0,96.9289321881356,31.071067811864395,,plate,3,1.0,30.0
3290,0,1,,0,2,None_cut,4.0,3,0,3,None_cut,3.9583333333333277,3,2,2,plate,2,3,tomato,2,4,tomato,2,5,,4,0,tomato,5,0,tomato,6,0,plate,6,3,,6,4,,7,1,plate,7,3,,7,4,,5,77.39746797457992,82.6009344266775,,tomato_salad,2,1.0,30.0,96.04504871165256,31.954951288347445,,plate,3,1.0,30.0
3291,0,1,,0,2,None_cut,4.0,3,0,3,None_cut,3.9583333333333277,3,2,2,plate,2,3,tomato,2,4,tomato,2,5,,4,0,tomato,5,0,tomato,6,0,plate,6,3,,6,4,,7,1,plate,7,3,,7,4,,5,78.28141804573728,81.71711754988519,,tomato_salad,2,1.0,30.0,95.1611652351695,32.838834764830494,,plate,3,1.0,30.0
3292,0,1,,0,2,None_cut,4.0,3,0,3,None_cut,3.9583333333333277,3,2,2,plate,2,3,tomato,2,4,tomato,2,5,,4,0,tomato,5,0,tomato,6,0,plate,6,3,,6,4,,7,1,plate,7,3,,7,4,,5,79.16536811689464,80.83330067309288,,tomato_salad,2,1.0,30.0,94.27728175868646,33.722718241313544,,plate,3,1.0,30.0
3293,0,1,,0,2,None_cut,4.0,3,0,3,None_cut,3.9583333333333277,3,2,2,plate,2,3,tomato,2,4,tomato,2,5,,4,0,tomato,5,0,tomato,6,0,plate,6,3,,6,4,,7,1,plate,7,3,,7,4,,5,80.049318188052,79.94948379630057,,tomato_salad,2,1.0,30.0,93.3933982822034,34.60660171779659,,plate,3,1.0,30.0
3294,0,1,,0,2,None_cut,4.0,3,0,3,None_cut,3.9583333333333277,3,2,2,plate,2,3,tomato,2,4,tomato,2,5,,4,0,tomato,5,0,tomato,6,0,plate,6,3,,6,4,,7,1,plate,7,3,,7,4,,5,80.93326825920936,79.06566691950826,,tomato_salad,2,1.0,30.0,92.50951480572036,35.49048519427964,,plate,3,1.0,30.0
3295,0,1,,0,2,None_cut,4.0,3,0,3,None_cut,3.9583333333333277,3,2,2,plate,2,3,tomato,2,4,tomato,2,5,,4,0,tomato,5,0,tomato,6,0,plate,6,3,,6,4,,7,1,plate,7,3,,7,4,,5,81.81721833036671,78.18185004271595,,tomato_salad,2,1.0,30.0,91.62563132923731,36.37436867076269,,plate,3,1.0,30.0
3296,0,1,,0,2,None_cut,4.0,3,0,3,None_cut,3.9583333333333277,3,2,2,plate,2,3,tomato,2,4,tomato,2,5,,4,0,tomato,5,0,tomato,6,0,plate,6,3,,6,4,,7,1,plate,7,3,,7,4,,5,82.70116840152407,77.29803316592364,,tomato_salad,2,1.0,30.0,90.74174785275426,37.25825214724574,,plate,3,1.0,30.0
3297,0,1,,0,2,None_cut,4.0,3,0,3,None_cut,3.9583333333333277,3,2,2,plate,2,3,tomato,2,4,tomato,2,5,,4,0,tomato,5,0,tomato,6,0,plate,6,3,,6,4,,7,1,plate,7,3,,7,4,,5,83.58511847268143,76.41421628913133,,tomato_salad,2,1.0,30.0,89.85786437627121,38.14213562372879,,plate,3,1.0,30.0
3298,0,1,,0,2,None_cut,4.0,3,0,3,None_cut,3.9583333333333277,3,2,2,plate,2,3,tomato,2,4,tomato,2,5,,4,0,tomato,5,0,tomato,6,0,plate,6,3,,6,4,,7,1,plate,7,3,,7,4,,5,84.46906854383879,75.5303994123392,,tomato_salad,2,1.0,30.0,88.97398089978816,39.02601910021184,,plate,3,1.0,30.0
3299,0,1,,0,2,None_cut,4.0,3,0,3,None_cut,3.9583333333333277,3,2,2,plate,2,3,tomato,2,4,tomato,2,5,,4,0,tomato,5,0,tomato,6,0,plate,6,3,,6,4,,7,1,plate,7,3,,7,4,,5,85.35301861499615,74.64658253554717,,tomato_salad,2,1.0,30.0,88.04617444130974,39.80565318468376,,plate,3,1.0,30.0
3300,0,1,,0,2,None_cut,4.0,3,0,3,None_cut,3.9583333333333277,3,2,2,plate,2,3,tomato,2,4,tomato,2,5,,4,0,tomato,5,0,tomato,6,0,plate,6,3,,6,4,,7,1,plate,7,3,,7,4,,5,86.2369686861535,73.76276565875514,,tomato_salad,2,1.0,30.0,86.79626611486532,39.820791727740755,,plate,3,1.0,30.0
3301,0,1,,0,2,None_cut,4.0,3,0,3,None_cut,3.9583333333333277,3,2,2,plate,2,3,tomato,2,4,tomato,2,5,,4,0,tomato,5,0,tomato,6,0,plate,6,3,,6,4,,7,1,plate,7,3,,7,4,,5,87.12091875731086,72.87894878196312,,tomato_salad,2,1.0,30.0,85.54635778842089,39.835930270797746,,plate,3,1.0,30.0
3302,0,1,,0,2,None_cut,4.0,3,0,3,None_cut,3.9583333333333277,3,2,2,plate,2,3,tomato,2,4,tomato,2,5,,4,0,tomato,5,0,tomato,6,0,plate,6,3,,6,4,,7,1,plate,7,3,,7,4,,5,88.0,72.0,,tomato_salad,2,1.0,30.0,84.29644946197647,39.85106881385474,,plate,3,1.0,30.0
3303,0,1,,0,2,None_cut,4.0,3,0,3,None_cut,3.9583333333333277,3,2,2,plate,2,3,tomato,2,4,tomato,2,5,,4,0,tomato,5,0,tomato,6,0,plate,6,3,,6,4,,7,1,plate,7,3,,7,4,,6,88.0,72.0,,,3,1.0,30.0,83.04654113553204,39.86620735691173,,plate,3,1.0,30.0
3304,0,1,,0,2,None_cut,4.0,3,0,3,None_cut,3.9583333333333277,3,2,2,plate,2,3,tomato,2,4,tomato,2,5,,4,0,tomato,5,0,tomato,6,0,plate,6,3,,6,4,,7,1,plate,7,3,,7,4,,6,88.0,72.0,,,3,1.0,30.0,81.79663280908761,39.88134589996872,,plate,3,1.0,30.0
3305,0,1,,0,2,None_cut,4.0,3,0,3,None_cut,3.9583333333333277,3,2,2,plate,2,3,tomato,2,4,tomato,2,5,,4,0,tomato,5,0,tomato,6,0,plate,6,3,,6,4,,7,1,plate,7,3,,7,4,,6,88.0,72.0,,,3,1.0,30.0,80.54672448264319,39.89648444302571,,plate,3,1.0,30.0
3306,0,1,,0,2,None_cut,4.0,3,0,3,None_cut,3.9583333333333277,3,2,2,plate,2,3,tomato,2,4,tomato,2,5,,4,0,tomato,5,0,tomato,6,0,plate,6,3,,6,4,,7,1,plate,7,3,,7,4,,6,88.0,72.0,,,3,1.0,30.0,79.29681615619876,39.911622986082705,,plate,3,1.0,30.0
3307,0,1,,0,2,None_cut,4.0,3,0,3,None_cut,3.9583333333333277,3,2,2,plate,2,3,tomato,2,4,tomato,2,5,,4,0,tomato,5,0,tomato,6,0,plate,6,3,,6,4,,7,1,plate,7,3,,7,4,,6,88.0,72.0,,,3,1.0,30.0,78.04690782975433,39.9267615291397,,plate,3,1.0,30.0
3308,0,1,,0,2,None_cut,4.0,3,0,3,None_cut,3.9583333333333277,3,2,2,plate,2,3,tomato,2,4,tomato,2,5,,4,0,tomato,5,0,tomato,6,0,plate,6,3,,6,4,,7,1,plate,7,3,,7,4,,6,88.0,72.0,,,3,1.0,30.0,76.7969995033099,39.94190007219687,,plate,3,1.0,30.0
3309,0,1,,0,2,None_cut,4.0,3,0,3,None_cut,3.9583333333333277,3,2,2,plate,2,3,tomato,2,4,tomato,2,5,,4,0,tomato,5,0,tomato,6,0,plate,6,3,,6,4,,7,1,plate,7,3,,7,4,,6,88.0,72.0,,,3,1.0,30.0,75.54709117686548,39.95703861525422,,plate,3,1.0,30.0
3310,0,1,,0,2,None_cut,4.0,3,0,3,None_cut,3.9583333333333277,3,2,2,plate,2,3,tomato,2,4,tomato,2,5,,4,0,tomato,5,0,tomato,6,0,plate,6,3,,6,4,,7,1,plate,7,3,,7,4,,6,88.0,72.0,,,3,1.0,30.0,74.29718285042105,39.972177158311574,,plate,3,1.0,30.0
3311,0,1,,0,2,None_cut,4.0,3,0,3,None_cut,3.9583333333333277,3,2,2,plate,2,3,tomato,2,4,tomato,2,5,,4,0,tomato,5,0,tomato,6,0,plate,6,3,,6,4,,7,1,plate,7,3,,7,4,,6,88.0,72.0,,,3,1.0,30.0,73.04727452397663,39.98731570136893,,plate,3,1.0,30.0
3312,0,1,,0,2,None_cut,4.0,3,0,3,None_cut,3.9583333333333277,3,2,2,plate,2,3,tomato,2,4,tomato,2,5,,4,0,tomato,5,0,tomato,6,0,plate,6,3,,6,4,,7,1,plate,7,3,,7,4,,6,88.0,72.0,,,3,1.0,30.0,71.91278695016098,40.27873505658064,,plate,3,1.0,30.0
3313,0,1,,0,2,None_cut,4.0,3,0,3,None_cut,3.9583333333333277,3,2,2,plate,2,3,tomato,2,4,tomato,2,5,,4,0,tomato,5,0,tomato,6,0,plate,6,3,,6,4,,7,1,plate,7,3,,7,4,,6,88.0,72.0,,,3,1.0,30.0,71.02356847568149,41.15725113762039,,plate,3,1.0,30.0
3314,0,1,,0,2,None_cut,4.0,3,0,3,None_cut,3.9583333333333277,3,2,2,plate,2,3,tomato,2,4,tomato,2,5,,4,0,tomato,5,0,tomato,6,0,plate,6,3,,6,4,,7,1,plate,7,3,,7,4,,6,88.0,72.0,,,3,1.0,30.0,70.134350001202,42.03576721866014,,plate,3,1.0,30.0
3315,0,1,,0,2,None_cut,4.0,3,0,3,None_cut,3.9583333333333277,3,2,2,plate,2,3,tomato,2,4,tomato,2,5,,4,0,tomato,5,0,tomato,6,0,plate,6,3,,6,4,,7,1,plate,7,3,,7,4,,6,88.0,72.0,,,3,1.0,30.0,69.2451315267225,42.91428329969989,,plate,3,1.0,30.0
3316,0,1,,0,2,None_cut,4.0,3,0,3,None_cut,3.9583333333333277,3,2,2,plate,2,3,tomato,2,4,tomato,2,5,,4,0,tomato,5,0,tomato,6,0,plate,6,3,,6,4,,7,1,plate,7,3,,7,4,,6,88.0,72.0,,,3,1.0,30.0,68.35591305224301,43.79279938073964,,plate,3,1.0,30.0
3317,0,1,,0,2,None_cut,4.0,3,0,3,None_cut,3.9583333333333277,3,2,2,plate,2,3,tomato,2,4,tomato,2,5,,4,0,tomato,5,0,tomato,6,0,plate,6,3,,6,4,,7,1,plate,7,3,,7,4,,6,88.0,72.0,,,3,1.0,30.0,67.46669457776352,44.671315461779386,,plate,3,1.0,30.0
3318,0,1,,0,2,None_cut,4.0,3,0,3,None_cut,3.9583333333333277,3,2,2,plate,2,3,tomato,2,4,tomato,2,5,,4,0,tomato,5,0,tomato,6,0,plate,6,3,,6,4,,7,1,plate,7,3,,7,4,,6,88.0,72.0,,,3,1.0,30.0,66.57747610328403,45.549831542819135,,plate,3,1.0,30.0
3319,0,1,,0,2,None_cut,4.0,3,0,3,None_cut,3.9583333333333277,3,2,2,plate,2,3,tomato,2,4,tomato,2,5,,4,0,tomato,5,0,tomato,6,0,plate,6,3,,6,4,,7,1,plate,7,3,,7,4,,6,88.0,72.0,,,3,1.0,30.0,65.68825762880454,46.42834762385888,,plate,3,1.0,30.0
3320,0,1,,0,2,None_cut,4.0,3,0,3,None_cut,3.9583333333333277,3,2,2,plate,2,3,tomato,2,4,tomato,2,5,,4,0,tomato,5,0,tomato,6,0,plate,6,3,,6,4,,7,1,plate,7,3,,7,4,,6,88.0,72.0,,,3,1.0,30.0,64.79903915432504,47.30686370489863,,plate,3,1.0,30.0
3321,0,1,,0,2,None_cut,4.0,3,0,3,None_cut,3.9583333333333277,3,2,2,plate,2,3,tomato,2,4,tomato,2,5,,4,0,tomato,5,0,tomato,6,0,plate,6,3,,6,4,,7,1,plate,7,3,,7,4,,6,88.0,72.0,,,3,1.0,30.0,63.90982067984555,48.18537978593838,,plate,3,1.0,30.0
3322,0,1,,0,2,None_cut,4.0,3,0,3,None_cut,3.9583333333333277,3,2,2,plate,2,3,tomato,2,4,tomato,2,5,,4,0,tomato,5,0,tomato,6,0,plate,6,3,,6,4,,7,1,plate,7,3,,7,4,,6,88.0,72.0,,,3,1.0,30.0,63.02060220536606,49.06389586697813,,plate,3,1.0,30.0
3323,0,1,,0,2,None_cut,4.0,3,0,3,None_cut,3.9583333333333277,3,2,2,plate,2,3,tomato,2,4,tomato,2,5,,4,0,tomato,5,0,tomato,6,0,plate,6,3,,6,4,,7,1,plate,7,3,,7,4,,6,88.0,72.0,,,3,1.0,30.0,62.13138373088657,49.94241194801788,,plate,3,1.0,30.0
3324,0,1,,0,2,None_cut,4.0,3,0,3,None_cut,3.9583333333333277,3,2,2,plate,2,3,tomato,2,4,tomato,2,5,,4,0,tomato,5,0,tomato,6,0,plate,6,3,,6,4,,7,1,plate,7,3,,7,4,,6,88.0,72.0,,,3,1.0,30.0,61.24216525640708,50.82092802905757,,plate,3,1.0,30.0
3325,0,1,,0,2,None_cut,4.0,3,0,3,None_cut,3.9583333333333277,3,2,2,plate,2,3,tomato,2,4,tomato,2,5,,4,0,tomato,5,0,tomato,6,0,plate,6,3,,6,4,,7,1,plate,7,3,,7,4,,6,88.0,72.0,,,3,1.0,30.0,60.352946781927585,51.69944411009722,,plate,3,1.0,30.0
3326,0,1,,0,2,None_cut,4.0,3,0,3,None_cut,3.9583333333333277,3,2,2,plate,2,3,tomato,2,4,tomato,2,5,,4,0,tomato,5,0,tomato,6,0,plate,6,3,,6,4,,7,1,plate,7,3,,7,4,,6,88.0,72.0,,,3,1.0,30.0,59.46372830744809,52.57796019113686,,plate,3,1.0,30.0
3327,0,1,,0,2,None_cut,4.0,3,0,3,None_cut,3.9583333333333277,3,2,2,plate,2,3,tomato,2,4,tomato,2,5,,4,0,tomato,5,0,tomato,6,0,plate,6,3,,6,4,,7,1,plate,7,3,,7,4,,6,88.0,72.0,,,3,1.0,30.0,58.5745098329686,53.4564762721765,,plate,3,1.0,30.0
3328,0,1,,0,2,None_cut,4.0,3,0,3,None_cut,3.9583333333333277,3,2,2,plate,2,3,tomato,2,4,tomato,2,5,,4,0,tomato,5,0,tomato,6,0,plate,6,3,,6,4,,7,1,plate,7,3,,7,4,,6,88.0,72.0,,,3,1.0,30.0,57.68529135848911,54.334992353216144,,plate,3,1.0,30.0
3329,0,1,,0,2,None_cut,4.0,3,0,3,None_cut,3.9583333333333277,3,2,2,plate,2,3,tomato,2,4,tomato,2,5,,4,0,tomato,5,0,tomato,6,0,plate,6,3,,6,4,,7,1,plate,7,3,,7,4,,6,88.0,72.0,,,3,1.0,30.0,56.79607288400962,55.213508434255786,,plate,3,1.0,30.0
3330,0,1,,0,2,None_cut,4.0,3,0,3,None_cut,3.9583333333333277,3,2,2,plate,2,3,tomato,2,4,tomato,2,5,,4,0,tomato,5,0,tomato,6,0,plate,6,3,,6,4,,7,1,plate,7,3,,7,4,,6,88.0,72.0,,,3,1.0,30.0,56.0,56.0,,plate,3,1.0,30.0
3331,0,1,,0,2,None_cut,4.0,3,0,3,None_cut,3.9583333333333277,3,2,2,plate,2,3,plate,2,4,tomato,2,5,,4,0,tomato,5,0,tomato,6,0,plate,6,3,,6,4,,7,1,plate,7,3,,7,4,,6,88.0,72.0,,,3,1.0,30.0,56.0,56.0,,tomato,3,1.0,30.0
3332,0,1,,0,2,None_cut,4.0,3,0,3,None_cut,3.9583333333333277,3,2,2,plate,2,3,plate,2,4,tomato,2,5,,4,0,tomato,5,0,tomato,6,0,plate,6,3,,6,4,,7,1,plate,7,3,,7,4,,6,88.0,72.0,,,3,1.0,30.0,56.0,56.0,,tomato,3,1.0,30.0
3333,0,1,,0,2,None_cut,4.0,3,0,3,None_cut,3.9583333333333277,3,2,2,plate,2,3,plate,2,4,tomato,2,5,,4,0,tomato,5,0,tomato,6,0,plate,6,3,,6,4,,7,1,plate,7,3,,7,4,,6,88.0,72.0,,,3,1.0,30.0,56.0,56.0,,tomato,3,1.0,30.0
3334,0,1,,0,2,None_cut,4.0,3,0,3,None_cut,3.9583333333333277,3,2,2,plate,2,3,plate,2,4,tomato,2,5,,4,0,tomato,5,0,tomato,6,0,plate,6,3,,6,4,,7,1,plate,7,3,,7,4,,6,88.0,72.0,,,3,1.0,30.0,56.0,56.0,,tomato,3,1.0,30.0
3335,0,1,,0,2,None_cut,4.0,3,0,3,None_cut,3.9583333333333277,3,2,2,plate,2,3,plate,2,4,tomato,2,5,,4,0,tomato,5,0,tomato,6,0,plate,6,3,,6,4,,7,1,plate,7,3,,7,4,,6,88.0,72.0,,,3,1.0,30.0,56.0,56.0,,tomato,3,1.0,30.0
3336,0,1,,0,2,None_cut,4.0,3,0,3,None_cut,3.9583333333333277,3,2,2,plate,2,3,plate,2,4,tomato,2,5,,4,0,tomato,5,0,tomato,6,0,plate,6,3,,6,4,,7,1,plate,7,3,,7,4,,6,88.0,72.0,,,3,1.0,30.0,56.0,56.0,,tomato,3,1.0,30.0
3337,0,1,,0,2,None_cut,4.0,3,0,3,None_cut,3.9583333333333277,3,2,2,plate,2,3,plate,2,4,tomato,2,5,,4,0,tomato,5,0,tomato,6,0,plate,6,3,,6,4,,7,1,plate,7,3,,7,4,,6,88.0,72.0,,,3,1.0,30.0,56.0,56.0,,tomato,3,1.0,30.0
3338,0,1,,0,2,None_cut,4.0,3,0,3,None_cut,3.9583333333333277,3,2,2,plate,2,3,plate,2,4,tomato,2,5,,4,0,tomato,5,0,tomato,6,0,plate,6,3,,6,4,,7,1,plate,7,3,,7,4,,6,88.0,72.0,,,3,1.0,30.0,56.0,56.0,,tomato,3,1.0,30.0
3339,0,1,,0,2,None_cut,4.0,3,0,3,None_cut,3.9583333333333277,3,2,2,plate,2,3,plate,2,4,tomato,2,5,,4,0,tomato,5,0,tomato,6,0,plate,6,3,,6,4,,7,1,plate,7,3,,7,4,,6,88.0,72.0,,,3,1.0,30.0,56.0,56.0,,tomato,3,1.0,30.0
3340,0,1,,0,2,None_cut,4.0,3,0,3,None_cut,3.9583333333333277,3,2,2,plate,2,3,plate,2,4,tomato,2,5,,4,0,tomato,5,0,tomato,6,0,plate,6,3,,6,4,,7,1,plate,7,3,,7,4,,6,88.0,72.0,,,3,1.0,30.0,56.0,56.0,,tomato,3,1.0,30.0
3341,0,1,,0,2,None_cut,4.0,3,0,3,None_cut,3.9583333333333277,3,2,2,plate,2,3,plate,2,4,tomato,2,5,,4,0,tomato,5,0,tomato,6,0,plate,6,3,,6,4,,7,1,plate,7,3,,7,4,,6,88.0,72.0,,,3,1.0,30.0,56.0,56.0,,tomato,3,1.0,30.0
3342,0,1,,0,2,None_cut,4.0,3,0,3,None_cut,3.9583333333333277,3,2,2,plate,2,3,plate,2,4,tomato,2,5,,4,0,tomato,5,0,tomato,6,0,plate,6,3,,6,4,,7,1,plate,7,3,,7,4,,6,88.0,72.0,,,3,1.0,30.0,56.0,56.0,,tomato,3,1.0,30.0
3343,0,1,,0,2,None_cut,4.0,3,0,3,None_cut,3.9583333333333277,3,2,2,plate,2,3,plate,2,4,tomato,2,5,,4,0,tomato,5,0,tomato,6,0,plate,6,3,,6,4,,7,1,plate,7,3,,7,4,,6,88.0,72.0,,,3,1.0,30.0,56.0,56.0,,tomato,3,1.0,30.0
3344,0,1,,0,2,None_cut,4.0,3,0,3,None_cut,3.9583333333333277,3,2,2,plate,2,3,plate,2,4,tomato,2,5,,4,0,tomato,5,0,tomato,6,0,plate,6,3,,6,4,,7,1,plate,7,3,,7,4,,6,88.0,72.0,,,3,1.0,30.0,56.0,56.0,,tomato,3,1.0,30.0
3345,0,1,,0,2,None_cut,4.0,3,0,3,None_cut,3.9583333333333277,3,2,2,plate,2,3,plate,2,4,tomato,2,5,,4,0,tomato,5,0,tomato,6,0,plate,6,3,,6,4,,7,1,plate,7,3,,7,4,,6,88.0,72.0,,,3,1.0,30.0,56.0,56.0,,tomato,3,1.0,30.0
3346,0,1,,0,2,None_cut,4.0,3,0,3,None_cut,3.9583333333333277,3,2,2,plate,2,3,plate,2,4,tomato,2,5,,4,0,tomato,5,0,tomato,6,0,plate,6,3,,6,4,,7,1,plate,7,3,,7,4,,6,88.0,72.0,,,3,1.0,30.0,56.0,56.0,,tomato,3,1.0,30.0
3347,0,1,,0,2,None_cut,4.0,3,0,3,None_cut,3.9583333333333277,3,2,2,plate,2,3,plate,2,4,tomato,2,5,,4,0,tomato,5,0,tomato,6,0,plate,6,3,,6,4,,7,1,plate,7,3,,7,4,,6,88.0,72.0,,,3,1.0,30.0,56.0,56.0,,tomato,3,1.0,30.0
3348,0,1,,0,2,None_cut,4.0,3,0,3,None_cut,3.9583333333333277,3,2,2,plate,2,3,plate,2,4,tomato,2,5,,4,0,tomato,5,0,tomato,6,0,plate,6,3,,6,4,,7,1,plate,7,3,,7,4,,6,88.0,72.0,,,3,1.0,30.0,56.0,57.250000000000284,,tomato,3,1.0,30.0
3349,0,1,,0,2,None_cut,4.0,3,0,3,None_cut,3.9583333333333277,3,2,2,plate,2,3,plate,2,4,tomato,2,5,,4,0,tomato,5,0,tomato,6,0,plate,6,3,,6,4,,7,1,plate,7,3,,7,4,,6,88.0,72.0,,,3,1.0,30.0,56.0,58.50000000000057,,tomato,3,1.0,30.0
3350,0,1,,0,2,None_cut,4.0,3,0,3,None_cut,3.9583333333333277,3,2,2,plate,2,3,plate,2,4,tomato,2,5,,4,0,tomato,5,0,tomato,6,0,plate,6,3,,6,4,,7,1,plate,7,3,,7,4,,6,88.0,72.0,,,3,1.0,30.0,56.0,59.75000000000085,,tomato,3,1.0,30.0
3351,0,1,,0,2,None_cut,4.0,3,0,3,None_cut,3.9583333333333277,3,2,2,plate,2,3,plate,2,4,tomato,2,5,,4,0,tomato,5,0,tomato,6,0,plate,6,3,,6,4,,7,1,plate,7,3,,7,4,,6,88.0,72.0,,,3,1.0,30.0,56.0,61.00000000000114,,tomato,3,1.0,30.0
3352,0,1,,0,2,None_cut,4.0,3,0,3,None_cut,3.9583333333333277,3,2,2,plate,2,3,plate,2,4,tomato,2,5,,4,0,tomato,5,0,tomato,6,0,plate,6,3,,6,4,,7,1,plate,7,3,,7,4,,6,88.0,72.0,,,3,1.0,30.0,56.0,62.25000000000142,,tomato,3,1.0,30.0
3353,0,1,,0,2,None_cut,4.0,3,0,3,None_cut,3.9583333333333277,3,2,2,plate,2,3,plate,2,4,tomato,2,5,,4,0,tomato,5,0,tomato,6,0,plate,6,3,,6,4,,7,1,plate,7,3,,7,4,,6,88.0,72.0,,,3,1.0,30.0,56.0,63.500000000001705,,tomato,3,1.0,30.0
3354,0,1,,0,2,None_cut,4.0,3,0,3,None_cut,3.9583333333333277,3,2,2,plate,2,3,plate,2,4,tomato,2,5,,4,0,tomato,5,0,tomato,6,0,plate,6,3,,6,4,,7,1,plate,7,3,,7,4,,6,88.0,72.0,,,3,1.0,30.0,56.0,64.75000000000199,,tomato,3,1.0,30.0
3355,0,1,,0,2,None_cut,4.0,3,0,3,None_cut,3.9583333333333277,3,2,2,plate,2,3,plate,2,4,tomato,2,5,,4,0,tomato,5,0,tomato,6,0,plate,6,3,,6,4,,7,1,plate,7,3,,7,4,,6,88.0,72.0,,,3,1.0,30.0,56.0,66.00000000000227,,tomato,3,1.0,30.0
3356,0,1,,0,2,None_cut,4.0,3,0,3,None_cut,3.9583333333333277,3,2,2,plate,2,3,plate,2,4,tomato,2,5,,4,0,tomato,5,0,tomato,6,0,plate,6,3,,6,4,,7,1,plate,7,3,,7,4,,6,88.0,72.0,,,3,1.0,30.0,56.0,67.25000000000256,,tomato,3,1.0,30.0
3357,0,1,,0,2,None_cut,4.0,3,0,3,None_cut,3.9583333333333277,3,2,2,plate,2,3,plate,2,4,tomato,2,5,,4,0,tomato,5,0,tomato,6,0,plate,6,3,,6,4,,7,1,plate,7,3,,7,4,,6,88.0,72.0,,,3,1.0,30.0,56.0,68.50000000000284,,tomato,3,1.0,30.0
3358,0,1,,0,2,None_cut,4.0,3,0,3,None_cut,3.9583333333333277,3,2,2,plate,2,3,plate,2,4,tomato,2,5,,4,0,tomato,5,0,tomato,6,0,plate,6,3,,6,4,,7,1,plate,7,3,,7,4,,6,88.0,72.0,,,3,1.0,30.0,56.0,69.75000000000313,,tomato,3,1.0,30.0
3359,0,1,,0,2,None_cut,4.0,3,0,3,None_cut,3.9583333333333277,3,2,2,plate,2,3,plate,2,4,tomato,2,5,,4,0,tomato,5,0,tomato,6,0,plate,6,3,,6,4,,7,1,plate,7,3,,7,4,,6,88.0,72.0,,,3,1.0,30.0,56.0,71.00000000000341,,tomato,3,1.0,30.0
3360,0,1,,0,2,None_cut,4.0,3,0,3,None_cut,3.9583333333333277,3,2,2,plate,2,3,plate,2,4,tomato,2,5,,4,0,tomato,5,0,tomato,6,0,plate,6,3,,6,4,,7,1,plate,7,3,,7,4,,6,88.0,72.0,,,3,1.0,30.0,56.0,72.2500000000037,,tomato,3,1.0,30.0
3361,0,1,,0,2,None_cut,4.0,3,0,3,None_cut,3.9583333333333277,3,2,2,plate,2,3,plate,2,4,tomato,2,5,,4,0,tomato,5,0,tomato,6,0,plate,6,3,,6,4,,7,1,plate,7,3,,7,4,,6,88.0,72.0,,,3,1.0,30.0,56.0,73.50000000000398,,tomato,3,1.0,30.0
3362,0,1,,0,2,None_cut,4.0,3,0,3,None_cut,3.9583333333333277,3,2,2,plate,2,3,plate,2,4,tomato,2,5,,4,0,tomato,5,0,tomato,6,0,plate,6,3,,6,4,,7,1,plate,7,3,,7,4,,6,88.0,72.0,,,3,1.0,30.0,56.0,74.75000000000426,,tomato,3,1.0,30.0
3363,0,1,,0,2,None_cut,4.0,3,0,3,None_cut,3.9583333333333277,3,2,2,plate,2,3,plate,2,4,tomato,2,5,,4,0,tomato,5,0,tomato,6,0,plate,6,3,,6,4,,7,1,plate,7,3,,7,4,,6,88.0,72.0,,,3,1.0,30.0,56.0,76.00000000000455,,tomato,3,1.0,30.0
3364,0,1,,0,2,None_cut,4.0,3,0,3,None_cut,3.9583333333333277,3,2,2,plate,2,3,plate,2,4,tomato,2,5,,4,0,tomato,5,0,tomato,6,0,plate,6,3,,6,4,,7,1,plate,7,3,,7,4,,6,88.0,72.0,,,3,1.0,30.0,56.0,77.25000000000483,,tomato,3,1.0,30.0
3365,0,1,,0,2,None_cut,4.0,3,0,3,None_cut,3.9583333333333277,3,2,2,plate,2,3,plate,2,4,tomato,2,5,,4,0,tomato,5,0,tomato,6,0,plate,6,3,,6,4,,7,1,plate,7,3,,7,4,,6,88.0,72.0,,,3,1.0,30.0,56.0,78.50000000000512,,tomato,3,1.0,30.0
3366,0,1,,0,2,None_cut,4.0,3,0,3,None_cut,3.9583333333333277,3,2,2,plate,2,3,plate,2,4,tomato,2,5,,4,0,tomato,5,0,tomato,6,0,plate,6,3,,6,4,,7,1,plate,7,3,,7,4,,6,88.0,72.0,,,3,1.0,30.0,56.0,79.7500000000054,,tomato,3,1.0,30.0
3367,0,1,,0,2,None_cut,4.0,3,0,3,None_cut,3.9583333333333277,3,2,2,plate,2,3,plate,2,4,tomato,2,5,,4,0,tomato,5,0,tomato,6,0,plate,6,3,,6,4,,7,1,plate,7,3,,7,4,,6,88.0,72.0,,,3,1.0,30.0,56.0,81.00000000000568,,tomato,3,1.0,30.0
3368,0,1,,0,2,None_cut,4.0,3,0,3,None_cut,3.9583333333333277,3,2,2,plate,2,3,plate,2,4,tomato,2,5,,4,0,tomato,5,0,tomato,6,0,plate,6,3,,6,4,,7,1,plate,7,3,,7,4,,6,88.0,72.0,,,3,1.0,30.0,56.0,82.25000000000597,,tomato,3,1.0,30.0
3369,0,1,,0,2,None_cut,4.0,3,0,3,None_cut,3.9583333333333277,3,2,2,plate,2,3,plate,2,4,tomato,2,5,,4,0,tomato,5,0,tomato,6,0,plate,6,3,,6,4,,7,1,plate,7,3,,7,4,,6,88.0,72.0,,,3,1.0,30.0,56.0,83.50000000000625,,tomato,3,1.0,30.0
3370,0,1,,0,2,None_cut,4.0,3,0,3,None_cut,3.9583333333333277,3,2,2,plate,2,3,plate,2,4,tomato,2,5,,4,0,tomato,5,0,tomato,6,0,plate,6,3,,6,4,,7,1,plate,7,3,,7,4,,6,86.74999999999972,72.0,,,3,1.0,30.0,56.0,84.75000000000654,,tomato,3,1.0,30.0
3371,0,1,,0,2,None_cut,4.0,3,0,3,None_cut,3.9583333333333277,3,2,2,plate,2,3,plate,2,4,tomato,2,5,,4,0,tomato,5,0,tomato,6,0,plate,6,3,,6,4,,7,1,plate,7,3,,7,4,,6,85.49999999999943,72.0,,,3,1.0,30.0,56.0,86.00000000000682,,tomato,3,1.0,30.0
3372,0,1,,0,2,None_cut,4.0,3,0,3,None_cut,3.9583333333333277,3,2,2,plate,2,3,plate,2,4,tomato,2,5,,4,0,tomato,5,0,tomato,6,0,plate,6,3,,6,4,,7,1,plate,7,3,,7,4,,6,84.24999999999915,72.0,,,3,1.0,30.0,56.0,87.2500000000071,,tomato,3,1.0,30.0
3373,0,1,,0,2,None_cut,4.0,3,0,3,None_cut,3.9583333333333277,3,2,2,plate,2,3,plate,2,4,tomato,2,5,,4,0,tomato,5,0,tomato,6,0,plate,6,3,,6,4,,7,1,plate,7,3,,7,4,,6,82.99999999999886,72.0,,,3,1.0,30.0,56.0,88.0,,tomato,3,1.0,30.0
3374,0,1,,0,2,None_cut,4.0,3,0,3,None_cut,3.9583333333333277,3,2,2,plate,2,3,plate,2,4,tomato,2,5,tomato,4,0,tomato,5,0,tomato,6,0,plate,6,3,,6,4,,7,1,plate,7,3,,7,4,,6,81.74999999999858,72.0,,,3,1.0,30.0,56.0,88.0,,,3,1.0,30.0
3375,0,1,,0,2,None_cut,4.0,3,0,3,None_cut,3.9583333333333277,3,2,2,plate,2,3,plate,2,4,tomato,2,5,tomato,4,0,tomato,5,0,tomato,6,0,plate,6,3,,6,4,,7,1,plate,7,3,,7,4,,6,80.4999999999983,72.0,,,3,1.0,30.0,56.0,88.0,,,3,1.0,30.0
3376,0,1,,0,2,None_cut,4.0,3,0,3,None_cut,3.9583333333333277,3,2,2,plate,2,3,plate,2,4,tomato,2,5,tomato,4,0,tomato,5,0,tomato,6,0,plate,6,3,,6,4,,7,1,plate,7,3,,7,4,,6,79.24999999999801,72.0,,,3,1.0,30.0,56.0,88.0,,,3,1.0,30.0
3377,0,1,,0,2,None_cut,4.0,3,0,3,None_cut,3.9583333333333277,3,2,2,plate,2,3,plate,2,4,tomato,2,5,tomato,4,0,tomato,5,0,tomato,6,0,plate,6,3,,6,4,,7,1,plate,7,3,,7,4,,6,77.99999999999773,72.0,,,3,1.0,30.0,56.0,88.0,,,3,1.0,30.0
3378,0,1,,0,2,None_cut,4.0,3,0,3,None_cut,3.9583333333333277,3,2,2,plate,2,3,plate,2,4,tomato,2,5,tomato,4,0,tomato,5,0,tomato,6,0,plate,6,3,,6,4,,7,1,plate,7,3,,7,4,,6,76.74999999999744,72.0,,,3,1.0,30.0,56.0,88.0,,,3,1.0,30.0
3379,0,1,,0,2,None_cut,4.0,3,0,3,None_cut,3.9583333333333277,3,2,2,plate,2,3,plate,2,4,tomato,2,5,tomato,4,0,tomato,5,0,tomato,6,0,plate,6,3,,6,4,,7,1,plate,7,3,,7,4,,6,75.49999999999716,72.0,,,3,1.0,30.0,56.0,88.0,,,3,1.0,30.0
3380,0,1,,0,2,None_cut,4.0,3,0,3,None_cut,3.9583333333333277,3,2,2,plate,2,3,plate,2,4,tomato,2,5,tomato,4,0,tomato,5,0,tomato,6,0,plate,6,3,,6,4,,7,1,plate,7,3,,7,4,,6,74.24999999999687,72.0,,,3,1.0,30.0,56.0,88.0,,,3,1.0,30.0
3381,0,1,,0,2,None_cut,4.0,3,0,3,None_cut,3.9583333333333277,3,2,2,plate,2,3,plate,2,4,tomato,2,5,tomato,4,0,tomato,5,0,tomato,6,0,plate,6,3,,6,4,,7,1,plate,7,3,,7,4,,6,72.99999999999659,72.0,,,3,1.0,30.0,56.0,88.0,,,3,1.0,30.0
3382,0,1,,0,2,None_cut,4.0,3,0,3,None_cut,3.9583333333333277,3,2,2,plate,2,3,plate,2,4,tomato,2,5,tomato,4,0,tomato,5,0,tomato,6,0,plate,6,3,,6,4,,7,1,plate,7,3,,7,4,,6,71.7499999999963,72.0,,,3,1.0,30.0,56.0,88.0,,,3,1.0,30.0
3383,0,1,,0,2,None_cut,4.0,3,0,3,None_cut,3.9583333333333277,3,2,2,plate,2,3,plate,2,4,tomato,2,5,tomato,4,0,tomato,5,0,tomato,6,0,plate,6,3,,6,4,,7,1,plate,7,3,,7,4,,6,70.49999999999602,72.0,,,3,1.0,30.0,56.0,88.0,,,3,1.0,30.0
3384,0,1,,0,2,None_cut,4.0,3,0,3,None_cut,3.9583333333333277,3,2,2,plate,2,3,plate,2,4,tomato,2,5,tomato,4,0,tomato,5,0,tomato,6,0,plate,6,3,,6,4,,7,1,plate,7,3,,7,4,,6,69.24999999999574,72.0,,,3,1.0,30.0,56.0,88.0,,,3,1.0,30.0
3385,0,1,,0,2,None_cut,4.0,3,0,3,None_cut,3.9583333333333277,3,2,2,plate,2,3,plate,2,4,tomato,2,5,tomato,4,0,tomato,5,0,tomato,6,0,plate,6,3,,6,4,,7,1,plate,7,3,,7,4,,6,67.99999999999545,72.0,,,3,1.0,30.0,56.0,88.0,,,3,1.0,30.0
3386,0,1,,0,2,None_cut,4.0,3,0,3,None_cut,3.9583333333333277,3,2,2,plate,2,3,plate,2,4,tomato,2,5,tomato,4,0,tomato,5,0,tomato,6,0,plate,6,3,,6,4,,7,1,plate,7,3,,7,4,,6,66.74999999999517,72.0,,,3,1.0,30.0,56.0,86.74999999999972,,,3,1.0,30.0
3387,0,1,,0,2,None_cut,4.0,3,0,3,None_cut,3.9583333333333277,3,2,2,plate,2,3,plate,2,4,tomato,2,5,tomato,4,0,tomato,5,0,tomato,6,0,plate,6,3,,6,4,,7,1,plate,7,3,,7,4,,6,65.49999999999488,72.0,,,3,1.0,30.0,56.0,85.49999999999943,,,3,1.0,30.0
3388,0,1,,0,2,None_cut,4.0,3,0,3,None_cut,3.9583333333333277,3,2,2,plate,2,3,plate,2,4,tomato,2,5,tomato,4,0,tomato,5,0,tomato,6,0,plate,6,3,,6,4,,7,1,plate,7,3,,7,4,,6,64.2499999999946,72.0,,,3,1.0,30.0,56.0,84.24999999999915,,,3,1.0,30.0
3389,0,1,,0,2,None_cut,4.0,3,0,3,None_cut,3.9583333333333277,3,2,2,plate,2,3,plate,2,4,tomato,2,5,tomato,4,0,tomato,5,0,tomato,6,0,plate,6,3,,6,4,,7,1,plate,7,3,,7,4,,6,62.999999999994316,72.0,,,3,1.0,30.0,56.0,82.99999999999886,,,3,1.0,30.0
3390,0,1,,0,2,None_cut,4.0,3,0,3,None_cut,3.9583333333333277,3,2,2,plate,2,3,plate,2,4,tomato,2,5,tomato,4,0,tomato,5,0,tomato,6,0,plate,6,3,,6,4,,7,1,plate,7,3,,7,4,,6,61.74999999999403,72.0,,,3,1.0,30.0,56.0,81.74999999999858,,,3,1.0,30.0
3391,0,1,,0,2,None_cut,4.0,3,0,3,None_cut,3.9583333333333277,3,2,2,plate,2,3,plate,2,4,tomato,2,5,tomato,4,0,tomato,5,0,tomato,6,0,plate,6,3,,6,4,,7,1,plate,7,3,,7,4,,6,60.49999999999375,72.0,,,3,1.0,30.0,56.0,80.4999999999983,,,3,1.0,30.0
3392,0,1,,0,2,None_cut,4.0,3,0,3,None_cut,3.9583333333333277,3,2,2,plate,2,3,plate,2,4,tomato,2,5,tomato,4,0,tomato,5,0,tomato,6,0,plate,6,3,,6,4,,7,1,plate,7,3,,7,4,,6,59.24999999999346,72.0,,,3,1.0,30.0,56.0,79.24999999999801,,,3,1.0,30.0
3393,0,1,,0,2,None_cut,4.0,3,0,3,None_cut,3.9583333333333277,3,2,2,plate,2,3,plate,2,4,tomato,2,5,tomato,4,0,tomato,5,0,tomato,6,0,plate,6,3,,6,4,,7,1,plate,7,3,,7,4,,6,57.99999999999318,72.0,,,3,1.0,30.0,56.0,77.99999999999773,,,3,1.0,30.0
3394,0,1,,0,2,None_cut,4.0,3,0,3,None_cut,3.9583333333333277,3,2,2,plate,2,3,plate,2,4,tomato,2,5,tomato,4,0,tomato,5,0,tomato,6,0,plate,6,3,,6,4,,7,1,plate,7,3,,7,4,,6,56.749999999992895,72.0,,,3,1.0,30.0,56.0,76.74999999999744,,,3,1.0,30.0
3395,0,1,,0,2,None_cut,4.0,3,0,3,None_cut,3.9583333333333277,3,2,2,plate,2,3,plate,2,4,tomato,2,5,tomato,4,0,tomato,5,0,tomato,6,0,plate,6,3,,6,4,,7,1,plate,7,3,,7,4,,6,56.0,72.0,,,3,1.0,30.0,56.0,75.49999999999716,,,3,1.0,30.0
3396,0,1,,0,2,None_cut,4.0,3,0,3,None_cut,3.9583333333333277,3,2,2,plate,2,3,plate,2,4,,2,5,tomato,4,0,tomato,5,0,tomato,6,0,plate,6,3,,6,4,,7,1,plate,7,3,,7,4,,6,56.0,72.0,,tomato,3,1.0,30.0,56.0,74.24999999999687,,,3,1.0,30.0
3397,0,1,,0,2,None_cut,4.0,3,0,3,None_cut,3.9583333333333277,3,2,2,plate,2,3,plate,2,4,,2,5,tomato,4,0,tomato,5,0,tomato,6,0,plate,6,3,,6,4,,7,1,plate,7,3,,7,4,,6,56.0,72.0,,tomato,3,1.0,30.0,56.0,72.99999999999659,,,3,1.0,30.0
3398,0,1,,0,2,None_cut,4.0,3,0,3,None_cut,3.9583333333333277,3,2,2,plate,2,3,plate,2,4,,2,5,tomato,4,0,tomato,5,0,tomato,6,0,plate,6,3,,6,4,,7,1,plate,7,3,,7,4,,6,56.0,72.0,,tomato,3,1.0,30.0,56.0,71.7499999999963,,,3,1.0,30.0
3399,0,1,,0,2,None_cut,4.0,3,0,3,None_cut,3.9583333333333277,3,2,2,plate,2,3,plate,2,4,,2,5,tomato,4,0,tomato,5,0,tomato,6,0,plate,6,3,,6,4,,7,1,plate,7,3,,7,4,,6,56.0,72.0,,tomato,3,1.0,30.0,56.0,70.49999999999602,,,3,1.0,30.0
3400,0,1,,0,2,None_cut,4.0,3,0,3,None_cut,3.9583333333333277,3,2,2,plate,2,3,plate,2,4,,2,5,tomato,4,0,tomato,5,0,tomato,6,0,plate,6,3,,6,4,,7,1,plate,7,3,,7,4,,6,56.0,72.0,,tomato,3,1.0,30.0,56.0,69.24999999999574,,,3,1.0,30.0
3401,0,1,,0,2,None_cut,4.0,3,0,3,None_cut,3.9583333333333277,3,2,2,plate,2,3,plate,2,4,,2,5,tomato,4,0,tomato,5,0,tomato,6,0,plate,6,3,,6,4,,7,1,plate,7,3,,7,4,,6,56.0,72.0,,tomato,3,1.0,30.0,56.0,67.99999999999545,,,3,1.0,30.0
3402,0,1,,0,2,None_cut,4.0,3,0,3,None_cut,3.9583333333333277,3,2,2,plate,2,3,plate,2,4,,2,5,tomato,4,0,tomato,5,0,tomato,6,0,plate,6,3,,6,4,,7,1,plate,7,3,,7,4,,6,56.0,72.0,,tomato,3,1.0,30.0,56.0,66.74999999999517,,,3,1.0,30.0
3403,0,1,,0,2,None_cut,4.0,3,0,3,None_cut,3.9583333333333277,3,2,2,plate,2,3,plate,2,4,,2,5,tomato,4,0,tomato,5,0,tomato,6,0,plate,6,3,,6,4,,7,1,plate,7,3,,7,4,,6,56.0,72.0,,tomato,3,1.0,30.0,56.0,65.49999999999488,,,3,1.0,30.0
3404,0,1,,0,2,None_cut,4.0,3,0,3,None_cut,3.9583333333333277,3,2,2,plate,2,3,plate,2,4,,2,5,tomato,4,0,tomato,5,0,tomato,6,0,plate,6,3,,6,4,,7,1,plate,7,3,,7,4,,6,56.0,72.0,,tomato,3,1.0,30.0,56.0,64.2499999999946,,,3,1.0,30.0
3405,0,1,,0,2,None_cut,4.0,3,0,3,None_cut,3.9583333333333277,3,2,2,plate,2,3,plate,2,4,,2,5,tomato,4,0,tomato,5,0,tomato,6,0,plate,6,3,,6,4,,7,1,plate,7,3,,7,4,,6,56.0,72.0,,tomato,3,1.0,30.0,56.0,62.999999999994316,,,3,1.0,30.0
3406,0,1,,0,2,None_cut,4.0,3,0,3,None_cut,3.9583333333333277,3,2,2,plate,2,3,plate,2,4,,2,5,tomato,4,0,tomato,5,0,tomato,6,0,plate,6,3,,6,4,,7,1,plate,7,3,,7,4,,6,56.0,72.0,,tomato,3,1.0,30.0,56.0,61.74999999999403,,,3,1.0,30.0
3407,0,1,,0,2,None_cut,4.0,3,0,3,None_cut,3.9583333333333277,3,2,2,plate,2,3,plate,2,4,,2,5,tomato,4,0,tomato,5,0,tomato,6,0,plate,6,3,,6,4,,7,1,plate,7,3,,7,4,,6,56.0,72.0,,tomato,3,1.0,30.0,56.0,60.49999999999375,,,3,1.0,30.0
3408,0,1,,0,2,None_cut,4.0,3,0,3,None_cut,3.9583333333333277,3,2,2,plate,2,3,plate,2,4,,2,5,tomato,4,0,tomato,5,0,tomato,6,0,plate,6,3,,6,4,,7,1,plate,7,3,,7,4,,6,56.0,72.0,,tomato,3,1.0,30.0,56.0,59.24999999999346,,,3,1.0,30.0
3409,0,1,,0,2,None_cut,4.0,3,0,3,None_cut,3.9583333333333277,3,2,2,plate,2,3,plate,2,4,,2,5,tomato,4,0,tomato,5,0,tomato,6,0,plate,6,3,,6,4,,7,1,plate,7,3,,7,4,,6,56.0,72.0,,tomato,3,1.0,30.0,56.0,57.99999999999318,,,3,1.0,30.0
3410,0,1,,0,2,None_cut,4.0,3,0,3,None_cut,3.9583333333333277,3,2,2,plate,2,3,plate,2,4,,2,5,tomato,4,0,tomato,5,0,tomato,6,0,plate,6,3,,6,4,,7,1,plate,7,3,,7,4,,6,56.0,72.0,,tomato,3,1.0,30.0,56.0,56.749999999992895,,,3,1.0,30.0
3411,0,1,,0,2,None_cut,4.0,3,0,3,None_cut,3.9583333333333277,3,2,2,plate,2,3,plate,2,4,,2,5,tomato,4,0,tomato,5,0,tomato,6,0,plate,6,3,,6,4,,7,1,plate,7,3,,7,4,,6,56.0,72.0,,tomato,3,1.0,30.0,56.0,55.49999999999261,,,3,1.0,30.0
3412,0,1,,0,2,None_cut,4.0,3,0,3,None_cut,3.9583333333333277,3,2,2,plate,2,3,plate,2,4,,2,5,tomato,4,0,tomato,5,0,tomato,6,0,plate,6,3,,6,4,,7,1,plate,7,3,,7,4,,6,56.0,72.0,,tomato,3,1.0,30.0,56.0,54.249999999992326,,,3,1.0,30.0
3413,0,1,,0,2,None_cut,4.0,3,0,3,None_cut,3.9583333333333277,3,2,2,plate,2,3,plate,2,4,,2,5,tomato,4,0,tomato,5,0,tomato,6,0,plate,6,3,,6,4,,7,1,plate,7,3,,7,4,,6,56.0,72.0,,tomato,3,1.0,30.0,56.0,52.99999999999204,,,3,1.0,30.0
3414,0,1,,0,2,None_cut,4.0,3,0,3,None_cut,3.9583333333333277,3,2,2,plate,2,3,plate,2,4,,2,5,tomato,4,0,tomato,5,0,tomato,6,0,plate,6,3,,6,4,,7,1,plate,7,3,,7,4,,6,56.0,72.0,,tomato,3,1.0,30.0,56.0,51.74999999999176,,,3,1.0,30.0
3415,0,1,,0,2,None_cut,4.0,3,0,3,None_cut,3.9583333333333277,3,2,2,plate,2,3,plate,2,4,,2,5,tomato,4,0,tomato,5,0,tomato,6,0,plate,6,3,,6,4,,7,1,plate,7,3,,7,4,,6,56.0,72.0,,tomato,3,1.0,30.0,56.0,50.49999999999147,,,3,1.0,30.0
3416,0,1,,0,2,None_cut,4.0,3,0,3,None_cut,3.9583333333333277,3,2,2,plate,2,3,plate,2,4,,2,5,tomato,4,0,tomato,5,0,tomato,6,0,plate,6,3,,6,4,,7,1,plate,7,3,,7,4,,6,56.0,72.0,,tomato,3,1.0,30.0,56.0,49.24999999999119,,,3,1.0,30.0
3417,0,1,,0,2,None_cut,4.0,3,0,3,None_cut,3.9583333333333277,3,2,2,plate,2,3,plate,2,4,,2,5,tomato,4,0,tomato,5,0,tomato,6,0,plate,6,3,,6,4,,7,1,plate,7,3,,7,4,,6,56.0,72.0,,tomato,3,1.0,30.0,56.0,47.999999999990905,,,3,1.0,30.0
3418,0,1,,0,2,None_cut,4.0,3,0,3,None_cut,3.9583333333333277,3,2,2,plate,2,3,plate,2,4,,2,5,tomato,4,0,tomato,5,0,tomato,6,0,plate,6,3,,6,4,,7,1,plate,7,3,,7,4,,6,56.0,72.0,,tomato,3,1.0,30.0,56.0,46.74999999999062,,,3,1.0,30.0
3419,0,1,,0,2,None_cut,4.0,3,0,3,None_cut,3.9583333333333277,3,2,2,plate,2,3,plate,2,4,,2,5,tomato,4,0,tomato,5,0,tomato,6,0,plate,6,3,,6,4,,7,1,plate,7,3,,7,4,,6,56.0,72.0,,tomato,3,1.0,30.0,56.0,45.49999999999034,,,3,1.0,30.0
3420,0,1,,0,2,None_cut,4.0,3,0,3,None_cut,3.9583333333333277,3,2,2,plate,2,3,plate,2,4,,2,5,tomato,4,0,tomato,5,0,tomato,6,0,plate,6,3,,6,4,,7,1,plate,7,3,,7,4,,6,56.0,72.0,,tomato,3,1.0,30.0,56.0,44.24999999999005,,,3,1.0,30.0
3421,0,1,,0,2,None_cut,4.0,3,0,3,None_cut,3.9583333333333277,3,2,2,plate,2,3,plate,2,4,,2,5,tomato,4,0,tomato,5,0,tomato,6,0,plate,6,3,,6,4,,7,1,plate,7,3,,7,4,,6,56.0,72.0,,tomato,3,1.0,30.0,56.0,42.99999999998977,,,3,1.0,30.0
3422,0,1,,0,2,None_cut,4.0,3,0,3,None_cut,3.9583333333333277,3,2,2,plate,2,3,plate,2,4,,2,5,tomato,4,0,tomato,5,0,tomato,6,0,plate,6,3,,6,4,,7,1,plate,7,3,,7,4,,6,56.0,72.0,,tomato,3,1.0,30.0,56.0,41.749999999989484,,,3,1.0,30.0
3423,0,1,,0,2,None_cut,4.0,3,0,3,None_cut,3.9583333333333277,3,2,2,plate,2,3,plate,2,4,,2,5,tomato,4,0,tomato,5,0,tomato,6,0,plate,6,3,,6,4,,7,1,plate,7,3,,7,4,,6,56.0,72.0,,tomato,3,1.0,30.0,56.0,40.4999999999892,,,3,1.0,30.0
3424,0,1,,0,2,None_cut,4.0,3,0,3,None_cut,3.9583333333333277,3,2,2,plate,2,3,plate,2,4,,2,5,tomato,4,0,tomato,5,0,tomato,6,0,plate,6,3,,6,4,,7,1,plate,7,3,,7,4,,6,56.0,72.0,,tomato,3,1.0,30.0,56.66756619610814,39.52408922643008,,,3,1.0,30.0
3425,0,1,,0,2,None_cut,4.0,3,0,3,None_cut,3.9583333333333277,3,2,2,plate,2,3,plate,2,4,,2,5,tomato,4,0,tomato,5,0,tomato,6,0,plate,6,3,,6,4,,7,1,plate,7,3,,7,4,,6,56.0,72.0,,tomato,3,1.0,30.0,57.54594276993464,38.634732945431324,,,3,1.0,30.0
3426,0,1,,0,2,None_cut,4.0,3,0,3,None_cut,3.9583333333333277,3,2,2,plate,2,3,plate,2,4,,2,5,tomato,4,0,tomato,5,0,tomato,6,0,plate,6,3,,6,4,,7,1,plate,7,3,,7,4,,6,56.0,72.0,,tomato,3,1.0,30.0,58.42431934376114,37.74537666443257,,,3,1.0,30.0
3427,0,1,,0,2,None_cut,4.0,3,0,3,None_cut,3.9583333333333277,3,2,2,plate,2,3,plate,2,4,,2,5,tomato,4,0,tomato,5,0,tomato,6,0,plate,6,3,,6,4,,7,1,plate,7,3,,7,4,,6,56.0,72.0,,tomato,3,1.0,30.0,59.30269591758764,36.856020383433815,,,3,1.0,30.0
3428,0,1,,0,2,None_cut,4.0,3,0,3,None_cut,3.9583333333333277,3,2,2,plate,2,3,plate,2,4,,2,5,tomato,4,0,tomato,5,0,tomato,6,0,plate,6,3,,6,4,,7,1,plate,7,3,,7,4,,6,56.0,72.0,,tomato,3,1.0,30.0,60.18107249141414,35.96666410243506,,,3,1.0,30.0
3429,0,1,,0,2,None_cut,4.0,3,0,3,None_cut,3.9583333333333277,3,2,2,plate,2,3,plate,2,4,,2,5,tomato,4,0,tomato,5,0,tomato,6,0,plate,6,3,,6,4,,7,1,plate,7,3,,7,4,,6,56.0,72.0,,tomato,3,1.0,30.0,61.05944906524064,35.07730782143631,,,3,1.0,30.0
3430,0,1,,0,2,None_cut,4.0,3,0,3,None_cut,3.9583333333333277,3,2,2,plate,2,3,plate,2,4,,2,5,tomato,4,0,tomato,5,0,tomato,6,0,plate,6,3,,6,4,,7,1,plate,7,3,,7,4,,6,56.0,72.0,,tomato,3,1.0,30.0,61.93782563906714,34.18795154043755,,,3,1.0,30.0
3431,0,1,,0,2,None_cut,4.0,3,0,3,None_cut,3.9583333333333277,3,2,2,plate,2,3,plate,2,4,,2,5,tomato,4,0,tomato,5,0,tomato,6,0,plate,6,3,,6,4,,7,1,plate,7,3,,7,4,,6,56.0,72.0,,tomato,3,1.0,30.0,62.81620221289364,33.2985952594388,,,3,1.0,30.0
3432,0,1,,0,2,None_cut,4.0,3,0,3,None_cut,3.9583333333333277,3,2,2,plate,2,3,plate,2,4,,2,5,tomato,4,0,tomato,5,0,tomato,6,0,plate,6,3,,6,4,,7,1,plate,7,3,,7,4,,6,56.0,72.0,,tomato,3,1.0,30.0,63.69457878672014,32.409238978440044,,,3,1.0,30.0
3433,0,1,,0,2,None_cut,4.0,3,0,3,None_cut,3.9583333333333277,3,2,2,plate,2,3,plate,2,4,,2,5,tomato,4,0,tomato,5,0,tomato,6,0,plate,6,3,,6,4,,7,1,plate,7,3,,7,4,,6,56.0,72.0,,tomato,3,1.0,30.0,64.57295536054711,31.519882697441098,,,3,1.0,30.0
3434,0,1,,0,2,None_cut,4.0,3,0,3,None_cut,3.9583333333333277,3,2,2,plate,2,3,plate,2,4,,2,5,tomato,4,0,tomato,5,0,tomato,6,0,plate,6,3,,6,4,,7,1,plate,7,3,,7,4,,6,56.0,72.0,,tomato,3,1.0,30.0,65.45133193437432,30.630526416441988,,,3,1.0,30.0
3435,0,1,,0,2,None_cut,4.0,3,0,3,None_cut,3.9583333333333277,3,2,2,plate,2,3,plate,2,4,,2,5,tomato,4,0,tomato,5,0,tomato,6,0,plate,6,3,,6,4,,7,1,plate,7,3,,7,4,,6,56.0,72.0,,tomato,3,1.0,30.0,66.32970850820153,29.74117013544288,,,3,1.0,30.0
3436,0,1,,0,2,None_cut,4.0,3,0,3,None_cut,3.9583333333333277,3,2,2,plate,2,3,plate,2,4,,2,5,tomato,4,0,tomato,5,0,tomato,6,0,plate,6,3,,6,4,,7,1,plate,7,3,,7,4,,6,56.0,72.0,,tomato,3,1.0,30.0,67.20808508202875,28.85181385444377,,,3,1.0,30.0
3437,0,1,,0,2,None_cut,4.0,3,0,3,None_cut,3.9583333333333277,3,2,2,plate,2,3,plate,2,4,,2,5,tomato,4,0,tomato,5,0,tomato,6,0,plate,6,3,,6,4,,7,1,plate,7,3,,7,4,,6,56.0,72.0,,tomato,3,1.0,30.0,68.08646165585596,27.96245757344466,,,3,1.0,30.0
3438,0,1,,0,2,None_cut,4.0,3,0,3,None_cut,3.9583333333333277,3,2,2,plate,2,3,plate,2,4,,2,5,tomato,4,0,tomato,5,0,tomato,6,0,plate,6,3,,6,4,,7,1,plate,7,3,,7,4,,6,56.0,72.0,,tomato,3,1.0,30.0,68.96483822968314,27.07310129244555,,,3,1.0,30.0
3439,0,1,,0,2,None_cut,4.0,3,0,3,None_cut,3.9583333333333277,3,2,2,plate,2,3,plate,2,4,,2,5,tomato,4,0,tomato,5,0,tomato,6,0,plate,6,3,,6,4,,7,1,plate,7,3,,7,4,,6,56.0,72.0,,tomato,3,1.0,30.0,69.8432148035095,26.18374501144644,,,3,1.0,30.0
3440,0,1,,0,2,None_cut,4.0,3,0,3,None_cut,3.9583333333333277,3,2,2,plate,2,3,plate,2,4,,2,5,tomato,4,0,tomato,5,0,tomato,6,0,plate,6,3,,6,4,,7,1,plate,7,3,,7,4,,6,56.0,72.0,,tomato,3,1.0,30.0,70.72159137733586,25.29438873044733,,,3,1.0,30.0
3441,0,1,,0,2,None_cut,4.0,3,0,3,None_cut,3.9583333333333277,3,2,2,plate,2,3,plate,2,4,,2,5,tomato,4,0,tomato,5,0,tomato,6,0,plate,6,3,,6,4,,7,1,plate,7,3,,7,4,,6,56.0,72.0,,tomato,3,1.0,30.0,71.59996795116221,24.40503244944822,,,3,1.0,30.0
3442,0,1,,0,2,None_cut,4.0,3,0,3,None_cut,3.9583333333333277,3,2,2,plate,2,3,plate,2,4,,2,5,tomato,4,0,tomato,5,0,tomato,6,0,plate,6,3,,6,4,,7,1,plate,7,3,,7,4,,6,56.0,72.0,,tomato,3,1.0,30.0,72.0,24.0,,,3,1.0,30.0
3443,0,1,,0,2,None_cut,4.0,3,0,3,None_cut,3.9583333333333277,3,2,2,plate,2,3,plate,2,4,,2,5,tomato,4,0,tomato,5,0,tomato,6,0,plate,6,3,,6,4,,7,1,plate,7,3,,7,4,,6,56.0,72.0,,tomato,3,1.0,30.0,72.0,24.0,,tomato,3,1.0,30.0
3444,0,1,,0,2,None_cut,4.0,3,0,3,None_cut,3.9583333333333277,3,2,2,plate,2,3,plate,2,4,,2,5,tomato,4,0,tomato,5,0,tomato,6,0,plate,6,3,,6,4,,7,1,plate,7,3,,7,4,,6,56.0,72.0,,tomato,3,1.0,30.0,72.0,24.0,,tomato,3,1.0,30.0
3445,0,1,,0,2,None_cut,4.0,3,0,3,None_cut,3.9583333333333277,3,2,2,plate,2,3,plate,2,4,,2,5,tomato,4,0,tomato,5,0,tomato,6,0,plate,6,3,,6,4,,7,1,plate,7,3,,7,4,,6,56.0,73.25000000000028,,tomato,3,1.0,30.0,72.0,24.0,,tomato,3,1.0,30.0
3446,0,1,,0,2,None_cut,4.0,3,0,3,None_cut,3.9583333333333277,3,2,2,plate,2,3,plate,2,4,,2,5,tomato,4,0,tomato,5,0,tomato,6,0,plate,6,3,,6,4,,7,1,plate,7,3,,7,4,,6,56.0,74.50000000000057,,tomato,3,1.0,30.0,72.0,24.0,,tomato,3,1.0,30.0
3447,0,1,,0,2,None_cut,4.0,3,0,3,None_cut,3.9583333333333277,3,2,2,plate,2,3,plate,2,4,,2,5,tomato,4,0,tomato,5,0,tomato,6,0,plate,6,3,,6,4,,7,1,plate,7,3,,7,4,,6,56.0,75.75000000000085,,tomato,3,1.0,30.0,72.0,24.0,,tomato,3,1.0,30.0
3448,0,1,,0,2,None_cut,4.0,3,0,3,None_cut,3.9583333333333277,3,2,2,plate,2,3,plate,2,4,,2,5,tomato,4,0,tomato,5,0,tomato,6,0,plate,6,3,,6,4,,7,1,plate,7,3,,7,4,,6,56.0,77.00000000000114,,tomato,3,1.0,30.0,72.0,24.0,,tomato,3,1.0,30.0
3449,0,1,,0,2,None_cut,4.0,3,0,3,None_cut,3.9583333333333277,3,2,2,plate,2,3,plate,2,4,,2,5,tomato,4,0,tomato,5,0,tomato,6,0,plate,6,3,,6,4,,7,1,plate,7,3,,7,4,,6,56.0,78.25000000000142,,tomato,3,1.0,30.0,72.0,24.0,,tomato,3,1.0,30.0
3450,0,1,,0,2,None_cut,4.0,3,0,3,None_cut,3.9583333333333277,3,2,2,plate,2,3,plate,2,4,,2,5,tomato,4,0,tomato,5,0,tomato,6,0,plate,6,3,,6,4,,7,1,plate,7,3,,7,4,,6,56.0,79.5000000000017,,tomato,3,1.0,30.0,72.0,24.0,,tomato,3,1.0,30.0
3451,0,1,,0,2,None_cut,4.0,3,0,3,None_cut,3.9583333333333277,3,2,2,plate,2,3,plate,2,4,,2,5,tomato,4,0,tomato,5,0,tomato,6,0,plate,6,3,,6,4,,7,1,plate,7,3,,7,4,,6,56.0,80.75000000000199,,tomato,3,1.0,30.0,72.0,24.0,,tomato,3,1.0,30.0
3452,0,1,,0,2,None_cut,4.0,3,0,3,None_cut,3.9583333333333277,3,2,2,plate,2,3,plate,2,4,,2,5,tomato,4,0,tomato,5,0,tomato,6,0,plate,6,3,,6,4,,7,1,plate,7,3,,7,4,,6,56.0,82.00000000000227,,tomato,3,1.0,30.0,72.0,24.0,,tomato,3,1.0,30.0
3453,0,1,,0,2,None_cut,4.0,3,0,3,None_cut,3.9583333333333277,3,2,2,plate,2,3,plate,2,4,,2,5,tomato,4,0,tomato,5,0,tomato,6,0,plate,6,3,,6,4,,7,1,plate,7,3,,7,4,,6,56.0,83.25000000000256,,tomato,3,1.0,30.0,72.0,24.0,,tomato,3,1.0,30.0
3454,0,1,,0,2,None_cut,4.0,3,0,3,None_cut,3.9583333333333277,3,2,2,plate,2,3,plate,2,4,,2,5,tomato,4,0,tomato,5,0,tomato,6,0,plate,6,3,,6,4,,7,1,plate,7,3,,7,4,,6,56.0,84.50000000000284,,tomato,3,1.0,30.0,72.0,24.0,,tomato,3,1.0,30.0
3455,0,1,,0,2,None_cut,4.0,3,0,3,None_cut,3.9583333333333277,3,2,2,plate,2,3,plate,2,4,,2,5,tomato,4,0,tomato,5,0,tomato,6,0,plate,6,3,,6,4,,7,1,plate,7,3,,7,4,,6,56.0,85.75000000000313,,tomato,3,1.0,30.0,72.0,24.0,,tomato,3,1.0,30.0
3456,0,1,,0,2,None_cut,4.0,3,0,3,None_cut,3.9583333333333277,3,2,2,plate,2,3,plate,2,4,,2,5,tomato,4,0,tomato,5,0,tomato,6,0,plate,6,3,,6,4,,7,1,plate,7,3,,7,4,,6,56.0,87.00000000000341,,tomato,3,1.0,30.0,72.0,24.0,,tomato,3,1.0,30.0
3457,0,1,,0,2,None_cut,4.0,3,0,3,None_cut,3.9583333333333277,3,2,2,plate,2,3,plate,2,4,,2,5,tomato,4,0,tomato,5,0,tomato,6,0,plate,6,3,,6,4,,7,1,plate,7,3,,7,4,,6,55.68378443342246,88.12016826116314,,tomato,3,1.0,30.0,72.0,25.24999999999993,,tomato,3,1.0,30.0
3458,0,1,,0,2,None_cut,4.0,3,0,3,None_cut,3.9583333333333277,3,2,2,plate,2,3,plate,2,4,,2,5,tomato,4,0,tomato,5,0,tomato,6,0,plate,6,3,,6,4,,7,1,plate,7,3,,7,4,,6,54.80540785959596,89.0095245421619,,tomato,3,1.0,30.0,72.0,26.499999999999858,,tomato,3,1.0,30.0
3459,0,1,,0,2,None_cut,4.0,3,0,3,None_cut,3.9583333333333277,3,2,2,plate,2,3,plate,2,4,,2,5,tomato,4,0,tomato,5,0,tomato,6,0,plate,6,3,,6,4,,7,1,plate,7,3,,7,4,,6,53.92703128576946,89.89888082316065,,tomato,3,1.0,30.0,72.0,27.749999999999787,,tomato,3,1.0,30.0
3460,0,1,,0,2,None_cut,4.0,3,0,3,None_cut,3.9583333333333277,3,2,2,plate,2,3,plate,2,4,,2,5,tomato,4,0,tomato,5,0,tomato,6,0,plate,6,3,,6,4,,7,1,plate,7,3,,7,4,,6,53.04865471194296,90.7882371041594,,tomato,3,1.0,30.0,72.0,28.999999999999716,,tomato,3,1.0,30.0
3461,0,1,,0,2,None_cut,4.0,3,0,3,None_cut,3.9583333333333277,3,2,2,plate,2,3,plate,2,4,,2,5,tomato,4,0,tomato,5,0,tomato,6,0,plate,6,3,,6,4,,7,1,plate,7,3,,7,4,,6,52.17027813811646,91.67759338515816,,tomato,3,1.0,30.0,72.0,30.249999999999645,,tomato,3,1.0,30.0
3462,0,1,,0,2,None_cut,4.0,3,0,3,None_cut,3.9583333333333277,3,2,2,plate,2,3,plate,2,4,,2,5,tomato,4,0,tomato,5,0,tomato,6,0,plate,6,3,,6,4,,7,1,plate,7,3,,7,4,,6,51.29190156428996,92.56694966615692,,tomato,3,1.0,30.0,72.0,31.499999999999574,,tomato,3,1.0,30.0
3463,0,1,,0,2,None_cut,4.0,3,0,3,None_cut,3.9583333333333277,3,2,2,plate,2,3,plate,2,4,,2,5,tomato,4,0,tomato,5,0,tomato,6,0,plate,6,3,,6,4,,7,1,plate,7,3,,7,4,,6,50.41352499046346,93.45630594715567,,tomato,3,1.0,30.0,72.0,32.749999999999716,,tomato,3,1.0,30.0
3464,0,1,,0,2,None_cut,4.0,3,0,3,None_cut,3.9583333333333277,3,2,2,plate,2,3,plate,2,4,,2,5,tomato,4,0,tomato,5,0,tomato,6,0,plate,6,3,,6,4,,7,1,plate,7,3,,7,4,,6,49.53514841663696,94.34566222815442,,tomato,3,1.0,30.0,72.0,34.0,,tomato,3,1.0,30.0
3465,0,1,,0,2,None_cut,4.0,3,0,3,None_cut,3.9583333333333277,3,2,2,plate,2,3,plate,2,4,,2,5,tomato,4,0,tomato,5,0,tomato,6,0,plate,6,3,,6,4,,7,1,plate,7,3,,7,4,,6,48.65677184281046,95.23501850915318,,tomato,3,1.0,30.0,72.0,35.250000000000284,,tomato,3,1.0,30.0
3466,0,1,,0,2,None_cut,4.0,3,0,3,None_cut,3.9583333333333277,3,2,2,plate,2,3,plate,2,4,,2,5,tomato,4,0,tomato,5,0,tomato,6,0,plate,6,3,,6,4,,7,1,plate,7,3,,7,4,,6,47.77839526898396,96.12437479015193,,tomato,3,1.0,30.0,72.0,36.50000000000057,,tomato,3,1.0,30.0
3467,0,1,,0,2,None_cut,4.0,3,0,3,None_cut,3.9583333333333277,3,2,2,plate,2,3,plate,2,4,,2,5,tomato,4,0,tomato,5,0,tomato,6,0,plate,6,3,,6,4,,7,1,plate,7,3,,7,4,,6,46.900018695157456,97.01373107115069,,tomato,3,1.0,30.0,72.0,37.75000000000085,,tomato,3,1.0,30.0
3468,0,1,,0,2,None_cut,4.0,3,0,3,None_cut,3.9583333333333277,3,2,2,plate,2,3,plate,2,4,,2,5,tomato,4,0,tomato,5,0,tomato,6,0,plate,6,3,,6,4,,7,1,plate,7,3,,7,4,,6,46.021642121330956,97.90308735214998,,tomato,3,1.0,30.0,72.0,39.00000000000114,,tomato,3,1.0,30.0
3469,0,1,,0,2,None_cut,4.0,3,0,3,None_cut,3.9583333333333277,3,2,2,plate,2,3,plate,2,4,,2,5,tomato,4,0,tomato,5,0,tomato,6,0,plate,6,3,,6,4,,7,1,plate,7,3,,7,4,,6,45.143265547504456,98.79244363314967,,tomato,3,1.0,30.0,72.0,40.25000000000142,,tomato,3,1.0,30.0
3470,0,1,,0,2,None_cut,4.0,3,0,3,None_cut,3.9583333333333277,3,2,2,plate,2,3,plate,2,4,,2,5,tomato,4,0,tomato,5,0,tomato,6,0,plate,6,3,,6,4,,7,1,plate,7,3,,7,4,,6,44.264888973677955,99.68179991414935,,tomato,3,1.0,30.0,72.0,41.500000000001705,,tomato,3,1.0,30.0
3471,0,1,,0,2,None_cut,4.0,3,0,3,None_cut,3.9583333333333277,3,2,2,plate,2,3,plate,2,4,,2,5,tomato,4,0,tomato,5,0,tomato,6,0,plate,6,3,,6,4,,7,1,plate,7,3,,7,4,,6,43.386512399851455,100.57115619514904,,tomato,3,1.0,30.0,72.0,42.75000000000199,,tomato,3,1.0,30.0
3472,0,1,,0,2,None_cut,4.0,3,0,3,None_cut,3.9583333333333277,3,2,2,plate,2,3,plate,2,4,,2,5,tomato,4,0,tomato,5,0,tomato,6,0,plate,6,3,,6,4,,7,1,plate,7,3,,7,4,,6,42.508135826024954,101.46051247614872,,tomato,3,1.0,30.0,72.0,44.000000000002274,,tomato,3,1.0,30.0
3473,0,1,,0,2,None_cut,4.0,3,0,3,None_cut,3.9583333333333277,3,2,2,plate,2,3,plate,2,4,,2,5,tomato,4,0,tomato,5,0,tomato,6,0,plate,6,3,,6,4,,7,1,plate,7,3,,7,4,,6,41.629759252198454,102.34986875714841,,tomato,3,1.0,30.0,72.0,45.25000000000256,,tomato,3,1.0,30.0
3474,0,1,,0,2,None_cut,4.0,3,0,3,None_cut,3.9583333333333277,3,2,2,plate,2,3,plate,2,4,,2,5,tomato,4,0,tomato,5,0,tomato,6,0,plate,6,3,,6,4,,7,1,plate,7,3,,7,4,,6,40.751382678371954,103.23922503814809,,tomato,3,1.0,30.0,72.0,46.50000000000284,,tomato,3,1.0,30.0
3475,0,1,,0,2,None_cut,4.0,3,0,3,None_cut,3.9583333333333277,3,2,2,plate,2,3,plate,2,4,,2,5,tomato,4,0,tomato,5,0,tomato,6,0,plate,6,3,,6,4,,7,1,plate,7,3,,7,4,,6,39.867259497346396,103.49402419263647,,tomato,3,1.0,30.0,72.0,47.750000000003126,,tomato,3,1.0,30.0
3476,0,1,,0,2,None_cut,4.0,3,0,3,None_cut,3.9583333333333277,3,2,2,plate,2,3,plate,2,4,,2,5,tomato,4,0,tomato,5,0,tomato,6,0,plate,6,3,,6,4,,7,1,plate,7,3,,7,4,,6,38.972920125744736,102.62072178888253,,tomato,3,1.0,30.0,72.0,49.00000000000341,,tomato,3,1.0,30.0
3477,0,1,,0,2,None_cut,4.0,3,0,3,None_cut,3.9583333333333277,3,2,2,plate,2,3,plate,2,4,,2,5,tomato,4,0,tomato,5,0,tomato,6,0,plate,6,3,,6,4,,7,1,plate,7,3,,7,4,,6,38.078580754143076,101.7474193851286,,tomato,3,1.0,30.0,72.0,50.250000000003695,,tomato,3,1.0,30.0
3478,0,1,,0,2,None_cut,4.0,3,0,3,None_cut,3.9583333333333277,3,2,2,plate,2,3,plate,2,4,,2,5,tomato,4,0,tomato,5,0,tomato,6,0,plate,6,3,,6,4,,7,1,plate,7,3,,7,4,,6,37.184241382541416,100.87411698137466,,tomato,3,1.0,30.0,72.0,51.50000000000398,,tomato,3,1.0,30.0
3479,0,1,,0,2,None_cut,4.0,3,0,3,None_cut,3.9583333333333277,3,2,2,plate,2,3,plate,2,4,,2,5,tomato,4,0,tomato,5,0,tomato,6,0,plate,6,3,,6,4,,7,1,plate,7,3,,7,4,,6,36.289902010939755,100.00081457762072,,tomato,3,1.0,30.0,72.0,52.75000000000426,,tomato,3,1.0,30.0
3480,0,1,,0,2,None_cut,4.0,3,0,3,None_cut,3.9583333333333277,3,2,2,plate,2,3,plate,2,4,,2,5,tomato,4,0,tomato,5,0,tomato,6,0,plate,6,3,,6,4,,7,1,plate,7,3,,7,4,,6,35.395562639338095,99.12751217386678,,tomato,3,1.0,30.0,72.0,54.00000000000455,,tomato,3,1.0,30.0
3481,0,1,,0,2,None_cut,4.0,3,0,3,None_cut,3.9583333333333277,3,2,2,plate,2,3,plate,2,4,,2,5,tomato,4,0,tomato,5,0,tomato,6,0,plate,6,3,,6,4,,7,1,plate,7,3,,7,4,,6,34.501223267736435,98.25420977011284,,tomato,3,1.0,30.0,72.0,55.25000000000483,,tomato,3,1.0,30.0
3482,0,1,,0,2,None_cut,4.0,3,0,3,None_cut,3.9583333333333277,3,2,2,plate,2,3,plate,2,4,,2,5,tomato,4,0,tomato,5,0,tomato,6,0,plate,6,3,,6,4,,7,1,plate,7,3,,7,4,,6,33.606883896134775,97.3809073663589,,tomato,3,1.0,30.0,71.50810911865676,56.29803951736466,,tomato,3,1.0,30.0
3483,0,1,,0,2,None_cut,4.0,3,0,3,None_cut,3.9583333333333277,3,2,2,plate,2,3,plate,2,4,,2,5,tomato,4,0,tomato,5,0,tomato,6,0,plate,6,3,,6,4,,7,1,plate,7,3,,7,4,,6,32.712544524533115,96.50760496260496,,tomato,3,1.0,30.0,70.62973254482955,57.18739579836412,,tomato,3,1.0,30.0
3484,0,1,,0,2,None_cut,4.0,3,0,3,None_cut,3.9583333333333277,3,2,2,plate,2,3,plate,2,4,,2,5,tomato,4,0,tomato,5,0,tomato,6,0,plate,6,3,,6,4,,7,1,plate,7,3,,7,4,,6,31.818205152931455,95.63430255885102,,tomato,3,1.0,30.0,69.75135597100234,58.07675207936359,,tomato,3,1.0,30.0
3485,0,1,,0,2,None_cut,4.0,3,0,3,None_cut,3.9583333333333277,3,2,2,plate,2,3,plate,2,4,,2,5,tomato,4,0,tomato,5,0,tomato,6,0,plate,6,3,,6,4,,7,1,plate,7,3,,7,4,,6,30.923865781329795,94.76100015509708,,tomato,3,1.0,30.0,68.87297939717513,58.96610836036305,,tomato,3,1.0,30.0
3486,0,1,,0,2,None_cut,4.0,3,0,3,None_cut,3.9583333333333277,3,2,2,plate,2,3,plate,2,4,,2,5,tomato,4,0,tomato,5,0,tomato,6,0,plate,6,3,,6,4,,7,1,plate,7,3,,7,4,,6,30.029526409728135,93.88769775134314,,tomato,3,1.0,30.0,67.99460282334792,59.855464641362516,,tomato,3,1.0,30.0
3487,0,1,,0,2,None_cut,4.0,3,0,3,None_cut,3.9583333333333277,3,2,2,plate,2,3,plate,2,4,,2,5,tomato,4,0,tomato,5,0,tomato,6,0,plate,6,3,,6,4,,7,1,plate,7,3,,7,4,,6,29.135187038126475,93.0143953475892,,tomato,3,1.0,30.0,67.11622624952071,60.74482092236198,,tomato,3,1.0,30.0
3488,0,1,,0,2,None_cut,4.0,3,0,3,None_cut,3.9583333333333277,3,2,2,plate,2,3,plate,2,4,,2,5,tomato,4,0,tomato,5,0,tomato,6,0,plate,6,3,,6,4,,7,1,plate,7,3,,7,4,,6,28.240847666524814,92.14109294383526,,tomato,3,1.0,30.0,66.2378496756935,61.634177203361446,,tomato,3,1.0,30.0
3489,0,1,,0,2,None_cut,4.0,3,0,3,None_cut,3.9583333333333277,3,2,2,plate,2,3,plate,2,4,,2,5,tomato,4,0,tomato,5,0,tomato,6,0,plate,6,3,,6,4,,7,1,plate,7,3,,7,4,,6,27.346508294923503,91.26779054008132,,tomato,3,1.0,30.0,65.35947310186661,62.52353348436091,,tomato,3,1.0,30.0
3490,0,1,,0,2,None_cut,4.0,3,0,3,None_cut,3.9583333333333277,3,2,2,plate,2,3,plate,2,4,,2,5,tomato,4,0,tomato,5,0,tomato,6,0,plate,6,3,,6,4,,7,1,plate,7,3,,7,4,,6,26.452168923322198,90.39448813632708,,tomato,3,1.0,30.0,64.4810965280399,63.412889765360376,,tomato,3,1.0,30.0
3491,0,1,,0,2,None_cut,4.0,3,0,3,None_cut,3.9583333333333277,3,2,2,plate,2,3,plate,2,4,,2,5,tomato,4,0,tomato,5,0,tomato,6,0,plate,6,3,,6,4,,7,1,plate,7,3,,7,4,,6,25.557829551720893,89.5211857325725,,tomato,3,1.0,30.0,63.6027199542133,64.3022460463596,,tomato,3,1.0,30.0
3492,0,1,,0,2,None_cut,4.0,3,0,3,None_cut,3.9583333333333277,3,2,2,plate,2,3,plate,2,4,,2,5,tomato,4,0,tomato,5,0,tomato,6,0,plate,6,3,,6,4,,7,1,plate,7,3,,7,4,,6,24.663490180119588,88.64788332881794,,tomato,3,1.0,30.0,62.7243433803868,65.19160232735835,,tomato,3,1.0,30.0
3493,0,1,,0,2,None_cut,4.0,3,0,3,None_cut,3.9583333333333277,3,2,2,plate,2,3,plate,2,4,,2,5,tomato,4,0,tomato,5,0,tomato,6,0,plate,6,3,,6,4,,7,1,plate,7,3,,7,4,,6,24.191082033044587,87.59381111981276,,tomato,3,1.0,30.0,61.8459668065603,66.08095860835711,,tomato,3,1.0,30.0
3494,0,1,,0,2,None_cut,4.0,3,0,3,None_cut,3.9583333333333277,3,2,2,plate,2,3,plate,2,4,,2,5,tomato,4,0,tomato,5,0,tomato,6,0,plate,6,3,,6,4,,7,1,plate,7,3,,7,4,,6,24.175766045873083,86.34390495511929,,tomato,3,1.0,30.0,60.9675902327338,66.97031488935586,,tomato,3,1.0,30.0
3495,0,1,,0,2,None_cut,4.0,3,0,3,None_cut,3.9583333333333277,3,2,2,plate,2,3,plate,2,4,,2,5,tomato,4,0,tomato,5,0,tomato,6,0,plate,6,3,,6,4,,7,1,plate,7,3,,7,4,,6,24.160450058701578,85.09399879042581,,tomato,3,1.0,30.0,60.0892136589073,67.85967117035472,,tomato,3,1.0,30.0
3496,0,1,,0,2,None_cut,4.0,3,0,3,None_cut,3.9583333333333277,3,2,2,plate,2,3,plate,2,4,,2,5,tomato,4,0,tomato,5,0,tomato,6,0,plate,6,3,,6,4,,7,1,plate,7,3,,7,4,,6,24.145134071530073,83.84409262573234,,tomato,3,1.0,30.0,59.2108370850808,68.74902745135441,,tomato,3,1.0,30.0
3497,0,1,,0,2,None_cut,4.0,3,0,3,None_cut,3.9583333333333277,3,2,2,plate,2,3,plate,2,4,,2,5,tomato,4,0,tomato,5,0,tomato,6,0,plate,6,3,,6,4,,7,1,plate,7,3,,7,4,,6,24.12981808435857,82.59418646103887,,tomato,3,1.0,30.0,58.3324605112543,69.63838373235409,,tomato,3,1.0,30.0
3498,0,1,,0,2,None_cut,4.0,3,0,3,None_cut,3.9583333333333277,3,2,2,plate,2,3,plate,2,4,,2,5,tomato,4,0,tomato,5,0,tomato,6,0,plate,6,3,,6,4,,7,1,plate,7,3,,7,4,,6,24.114502097187064,81.3442802963454,,tomato,3,1.0,30.0,57.4540839374278,70.52774001335376,,tomato,3,1.0,30.0
3499,0,1,,0,2,None_cut,4.0,3,0,3,None_cut,3.9583333333333277,3,2,2,plate,2,3,plate,2,4,,2,5,tomato,4,0,tomato,5,0,tomato,6,0,plate,6,3,,6,4,,7,1,plate,7,3,,7,4,,6,24.09918611001556,80.09437413165193,,tomato,3,1.0,30.0,56.575707363601296,71.41709629435346,,tomato,3,1.0,30.0
3500,0,1,,0,2,None_cut,4.0,3,0,3,None_cut,3.9583333333333277,3,2,2,plate,2,3,plate,2,4,,2,5,tomato,4,0,tomato,5,0,tomato,6,0,plate,6,3,,6,4,,7,1,plate,7,3,,7,4,,6,24.083870122844193,78.84446796695846,,tomato,3,1.0,30.0,56.0,72.0,,tomato,3,1.0,30.0
3501,0,1,,0,2,None_cut,4.0,3,0,3,None_cut,3.9583333333333277,3,2,2,plate,2,3,plate,2,4,tomato,2,5,tomato,4,0,tomato,5,0,tomato,6,0,plate,6,3,,6,4,,7,1,plate,7,3,,7,4,,6,24.068554135672855,77.59456180226499,,tomato,3,1.0,30.0,56.0,72.0,,,3,1.0,30.0
3502,0,1,,0,2,None_cut,4.0,3,0,3,None_cut,3.9583333333333277,3,2,2,plate,2,3,plate,2,4,tomato,2,5,tomato,4,0,tomato,5,0,tomato,6,0,plate,6,3,,6,4,,7,1,plate,7,3,,7,4,,6,24.05323814850152,76.34465563757152,,tomato,3,1.0,30.0,56.0,72.0,,,3,1.0,30.0
3503,0,1,,0,2,None_cut,4.0,3,0,3,None_cut,3.9583333333333277,3,2,2,plate,2,3,plate,2,4,tomato,2,5,tomato,4,0,tomato,5,0,tomato,6,0,plate,6,3,,6,4,,7,1,plate,7,3,,7,4,,6,24.037922161330187,75.09474947287805,,tomato,3,1.0,30.0,56.0,72.0,,,3,1.0,30.0
3504,0,1,,0,2,None_cut,4.0,3,0,3,None_cut,3.9583333333333277,3,2,2,plate,2,3,plate,2,4,tomato,2,5,tomato,4,0,tomato,5,0,tomato,6,0,plate,6,3,,6,4,,7,1,plate,7,3,,7,4,,6,24.02260617415885,73.84484330818458,,tomato,3,1.0,30.0,56.0,72.0,,,3,1.0,30.0
3505,0,1,,0,2,None_cut,4.0,3,0,3,None_cut,3.9583333333333277,3,2,2,plate,2,3,plate,2,4,tomato,2,5,tomato,4,0,tomato,5,0,tomato,6,0,plate,6,3,,6,4,,7,1,plate,7,3,,7,4,,6,24.007290186987515,72.59493714349111,,tomato,3,1.0,30.0,56.0,72.0,,,3,1.0,30.0
3506,0,1,,0,2,None_cut,4.0,3,0,3,None_cut,3.9583333333333277,3,2,2,plate,2,3,plate,2,4,tomato,2,5,tomato,4,0,tomato,5,0,tomato,6,0,plate,6,3,,6,4,,7,1,plate,7,3,,7,4,,6,24.00226367964327,71.34496718003783,,tomato,3,1.0,30.0,56.0,72.0,,,3,1.0,30.0
3507,0,1,,0,2,None_cut,4.0,3,0,3,None_cut,3.9583333333333277,3,2,2,plate,2,3,plate,2,4,tomato,2,5,tomato,4,0,tomato,5,0,tomato,6,0,plate,6,3,,6,4,,7,1,plate,7,3,,7,4,,6,24.002079280452953,70.09496719363875,,tomato,3,1.0,30.0,56.0,72.0,,,3,1.0,30.0
3508,0,1,,0,2,None_cut,4.0,3,0,3,None_cut,3.9583333333333277,3,2,2,plate,2,3,plate,2,4,tomato,2,5,tomato,4,0,tomato,5,0,tomato,6,0,plate,6,3,,6,4,,7,1,plate,7,3,,7,4,,6,24.001894881262636,68.84496720723968,,tomato,3,1.0,30.0,56.0,72.0,,,3,1.0,30.0
3509,0,1,,0,2,None_cut,4.0,3,0,3,None_cut,3.9583333333333277,3,2,2,plate,2,3,plate,2,4,tomato,2,5,tomato,4,0,tomato,5,0,tomato,6,0,plate,6,3,,6,4,,7,1,plate,7,3,,7,4,,6,24.00171048207232,67.5949672208406,,tomato,3,1.0,30.0,56.0,72.0,,,3,1.0,30.0
3510,0,1,,0,2,None_cut,4.0,3,0,3,None_cut,3.9583333333333277,3,2,2,plate,2,3,plate,2,4,tomato,2,5,tomato,4,0,tomato,5,0,tomato,6,0,plate,6,3,,6,4,,7,1,plate,7,3,,7,4,,6,24.001526082882002,66.34496723444153,,tomato,3,1.0,30.0,56.0,72.0,,,3,1.0,30.0
3511,0,1,,0,2,None_cut,4.0,3,0,3,None_cut,3.9583333333333277,3,2,2,plate,2,3,plate,2,4,tomato,2,5,tomato,4,0,tomato,5,0,tomato,6,0,plate,6,3,,6,4,,7,1,plate,7,3,,7,4,,6,24.001341683691685,65.09496724804245,,tomato,3,1.0,30.0,56.0,72.0,,,3,1.0,30.0
3512,0,1,,0,2,None_cut,4.0,3,0,3,None_cut,3.9583333333333277,3,2,2,plate,2,3,plate,2,4,tomato,2,5,tomato,4,0,tomato,5,0,tomato,6,0,plate,6,3,,6,4,,7,1,plate,7,3,,7,4,,6,24.001157284501367,63.844967261643376,,tomato,3,1.0,30.0,56.0,72.0,,,3,1.0,30.0
3513,0,1,,0,2,None_cut,4.0,3,0,3,None_cut,3.9583333333333277,3,2,2,plate,2,3,plate,2,4,tomato,2,5,tomato,4,0,tomato,5,0,tomato,6,0,plate,6,3,,6,4,,7,1,plate,7,3,,7,4,,6,24.00097288531105,62.5949672752443,,tomato,3,1.0,30.0,56.0,72.0,,,3,1.0,30.0
3514,0,1,,0,2,None_cut,4.0,3,0,3,None_cut,3.9583333333333277,3,2,2,plate,2,3,plate,2,4,tomato,2,5,tomato,4,0,tomato,5,0,tomato,6,0,plate,6,3,,6,4,,7,1,plate,7,3,,7,4,,6,24.000788486120733,61.344967288845226,,tomato,3,1.0,30.0,56.88388347648305,71.11611652351695,,,3,1.0,30.0
3515,0,1,,0,2,None_cut,4.0,3,0,3,None_cut,3.9583333333333277,3,2,2,plate,2,3,plate,2,4,tomato,2,5,tomato,4,0,tomato,5,0,tomato,6,0,plate,6,3,,6,4,,7,1,plate,7,3,,7,4,,6,24.000604086930416,60.09496730244615,,tomato,3,1.0,30.0,57.7677669529661,70.2322330470339,,,3,1.0,30.0
3516,0,1,,0,2,None_cut,4.0,3,0,3,None_cut,3.9583333333333277,3,2,2,plate,2,3,plate,2,4,tomato,2,5,tomato,4,0,tomato,5,0,tomato,6,0,plate,6,3,,6,4,,7,1,plate,7,3,,7,4,,6,24.0004196877401,58.844967316047075,,tomato,3,1.0,30.0,58.65165042944915,69.34834957055085,,,3,1.0,30.0
3517,0,1,,0,2,None_cut,4.0,3,0,3,None_cut,3.9583333333333277,3,2,2,plate,2,3,plate,2,4,tomato,2,5,tomato,4,0,tomato,5,0,tomato,6,0,plate,6,3,,6,4,,7,1,plate,7,3,,7,4,,6,24.00023528854978,57.594967329648,,tomato,3,1.0,30.0,59.5355339059322,68.4644660940678,,,3,1.0,30.0
3518,0,1,,0,2,None_cut,4.0,3,0,3,None_cut,3.9583333333333277,3,2,2,plate,2,3,plate,2,4,tomato,2,5,tomato,4,0,tomato,5,0,tomato,6,0,plate,6,3,,6,4,,7,1,plate,7,3,,7,4,,6,24.000050889359528,56.344967343248925,,tomato,3,1.0,30.0,60.41941738241525,67.58058261758475,,,3,1.0,30.0
3519,0,1,,0,2,None_cut,4.0,3,0,3,None_cut,3.9583333333333277,3,2,2,plate,2,3,plate,2,4,tomato,2,5,tomato,4,0,tomato,5,0,tomato,6,0,plate,6,3,,6,4,,7,1,plate,7,3,,7,4,,6,24.0,56.0,,tomato,3,1.0,30.0,61.3033008588983,66.6966991411017,,,3,1.0,30.0
3520,0,1,,0,2,None_cut,4.0,3,0,3,tomato,0.0,0,2,2,plate,2,3,plate,2,4,tomato,2,5,tomato,4,0,tomato,5,0,tomato,6,0,plate,6,3,,6,4,,7,1,plate,7,3,,7,4,,6,24.0,56.0,,,3,1.0,30.0,62.187184335381346,65.81281566461865,,,3,1.0,30.0
3521,0,1,,0,2,None_cut,4.0,3,0,3,tomato,0.041666666666666664,0,2,2,plate,2,3,plate,2,4,tomato,2,5,tomato,4,0,tomato,5,0,tomato,6,0,plate,6,3,,6,4,,7,1,plate,7,3,,7,4,,6,24.0,56.0,,,3,1.0,30.0,63.071067811864395,64.9289321881356,,,3,1.0,30.0
3522,0,1,,0,2,None_cut,4.0,3,0,3,tomato,0.08333333333333333,0,2,2,plate,2,3,plate,2,4,tomato,2,5,tomato,4,0,tomato,5,0,tomato,6,0,plate,6,3,,6,4,,7,1,plate,7,3,,7,4,,6,24.0,56.0,,,3,1.0,30.0,63.954951288347445,64.04504871165256,,,3,1.0,30.0
3523,0,1,,0,2,None_cut,4.0,3,0,3,tomato,0.125,0,2,2,plate,2,3,plate,2,4,tomato,2,5,tomato,4,0,tomato,5,0,tomato,6,0,plate,6,3,,6,4,,7,1,plate,7,3,,7,4,,6,24.0,56.0,,,3,1.0,30.0,64.8388347648305,63.161165235169506,,,3,1.0,30.0
3524,0,1,,0,2,None_cut,4.0,3,0,3,tomato,0.16666666666666666,0,2,2,plate,2,3,plate,2,4,tomato,2,5,tomato,4,0,tomato,5,0,tomato,6,0,plate,6,3,,6,4,,7,1,plate,7,3,,7,4,,6,24.0,56.0,,,3,1.0,30.0,65.72271824131354,62.277281758686456,,,3,1.0,30.0
3525,0,1,,0,2,None_cut,4.0,3,0,3,tomato,0.20833333333333331,0,2,2,plate,2,3,plate,2,4,tomato,2,5,tomato,4,0,tomato,5,0,tomato,6,0,plate,6,3,,6,4,,7,1,plate,7,3,,7,4,,6,24.0,56.0,,,3,1.0,30.0,66.6066017177966,61.39339828220341,,,3,1.0,30.0
3526,0,1,,0,2,None_cut,4.0,3,0,3,tomato,0.24999999999999997,0,2,2,plate,2,3,plate,2,4,tomato,2,5,tomato,4,0,tomato,5,0,tomato,6,0,plate,6,3,,6,4,,7,1,plate,7,3,,7,4,,6,24.0,56.0,,,3,1.0,30.0,67.49048519427964,60.50951480572036,,,3,1.0,30.0
3527,0,1,,0,2,None_cut,4.0,3,0,3,tomato,0.29166666666666663,0,2,2,plate,2,3,plate,2,4,tomato,2,5,tomato,4,0,tomato,5,0,tomato,6,0,plate,6,3,,6,4,,7,1,plate,7,3,,7,4,,6,24.0,56.0,,,3,1.0,30.0,68.37436867076269,59.62563132923731,,,3,1.0,30.0
3528,0,1,,0,2,None_cut,4.0,3,0,3,tomato,0.3333333333333333,0,2,2,plate,2,3,plate,2,4,tomato,2,5,tomato,4,0,tomato,5,0,tomato,6,0,plate,6,3,,6,4,,7,1,plate,7,3,,7,4,,6,24.0,56.0,,,3,1.0,30.0,69.25825214724574,58.74174785275426,,,3,1.0,30.0
3529,0,1,,0,2,None_cut,4.0,3,0,3,tomato,0.375,0,2,2,plate,2,3,plate,2,4,tomato,2,5,tomato,4,0,tomato,5,0,tomato,6,0,plate,6,3,,6,4,,7,1,plate,7,3,,7,4,,6,24.0,56.0,,,3,1.0,30.0,70.14213562372879,57.85786437627121,,,3,1.0,30.0
3530,0,1,,0,2,None_cut,4.0,3,0,3,tomato,0.4166666666666667,0,2,2,plate,2,3,plate,2,4,tomato,2,5,tomato,4,0,tomato,5,0,tomato,6,0,plate,6,3,,6,4,,7,1,plate,7,3,,7,4,,6,24.0,56.0,,,3,1.0,30.0,71.02601910021184,56.97398089978816,,,3,1.0,30.0
3531,0,1,,0,2,None_cut,4.0,3,0,3,tomato,0.45833333333333337,0,2,2,plate,2,3,plate,2,4,tomato,2,5,tomato,4,0,tomato,5,0,tomato,6,0,plate,6,3,,6,4,,7,1,plate,7,3,,7,4,,6,24.0,56.0,,,3,1.0,30.0,71.90990257669489,56.09009742330511,,,3,1.0,30.0
3532,0,1,,0,2,None_cut,4.0,3,0,3,tomato,0.5,0,2,2,plate,2,3,plate,2,4,tomato,2,5,tomato,4,0,tomato,5,0,tomato,6,0,plate,6,3,,6,4,,7,1,plate,7,3,,7,4,,6,24.0,56.0,,,3,1.0,30.0,72.79378605317794,55.20621394682206,,,3,1.0,30.0
3533,0,1,,0,2,None_cut,4.0,3,0,3,tomato,0.5416666666666666,0,2,2,plate,2,3,plate,2,4,tomato,2,5,tomato,4,0,tomato,5,0,tomato,6,0,plate,6,3,,6,4,,7,1,plate,7,3,,7,4,,6,24.0,56.0,,,3,1.0,30.0,73.67766952966099,54.32233047033901,,,3,1.0,30.0
3534,0,1,,0,2,None_cut,4.0,3,0,3,tomato,0.5833333333333333,0,2,2,plate,2,3,plate,2,4,tomato,2,5,tomato,4,0,tomato,5,0,tomato,6,0,plate,6,3,,6,4,,7,1,plate,7,3,,7,4,,6,24.0,56.0,,,3,1.0,30.0,74.56155300614404,53.43844699385596,,,3,1.0,30.0
3535,0,1,,0,2,None_cut,4.0,3,0,3,tomato,0.6249999999999999,0,2,2,plate,2,3,plate,2,4,tomato,2,5,tomato,4,0,tomato,5,0,tomato,6,0,plate,6,3,,6,4,,7,1,plate,7,3,,7,4,,6,24.0,56.0,,,3,1.0,30.0,75.44543648262709,52.55456351737291,,,3,1.0,30.0
3536,0,1,,0,2,None_cut,4.0,3,0,3,tomato,0.6666666666666665,0,2,2,plate,2,3,plate,2,4,tomato,2,5,tomato,4,0,tomato,5,0,tomato,6,0,plate,6,3,,6,4,,7,1,plate,7,3,,7,4,,6,24.0,56.0,,,3,1.0,30.0,76.32931995911014,51.67068004088986,,,3,1.0,30.0
3537,0,1,,0,2,None_cut,4.0,3,0,3,tomato,0.7083333333333331,0,2,2,plate,2,3,plate,2,4,tomato,2,5,tomato,4,0,tomato,5,0,tomato,6,0,plate,6,3,,6,4,,7,1,plate,7,3,,7,4,,6,24.0,56.0,,,3,1.0,30.0,77.21320343559319,50.786796564406814,,,3,1.0,30.0
3538,0,1,,0,2,None_cut,4.0,3,0,3,tomato,0.7499999999999998,0,2,2,plate,2,3,plate,2,4,tomato,2,5,tomato,4,0,tomato,5,0,tomato,6,0,plate,6,3,,6,4,,7,1,plate,7,3,,7,4,,6,24.0,56.0,,,3,1.0,30.0,78.09708691207624,49.902913087923764,,,3,1.0,30.0
3539,0,1,,0,2,None_cut,4.0,3,0,3,tomato,0.7916666666666664,0,2,2,plate,2,3,plate,2,4,tomato,2,5,tomato,4,0,tomato,5,0,tomato,6,0,plate,6,3,,6,4,,7,1,plate,7,3,,7,4,,6,24.0,56.0,,,3,1.0,30.0,78.98097038855929,49.019029611440715,,,3,1.0,30.0
3540,0,1,,0,2,None_cut,4.0,3,0,3,tomato,0.833333333333333,0,2,2,plate,2,3,plate,2,4,tomato,2,5,tomato,4,0,tomato,5,0,tomato,6,0,plate,6,3,,6,4,,7,1,plate,7,3,,7,4,,6,24.0,56.0,,,3,1.0,30.0,79.86485386504233,48.135146134957665,,,3,1.0,30.0
3541,0,1,,0,2,None_cut,4.0,3,0,3,tomato,0.8749999999999997,0,2,2,plate,2,3,plate,2,4,tomato,2,5,tomato,4,0,tomato,5,0,tomato,6,0,plate,6,3,,6,4,,7,1,plate,7,3,,7,4,,6,24.0,56.0,,,3,1.0,30.0,80.74873734152538,47.251262658474616,,,3,1.0,30.0
3542,0,1,,0,2,None_cut,4.0,3,0,3,tomato,0.9166666666666663,0,2,2,plate,2,3,plate,2,4,tomato,2,5,tomato,4,0,tomato,5,0,tomato,6,0,plate,6,3,,6,4,,7,1,plate,7,3,,7,4,,6,24.0,56.0,,,3,1.0,30.0,81.63262081800843,46.367379181991566,,,3,1.0,30.0
3543,0,1,,0,2,None_cut,4.0,3,0,3,tomato,0.9583333333333329,0,2,2,plate,2,3,plate,2,4,tomato,2,5,tomato,4,0,tomato,5,0,tomato,6,0,plate,6,3,,6,4,,7,1,plate,7,3,,7,4,,6,24.0,56.0,,,3,1.0,30.0,82.51650429449148,45.48349570550852,,,3,1.0,30.0
3544,0,1,,0,2,None_cut,4.0,3,0,3,tomato,0.9999999999999996,0,2,2,plate,2,3,plate,2,4,tomato,2,5,tomato,4,0,tomato,5,0,tomato,6,0,plate,6,3,,6,4,,7,1,plate,7,3,,7,4,,6,24.0,56.0,,,3,1.0,30.0,83.40038777097453,44.59961222902547,,,3,1.0,30.0
3545,0,1,,0,2,None_cut,4.0,3,0,3,tomato,1.0416666666666663,1,2,2,plate,2,3,plate,2,4,tomato,2,5,tomato,4,0,tomato,5,0,tomato,6,0,plate,6,3,,6,4,,7,1,plate,7,3,,7,4,,6,24.0,56.0,,,3,1.0,30.0,84.28427124745758,43.71572875254242,,,3,1.0,30.0
3546,0,1,,0,2,None_cut,4.0,3,0,3,tomato,1.083333333333333,1,2,2,plate,2,3,plate,2,4,tomato,2,5,tomato,4,0,tomato,5,0,tomato,6,0,plate,6,3,,6,4,,7,1,plate,7,3,,7,4,,6,24.0,56.0,,,3,1.0,30.0,85.16815472394063,42.83184527605937,,,3,1.0,30.0
3547,0,1,,0,2,None_cut,4.0,3,0,3,tomato,1.1249999999999998,1,2,2,plate,2,3,plate,2,4,tomato,2,5,tomato,4,0,tomato,5,0,tomato,6,0,plate,6,3,,6,4,,7,1,plate,7,3,,7,4,,6,24.0,56.0,,,3,1.0,30.0,86.05203820042368,41.94796179957632,,,3,1.0,30.0
3548,0,1,,0,2,None_cut,4.0,3,0,3,tomato,1.1666666666666665,1,2,2,plate,2,3,plate,2,4,tomato,2,5,tomato,4,0,tomato,5,0,tomato,6,0,plate,6,3,,6,4,,7,1,plate,7,3,,7,4,,6,24.0,56.0,,,3,1.0,30.0,86.93592167690673,41.06407832309327,,,3,1.0,30.0
3549,0,1,,0,2,None_cut,4.0,3,0,3,tomato,1.2083333333333333,1,2,2,plate,2,3,plate,2,4,tomato,2,5,tomato,4,0,tomato,5,0,tomato,6,0,plate,6,3,,6,4,,7,1,plate,7,3,,7,4,,6,24.0,56.0,,,3,1.0,30.0,87.81980515338978,40.18019484661022,,,3,1.0,30.0
3550,0,1,,0,2,None_cut,4.0,3,0,3,tomato,1.25,1,2,2,plate,2,3,plate,2,4,tomato,2,5,tomato,4,0,tomato,5,0,tomato,6,0,plate,6,3,,6,4,,7,1,plate,7,3,,7,4,,6,24.0,56.0,,,3,1.0,30.0,88.70368862987283,39.29631137012717,,,3,1.0,30.0
3551,0,1,,0,2,None_cut,4.0,3,0,3,tomato,1.2916666666666667,1,2,2,plate,2,3,plate,2,4,tomato,2,5,tomato,4,0,tomato,5,0,tomato,6,0,plate,6,3,,6,4,,7,1,plate,7,3,,7,4,,6,24.0,56.0,,,3,1.0,30.0,89.58757210635588,38.41242789364412,,,3,1.0,30.0
3552,0,1,,0,2,None_cut,4.0,3,0,3,tomato,1.3333333333333335,1,2,2,plate,2,3,plate,2,4,tomato,2,5,tomato,4,0,tomato,5,0,tomato,6,0,plate,6,3,,6,4,,7,1,plate,7,3,,7,4,,6,24.0,56.0,,,3,1.0,30.0,90.47145558283893,37.52854441716107,,,3,1.0,30.0
3553,0,1,,0,2,None_cut,4.0,3,0,3,tomato,1.3750000000000002,1,2,2,plate,2,3,plate,2,4,tomato,2,5,tomato,4,0,tomato,5,0,tomato,6,0,plate,6,3,,6,4,,7,1,plate,7,3,,7,4,,6,24.0,56.0,,,3,1.0,30.0,91.35533905932198,36.64466094067802,,,3,1.0,30.0
3554,0,1,,0,2,None_cut,4.0,3,0,3,tomato,1.416666666666667,1,2,2,plate,2,3,plate,2,4,tomato,2,5,tomato,4,0,tomato,5,0,tomato,6,0,plate,6,3,,6,4,,7,1,plate,7,3,,7,4,,6,24.0,56.0,,,3,1.0,30.0,92.23922253580503,35.76077746419497,,,3,1.0,30.0
3555,0,1,,0,2,None_cut,4.0,3,0,3,tomato,1.4583333333333337,1,2,2,plate,2,3,plate,2,4,tomato,2,5,tomato,4,0,tomato,5,0,tomato,6,0,plate,6,3,,6,4,,7,1,plate,7,3,,7,4,,6,24.0,56.0,,,3,1.0,30.0,93.12310601228808,34.876893987711924,,,3,1.0,30.0
3556,0,1,,0,2,None_cut,4.0,3,0,3,tomato,1.5000000000000004,1,2,2,plate,2,3,plate,2,4,tomato,2,5,tomato,4,0,tomato,5,0,tomato,6,0,plate,6,3,,6,4,,7,1,plate,7,3,,7,4,,6,24.0,56.0,,,3,1.0,30.0,94.00698948877113,33.993010511228874,,,3,1.0,30.0
3557,0,1,,0,2,None_cut,4.0,3,0,3,tomato,1.5416666666666672,1,2,2,plate,2,3,plate,2,4,tomato,2,5,tomato,4,0,tomato,5,0,tomato,6,0,plate,6,3,,6,4,,7,1,plate,7,3,,7,4,,6,24.0,56.0,,,3,1.0,30.0,94.89087296525418,33.109127034745825,,,3,1.0,30.0
3558,0,1,,0,2,None_cut,4.0,3,0,3,tomato,1.583333333333334,1,2,2,plate,2,3,plate,2,4,tomato,2,5,tomato,4,0,tomato,5,0,tomato,6,0,plate,6,3,,6,4,,7,1,plate,7,3,,7,4,,6,24.0,56.0,,,3,1.0,30.0,95.77475644173722,32.225243558262775,,,3,1.0,30.0
3559,0,1,,0,2,None_cut,4.0,3,0,3,tomato,1.6250000000000007,1,2,2,plate,2,3,plate,2,4,tomato,2,5,tomato,4,0,tomato,5,0,tomato,6,0,plate,6,3,,6,4,,7,1,plate,7,3,,7,4,,6,24.0,56.0,,,3,1.0,30.0,96.65863991822027,31.341360081779726,,,3,1.0,30.0
3560,0,1,,0,2,None_cut,4.0,3,0,3,tomato,1.6666666666666674,1,2,2,plate,2,3,plate,2,4,tomato,2,5,tomato,4,0,tomato,5,0,tomato,6,0,plate,6,3,,6,4,,7,1,plate,7,3,,7,4,,6,24.0,56.0,,,3,1.0,30.0,97.54252339470332,30.457476605296677,,,3,1.0,30.0
3561,0,1,,0,2,None_cut,4.0,3,0,3,tomato,1.7083333333333341,1,2,2,plate,2,3,plate,2,4,tomato,2,5,tomato,4,0,tomato,5,0,tomato,6,0,plate,6,3,,6,4,,7,1,plate,7,3,,7,4,,6,24.0,56.0,,,3,1.0,30.0,98.42640687118637,29.573593128813627,,,3,1.0,30.0
3562,0,1,,0,2,None_cut,4.0,3,0,3,tomato,1.7500000000000009,1,2,2,plate,2,3,plate,2,4,tomato,2,5,tomato,4,0,tomato,5,0,tomato,6,0,plate,6,3,,6,4,,7,1,plate,7,3,,7,4,,6,24.0,56.0,,,3,1.0,30.0,99.31029034766942,28.689709652330578,,,3,1.0,30.0
3563,0,1,,0,2,None_cut,4.0,3,0,3,tomato,1.7916666666666676,1,2,2,plate,2,3,plate,2,4,tomato,2,5,tomato,4,0,tomato,5,0,tomato,6,0,plate,6,3,,6,4,,7,1,plate,7,3,,7,4,,6,24.0,56.0,,,3,1.0,30.0,100.19417382415247,27.80582617584753,,,3,1.0,30.0
3564,0,1,,0,2,None_cut,4.0,3,0,3,tomato,1.8333333333333344,1,2,2,plate,2,3,plate,2,4,tomato,2,5,tomato,4,0,tomato,5,0,tomato,6,0,plate,6,3,,6,4,,7,1,plate,7,3,,7,4,,6,24.0,56.0,,,3,1.0,30.0,101.07805730063552,26.92194269936448,,,3,1.0,30.0
3565,0,1,,0,2,None_cut,4.0,3,0,3,tomato,1.875000000000001,1,2,2,plate,2,3,plate,2,4,tomato,2,5,tomato,4,0,tomato,5,0,tomato,6,0,plate,6,3,,6,4,,7,1,plate,7,3,,7,4,,6,24.0,56.0,,,3,1.0,30.0,101.96194077711857,26.03805922288143,,,3,1.0,30.0
3566,0,1,,0,2,None_cut,4.0,3,0,3,tomato,1.9166666666666679,1,2,2,plate,2,3,plate,2,4,tomato,2,5,tomato,4,0,tomato,5,0,tomato,6,0,plate,6,3,,6,4,,7,1,plate,7,3,,7,4,,6,24.0,56.0,,,3,1.0,30.0,102.84582425360162,25.15417574639838,,,3,1.0,30.0
3567,0,1,,0,2,None_cut,4.0,3,0,3,tomato,1.9583333333333346,1,2,2,plate,2,3,plate,2,4,tomato,2,5,tomato,4,0,tomato,5,0,tomato,6,0,plate,6,3,,6,4,,7,1,plate,7,3,,7,4,,6,24.0,56.0,,,3,1.0,30.0,103.72970773008467,24.27029226991533,,,3,1.0,30.0
3568,0,1,,0,2,None_cut,4.0,3,0,3,tomato,2.0000000000000013,2,2,2,plate,2,3,plate,2,4,tomato,2,5,tomato,4,0,tomato,5,0,tomato,6,0,plate,6,3,,6,4,,7,1,plate,7,3,,7,4,,6,24.0,56.0,,,3,1.0,30.0,104.0,24.0,,,3,1.0,30.0
3569,0,1,,0,2,None_cut,4.0,3,0,3,tomato,2.041666666666668,2,2,2,plate,2,3,plate,2,4,tomato,2,5,tomato,4,0,tomato,5,0,tomato,6,0,plate,6,3,,6,4,,7,1,plate,7,3,,7,4,,6,24.0,56.0,,,3,1.0,30.0,104.0,24.0,,plate,3,1.0,30.0
3570,0,1,,0,2,None_cut,4.0,3,0,3,tomato,2.0833333333333344,2,2,2,plate,2,3,plate,2,4,tomato,2,5,tomato,4,0,tomato,5,0,tomato,6,0,plate,6,3,,6,4,,7,1,plate,7,3,,7,4,,6,24.0,56.0,,,3,1.0,30.0,104.0,24.0,,plate,3,1.0,30.0
3571,0,1,,0,2,None_cut,4.0,3,0,3,tomato,2.125000000000001,2,2,2,plate,2,3,plate,2,4,tomato,2,5,tomato,4,0,tomato,5,0,tomato,6,0,plate,6,3,,6,4,,7,1,plate,7,3,,7,4,,6,24.0,56.0,,,3,1.0,30.0,104.0,24.0,,plate,3,1.0,30.0
3572,0,1,,0,2,None_cut,4.0,3,0,3,tomato,2.1666666666666674,2,2,2,plate,2,3,plate,2,4,tomato,2,5,tomato,4,0,tomato,5,0,tomato,6,0,plate,6,3,,6,4,,7,1,plate,7,3,,7,4,,6,24.0,56.0,,,3,1.0,30.0,104.0,24.0,,plate,3,1.0,30.0
3573,0,1,,0,2,None_cut,4.0,3,0,3,tomato,2.208333333333334,2,2,2,plate,2,3,plate,2,4,tomato,2,5,tomato,4,0,tomato,5,0,tomato,6,0,plate,6,3,,6,4,,7,1,plate,7,3,,7,4,,6,24.0,56.0,,,3,1.0,30.0,104.0,24.0,,plate,3,1.0,30.0
3574,0,1,,0,2,None_cut,4.0,3,0,3,tomato,2.2500000000000004,2,2,2,plate,2,3,plate,2,4,tomato,2,5,tomato,4,0,tomato,5,0,tomato,6,0,plate,6,3,,6,4,,7,1,plate,7,3,,7,4,,6,24.0,56.0,,,3,1.0,30.0,104.0,24.0,,plate,3,1.0,30.0
3575,0,1,,0,2,None_cut,4.0,3,0,3,tomato,2.291666666666667,2,2,2,plate,2,3,plate,2,4,tomato,2,5,tomato,4,0,tomato,5,0,tomato,6,0,plate,6,3,,6,4,,7,1,plate,7,3,,7,4,,6,24.0,56.0,,,3,1.0,30.0,104.0,24.0,,plate,3,1.0,30.0
3576,0,1,,0,2,None_cut,4.0,3,0,3,tomato,2.3333333333333335,2,2,2,plate,2,3,plate,2,4,tomato,2,5,tomato,4,0,tomato,5,0,tomato,6,0,plate,6,3,,6,4,,7,1,plate,7,3,,7,4,,6,24.0,56.0,,,3,1.0,30.0,104.0,24.0,,plate,3,1.0,30.0
3577,0,1,,0,2,None_cut,4.0,3,0,3,tomato,2.375,2,2,2,plate,2,3,plate,2,4,tomato,2,5,tomato,4,0,tomato,5,0,tomato,6,0,plate,6,3,,6,4,,7,1,plate,7,3,,7,4,,6,24.0,56.0,,,3,1.0,30.0,104.0,24.0,,plate,3,1.0,30.0
3578,0,1,,0,2,None_cut,4.0,3,0,3,tomato,2.4166666666666665,2,2,2,plate,2,3,plate,2,4,tomato,2,5,tomato,4,0,tomato,5,0,tomato,6,0,plate,6,3,,6,4,,7,1,plate,7,3,,7,4,,6,24.0,56.0,,,3,1.0,30.0,104.0,24.0,,plate,3,1.0,30.0
3579,0,1,,0,2,None_cut,4.0,3,0,3,tomato,2.458333333333333,2,2,2,plate,2,3,plate,2,4,tomato,2,5,tomato,4,0,tomato,5,0,tomato,6,0,plate,6,3,,6,4,,7,1,plate,7,3,,7,4,,6,24.0,56.0,,,3,1.0,30.0,104.0,24.0,,plate,3,1.0,30.0
3580,0,1,,0,2,None_cut,4.0,3,0,3,tomato,2.4999999999999996,2,2,2,plate,2,3,plate,2,4,tomato,2,5,tomato,4,0,tomato,5,0,tomato,6,0,plate,6,3,,6,4,,7,1,plate,7,3,,7,4,,6,24.0,56.0,,,3,1.0,30.0,104.0,24.0,,plate,3,1.0,30.0
3581,0,1,,0,2,None_cut,4.0,3,0,3,tomato,2.541666666666666,2,2,2,plate,2,3,plate,2,4,tomato,2,5,tomato,4,0,tomato,5,0,tomato,6,0,plate,6,3,,6,4,,7,1,plate,7,3,,7,4,,6,24.0,56.0,,,3,1.0,30.0,104.0,24.0,,plate,3,1.0,30.0
3582,0,1,,0,2,None_cut,4.0,3,0,3,tomato,2.5833333333333326,2,2,2,plate,2,3,plate,2,4,tomato,2,5,tomato,4,0,tomato,5,0,tomato,6,0,plate,6,3,,6,4,,7,1,plate,7,3,,7,4,,6,24.0,56.0,,,3,1.0,30.0,104.0,24.0,,plate,3,1.0,30.0
3583,0,1,,0,2,None_cut,4.0,3,0,3,tomato,2.624999999999999,2,2,2,plate,2,3,plate,2,4,tomato,2,5,tomato,4,0,tomato,5,0,tomato,6,0,plate,6,3,,6,4,,7,1,plate,7,3,,7,4,,6,24.0,56.0,,,3,1.0,30.0,104.0,24.0,,plate,3,1.0,30.0
3584,0,1,,0,2,None_cut,4.0,3,0,3,tomato,2.6666666666666656,2,2,2,plate,2,3,plate,2,4,tomato,2,5,tomato,4,0,tomato,5,0,tomato,6,0,plate,6,3,,6,4,,7,1,plate,7,3,,7,4,,6,24.0,56.0,,,3,1.0,30.0,104.0,24.0,,plate,3,1.0,30.0
3585,0,1,,0,2,None_cut,4.0,3,0,3,tomato,2.708333333333332,2,2,2,plate,2,3,plate,2,4,tomato,2,5,tomato,4,0,tomato,5,0,tomato,6,0,plate,6,3,,6,4,,7,1,plate,7,3,,7,4,,6,24.0,56.0,,,3,1.0,30.0,104.0,24.0,,plate,3,1.0,30.0
3586,0,1,,0,2,None_cut,4.0,3,0,3,tomato,2.7499999999999987,2,2,2,plate,2,3,plate,2,4,tomato,2,5,tomato,4,0,tomato,5,0,tomato,6,0,plate,6,3,,6,4,,7,1,plate,7,3,,7,4,,6,24.0,56.0,,,3,1.0,30.0,104.0,24.0,,plate,3,1.0,30.0
3587,0,1,,0,2,None_cut,4.0,3,0,3,tomato,2.791666666666665,2,2,2,plate,2,3,plate,2,4,tomato,2,5,tomato,4,0,tomato,5,0,tomato,6,0,plate,6,3,,6,4,,7,1,plate,7,3,,7,4,,6,24.0,56.0,,,3,1.0,30.0,104.0,24.0,,plate,3,1.0,30.0
3588,0,1,,0,2,None_cut,4.0,3,0,3,tomato,2.8333333333333317,2,2,2,plate,2,3,plate,2,4,tomato,2,5,tomato,4,0,tomato,5,0,tomato,6,0,plate,6,3,,6,4,,7,1,plate,7,3,,7,4,,6,24.0,56.0,,,3,1.0,30.0,104.0,24.0,,plate,3,1.0,30.0
3589,0,1,,0,2,None_cut,4.0,3,0,3,tomato,2.8749999999999982,2,2,2,plate,2,3,plate,2,4,tomato,2,5,tomato,4,0,tomato,5,0,tomato,6,0,plate,6,3,,6,4,,7,1,plate,7,3,,7,4,,6,24.0,56.0,,,3,1.0,30.0,104.0,24.0,,plate,3,1.0,30.0
3590,0,1,,0,2,None_cut,4.0,3,0,3,tomato,2.9166666666666647,2,2,2,plate,2,3,plate,2,4,tomato,2,5,tomato,4,0,tomato,5,0,tomato,6,0,plate,6,3,,6,4,,7,1,plate,7,3,,7,4,,6,24.0,56.0,,,3,1.0,30.0,104.0,24.0,,plate,3,1.0,30.0
3591,0,1,,0,2,None_cut,4.0,3,0,3,tomato,2.9583333333333313,2,2,2,plate,2,3,plate,2,4,tomato,2,5,tomato,4,0,tomato,5,0,tomato,6,0,plate,6,3,,6,4,,7,1,plate,7,3,,7,4,,6,24.0,56.0,,,3,1.0,30.0,104.0,24.0,,plate,3,1.0,30.0
3592,0,1,,0,2,None_cut,4.0,3,0,3,tomato,2.999999999999998,2,2,2,plate,2,3,plate,2,4,tomato,2,5,tomato,4,0,tomato,5,0,tomato,6,0,plate,6,3,,6,4,,7,1,plate,7,3,,7,4,,6,24.0,56.0,,,3,1.0,30.0,104.0,24.0,,plate,3,1.0,30.0
3593,0,1,,0,2,None_cut,4.0,3,0,3,tomato_cut,3.0416666666666643,3,2,2,plate,2,3,plate,2,4,tomato,2,5,tomato,4,0,tomato,5,0,tomato,6,0,plate,6,3,,6,4,,7,1,plate,7,3,,7,4,,6,24.0,56.0,,,3,1.0,30.0,104.0,24.0,,plate,3,1.0,30.0
3594,0,1,,0,2,None_cut,4.0,3,0,3,tomato_cut,3.083333333333331,3,2,2,plate,2,3,plate,2,4,tomato,2,5,tomato,4,0,tomato,5,0,tomato,6,0,plate,6,3,,6,4,,7,1,plate,7,3,,7,4,,6,24.0,56.0,,,3,1.0,30.0,104.0,24.0,,plate,3,1.0,30.0
3595,0,1,,0,2,None_cut,4.0,3,0,3,tomato_cut,3.1249999999999973,3,2,2,plate,2,3,plate,2,4,tomato,2,5,tomato,4,0,tomato,5,0,tomato,6,0,plate,6,3,,6,4,,7,1,plate,7,3,,7,4,,6,24.0,56.0,,,3,1.0,30.0,104.0,24.0,,plate,3,1.0,30.0
3596,0,1,,0,2,None_cut,4.0,3,0,3,tomato_cut,3.166666666666664,3,2,2,plate,2,3,plate,2,4,tomato,2,5,tomato,4,0,tomato,5,0,tomato,6,0,plate,6,3,,6,4,,7,1,plate,7,3,,7,4,,6,24.0,56.0,,,3,1.0,30.0,104.0,24.0,,plate,3,1.0,30.0
3597,0,1,,0,2,None_cut,4.0,3,0,3,tomato_cut,3.2083333333333304,3,2,2,plate,2,3,plate,2,4,tomato,2,5,tomato,4,0,tomato,5,0,tomato,6,0,plate,6,3,,6,4,,7,1,plate,7,3,,7,4,,6,24.0,56.0,,,3,1.0,30.0,104.0,24.0,,plate,3,1.0,30.0
3598,0,1,,0,2,None_cut,4.0,3,0,3,tomato_cut,3.249999999999997,3,2,2,plate,2,3,plate,2,4,tomato,2,5,tomato,4,0,tomato,5,0,tomato,6,0,plate,6,3,,6,4,,7,1,plate,7,3,,7,4,,6,24.0,56.0,,,3,1.0,30.0,104.0,24.0,,plate,3,1.0,30.0
3599,0,1,,0,2,None_cut,4.0,3,0,3,tomato_cut,3.2916666666666634,3,2,2,plate,2,3,plate,2,4,tomato,2,5,tomato,4,0,tomato,5,0,tomato,6,0,plate,6,3,,6,4,,7,1,plate,7,3,,7,4,,6,24.0,56.0,,,3,1.0,30.0,104.0,24.0,,plate,3,1.0,30.0
3600,0,1,,0,2,None_cut,4.0,3,0,3,tomato_cut,3.33333333333333,3,2,2,plate,2,3,plate,2,4,tomato,2,5,tomato,4,0,tomato,5,0,tomato,6,0,plate,6,3,,6,4,,7,1,plate,7,3,,7,4,,6,24.0,56.0,,,3,1.0,30.0,104.0,24.0,,plate,3,1.0,30.0
3601,0,1,,0,2,None_cut,4.0,3,0,3,tomato_cut,3.3749999999999964,3,2,2,plate,2,3,plate,2,4,tomato,2,5,tomato,4,0,tomato,5,0,tomato,6,0,plate,6,3,,6,4,,7,1,plate,7,3,,7,4,,6,24.0,56.0,,,3,1.0,30.0,104.0,24.0,,plate,3,1.0,30.0
3602,0,1,,0,2,None_cut,4.0,3,0,3,tomato_cut,3.416666666666663,3,2,2,plate,2,3,plate,2,4,tomato,2,5,tomato,4,0,tomato,5,0,tomato,6,0,plate,6,3,,6,4,,7,1,plate,7,3,,7,4,,6,24.0,56.0,,,3,1.0,30.0,104.0,24.0,,plate,3,1.0,30.0
3603,0,1,,0,2,None_cut,4.0,3,0,3,tomato_cut,3.4583333333333295,3,2,2,plate,2,3,plate,2,4,tomato,2,5,tomato,4,0,tomato,5,0,tomato,6,0,plate,6,3,,6,4,,7,1,plate,7,3,,7,4,,6,24.0,56.0,,,3,1.0,30.0,104.0,24.0,,plate,3,1.0,30.0
3604,0,1,,0,2,None_cut,4.0,3,0,3,tomato_cut,3.499999999999996,3,2,2,plate,2,3,plate,2,4,tomato,2,5,tomato,4,0,tomato,5,0,tomato,6,0,plate,6,3,,6,4,,7,1,plate,7,3,,7,4,,6,24.0,56.0,,,3,1.0,30.0,104.0,24.0,,plate,3,1.0,30.0
3605,0,1,,0,2,None_cut,4.0,3,0,3,tomato_cut,3.5416666666666625,3,2,2,plate,2,3,plate,2,4,tomato,2,5,tomato,4,0,tomato,5,0,tomato,6,0,plate,6,3,,6,4,,7,1,plate,7,3,,7,4,,6,24.0,56.0,,,3,1.0,30.0,104.0,24.0,,plate,3,1.0,30.0
3606,0,1,,0,2,None_cut,4.0,3,0,3,tomato_cut,3.583333333333329,3,2,2,plate,2,3,plate,2,4,tomato,2,5,tomato,4,0,tomato,5,0,tomato,6,0,plate,6,3,,6,4,,7,1,plate,7,3,,7,4,,6,24.0,56.0,,,3,1.0,30.0,104.0,24.0,,plate,3,1.0,30.0
3607,0,1,,0,2,None_cut,4.0,3,0,3,tomato_cut,3.6249999999999956,3,2,2,plate,2,3,plate,2,4,tomato,2,5,tomato,4,0,tomato,5,0,tomato,6,0,plate,6,3,,6,4,,7,1,plate,7,3,,7,4,,6,24.0,56.0,,,3,1.0,30.0,104.0,24.0,,plate,3,1.0,30.0
3608,0,1,,0,2,None_cut,4.0,3,0,3,tomato_cut,3.666666666666662,3,2,2,plate,2,3,plate,2,4,tomato,2,5,tomato,4,0,tomato,5,0,tomato,6,0,plate,6,3,,6,4,,7,1,plate,7,3,,7,4,,6,24.0,56.0,,,3,1.0,30.0,104.0,24.0,,plate,3,1.0,30.0
3609,0,1,,0,2,None_cut,4.0,3,0,3,tomato_cut,3.7083333333333286,3,2,2,plate,2,3,plate,2,4,tomato,2,5,tomato,4,0,tomato,5,0,tomato,6,0,plate,6,3,,6,4,,7,1,plate,7,3,,7,4,,6,24.0,56.0,,,3,1.0,30.0,104.0,24.0,,plate,3,1.0,30.0
3610,0,1,,0,2,None_cut,4.0,3,0,3,tomato_cut,3.749999999999995,3,2,2,plate,2,3,plate,2,4,tomato,2,5,tomato,4,0,tomato,5,0,tomato,6,0,plate,6,3,,6,4,,7,1,plate,7,3,,7,4,,6,24.0,56.0,,,3,1.0,30.0,104.0,24.0,,plate,3,1.0,30.0
3611,0,1,,0,2,None_cut,4.0,3,0,3,tomato_cut,3.7916666666666616,3,2,2,plate,2,3,plate,2,4,tomato,2,5,tomato,4,0,tomato,5,0,tomato,6,0,plate,6,3,,6,4,,7,1,plate,7,3,,7,4,,6,24.0,56.0,,,3,1.0,30.0,104.0,24.0,,plate,3,1.0,30.0
3612,0,1,,0,2,None_cut,4.0,3,0,3,tomato_cut,3.7916666666666616,3,2,2,plate,2,3,plate,2,4,tomato,2,5,tomato,4,0,tomato,5,0,tomato,6,0,plate,6,3,,6,4,,7,1,plate,7,3,,7,4,,6,24.0,56.0,,,3,1.0,30.0,104.0,24.0,,plate,3,1.0,30.0
3613,0,1,,0,2,None_cut,4.0,3,0,3,tomato_cut,3.7916666666666616,3,2,2,plate,2,3,plate,2,4,tomato,2,5,tomato,4,0,tomato,5,0,tomato,6,0,plate,6,3,,6,4,,7,1,plate,7,3,,7,4,,6,24.0,56.0,,,3,1.0,30.0,104.0,24.0,,plate,3,1.0,30.0
3614,0,1,,0,2,None_cut,4.0,3,0,3,tomato_cut,3.7916666666666616,3,2,2,plate,2,3,plate,2,4,tomato,2,5,tomato,4,0,tomato,5,0,tomato,6,0,plate,6,3,,6,4,,7,1,plate,7,3,,7,4,,6,24.0,57.250000000000284,,,3,1.0,30.0,104.0,24.0,,plate,3,1.0,30.0
3615,0,1,,0,2,None_cut,4.0,3,0,3,tomato_cut,3.7916666666666616,3,2,2,plate,2,3,plate,2,4,tomato,2,5,tomato,4,0,tomato,5,0,tomato,6,0,plate,6,3,,6,4,,7,1,plate,7,3,,7,4,,6,24.0,58.50000000000057,,,3,1.0,30.0,104.0,24.0,,plate,3,1.0,30.0
3616,0,1,,0,2,None_cut,4.0,3,0,3,tomato_cut,3.7916666666666616,3,2,2,plate,2,3,plate,2,4,tomato,2,5,tomato,4,0,tomato,5,0,tomato,6,0,plate,6,3,,6,4,,7,1,plate,7,3,,7,4,,6,24.0,59.75000000000085,,,3,1.0,30.0,104.0,24.0,,plate,3,1.0,30.0
3617,0,1,,0,2,None_cut,4.0,3,0,3,tomato_cut,3.7916666666666616,3,2,2,plate,2,3,plate,2,4,tomato,2,5,tomato,4,0,tomato,5,0,tomato,6,0,plate,6,3,,6,4,,7,1,plate,7,3,,7,4,,6,24.0,61.00000000000114,,,3,1.0,30.0,104.0,24.0,,plate,3,1.0,30.0
3618,0,1,,0,2,None_cut,4.0,3,0,3,tomato_cut,3.7916666666666616,3,2,2,plate,2,3,plate,2,4,tomato,2,5,tomato,4,0,tomato,5,0,tomato,6,0,plate,6,3,,6,4,,7,1,plate,7,3,,7,4,,6,24.0,62.25000000000142,,,3,1.0,30.0,104.0,24.0,,plate,3,1.0,30.0
3619,0,1,,0,2,None_cut,4.0,3,0,3,tomato_cut,3.7916666666666616,3,2,2,plate,2,3,plate,2,4,tomato,2,5,tomato,4,0,tomato,5,0,tomato,6,0,plate,6,3,,6,4,,7,1,plate,7,3,,7,4,,6,24.0,63.500000000001705,,,3,1.0,30.0,104.0,24.0,,plate,3,1.0,30.0
3620,0,1,,0,2,None_cut,4.0,3,0,3,tomato_cut,3.7916666666666616,3,2,2,plate,2,3,plate,2,4,tomato,2,5,tomato,4,0,tomato,5,0,tomato,6,0,plate,6,3,,6,4,,7,1,plate,7,3,,7,4,,6,24.0,64.75000000000199,,,3,1.0,30.0,104.0,24.0,,plate,3,1.0,30.0
3621,0,1,,0,2,None_cut,4.0,3,0,3,tomato_cut,3.7916666666666616,3,2,2,plate,2,3,plate,2,4,tomato,2,5,tomato,4,0,tomato,5,0,tomato,6,0,plate,6,3,,6,4,,7,1,plate,7,3,,7,4,,6,24.0,66.00000000000227,,,3,1.0,30.0,104.0,24.0,,plate,3,1.0,30.0
3622,0,1,,0,2,None_cut,4.0,3,0,3,tomato_cut,3.7916666666666616,3,2,2,plate,2,3,plate,2,4,tomato,2,5,tomato,4,0,tomato,5,0,tomato,6,0,plate,6,3,,6,4,,7,1,plate,7,3,,7,4,,6,24.0,67.25000000000256,,,3,1.0,30.0,104.0,24.0,,plate,3,1.0,30.0
3623,0,1,,0,2,None_cut,4.0,3,0,3,tomato_cut,3.7916666666666616,3,2,2,plate,2,3,plate,2,4,tomato,2,5,tomato,4,0,tomato,5,0,tomato,6,0,plate,6,3,,6,4,,7,1,plate,7,3,,7,4,,6,24.0,68.50000000000284,,,3,1.0,30.0,104.0,24.0,,plate,3,1.0,30.0
3624,0,1,,0,2,None_cut,4.0,3,0,3,tomato_cut,3.7916666666666616,3,2,2,plate,2,3,plate,2,4,tomato,2,5,tomato,4,0,tomato,5,0,tomato,6,0,plate,6,3,,6,4,,7,1,plate,7,3,,7,4,,6,24.0,69.75000000000313,,,3,1.0,30.0,104.0,24.0,,plate,3,1.0,30.0
3625,0,1,,0,2,None_cut,4.0,3,0,3,tomato_cut,3.7916666666666616,3,2,2,plate,2,3,plate,2,4,tomato,2,5,tomato,4,0,tomato,5,0,tomato,6,0,plate,6,3,,6,4,,7,1,plate,7,3,,7,4,,6,24.0,71.00000000000341,,,3,1.0,30.0,104.0,24.0,,plate,3,1.0,30.0
3626,0,1,,0,2,None_cut,4.0,3,0,3,tomato_cut,3.7916666666666616,3,2,2,plate,2,3,plate,2,4,tomato,2,5,tomato,4,0,tomato,5,0,tomato,6,0,plate,6,3,,6,4,,7,1,plate,7,3,,7,4,,6,24.0,72.0,,,3,1.0,30.0,104.0,24.0,,plate,3,1.0,30.0
3627,0,1,,0,2,None_cut,4.0,3,0,3,tomato_cut,3.7916666666666616,3,2,2,plate,2,3,plate,2,4,,2,5,tomato,4,0,tomato,5,0,tomato,6,0,plate,6,3,,6,4,,7,1,plate,7,3,,7,4,,6,24.0,72.0,,tomato,3,1.0,30.0,103.11611652351695,24.88388347648305,,plate,3,1.0,30.0
3628,0,1,,0,2,None_cut,4.0,3,0,3,tomato_cut,3.7916666666666616,3,2,2,plate,2,3,plate,2,4,,2,5,tomato,4,0,tomato,5,0,tomato,6,0,plate,6,3,,6,4,,7,1,plate,7,3,,7,4,,6,24.0,72.0,,tomato,3,1.0,30.0,102.2322330470339,25.7677669529661,,plate,3,1.0,30.0
3629,0,1,,0,2,None_cut,4.0,3,0,3,tomato_cut,3.7916666666666616,3,2,2,plate,2,3,plate,2,4,,2,5,tomato,4,0,tomato,5,0,tomato,6,0,plate,6,3,,6,4,,7,1,plate,7,3,,7,4,,6,24.0,72.0,,tomato,3,1.0,30.0,101.34834957055085,26.65165042944915,,plate,3,1.0,30.0
3630,0,1,,0,2,None_cut,4.0,3,0,3,tomato_cut,3.7916666666666616,3,2,2,plate,2,3,plate,2,4,,2,5,tomato,4,0,tomato,5,0,tomato,6,0,plate,6,3,,6,4,,7,1,plate,7,3,,7,4,,6,24.0,72.0,,tomato,3,1.0,30.0,100.4644660940678,27.535533905932198,,plate,3,1.0,30.0
3631,0,1,,0,2,None_cut,4.0,3,0,3,tomato_cut,3.7916666666666616,3,2,2,plate,2,3,plate,2,4,,2,5,tomato,4,0,tomato,5,0,tomato,6,0,plate,6,3,,6,4,,7,1,plate,7,3,,7,4,,6,24.0,72.0,,tomato,3,1.0,30.0,99.58058261758475,28.419417382415247,,plate,3,1.0,30.0
3632,0,1,,0,2,None_cut,4.0,3,0,3,tomato_cut,3.7916666666666616,3,2,2,plate,2,3,plate,2,4,,2,5,tomato,4,0,tomato,5,0,tomato,6,0,plate,6,3,,6,4,,7,1,plate,7,3,,7,4,,6,24.0,72.0,,tomato,3,1.0,30.0,98.6966991411017,29.303300858898297,,plate,3,1.0,30.0
3633,0,1,,0,2,None_cut,4.0,3,0,3,tomato_cut,3.7916666666666616,3,2,2,plate,2,3,plate,2,4,,2,5,tomato,4,0,tomato,5,0,tomato,6,0,plate,6,3,,6,4,,7,1,plate,7,3,,7,4,,6,24.0,72.0,,tomato,3,1.0,30.0,97.81281566461865,30.187184335381346,,plate,3,1.0,30.0
3634,0,1,,0,2,None_cut,4.0,3,0,3,tomato_cut,3.7916666666666616,3,2,2,plate,2,3,plate,2,4,,2,5,tomato,4,0,tomato,5,0,tomato,6,0,plate,6,3,,6,4,,7,1,plate,7,3,,7,4,,6,24.0,72.0,,tomato,3,1.0,30.0,96.9289321881356,31.071067811864395,,plate,3,1.0,30.0
3635,0,1,,0,2,None_cut,4.0,3,0,3,tomato_cut,3.7916666666666616,3,2,2,plate,2,3,plate,2,4,,2,5,tomato,4,0,tomato,5,0,tomato,6,0,plate,6,3,,6,4,,7,1,plate,7,3,,7,4,,6,24.0,72.0,,tomato,3,1.0,30.0,96.04504871165256,31.954951288347445,,plate,3,1.0,30.0
3636,0,1,,0,2,None_cut,4.0,3,0,3,tomato_cut,3.7916666666666616,3,2,2,plate,2,3,plate,2,4,,2,5,tomato,4,0,tomato,5,0,tomato,6,0,plate,6,3,,6,4,,7,1,plate,7,3,,7,4,,6,24.0,72.0,,tomato,3,1.0,30.0,95.1611652351695,32.838834764830494,,plate,3,1.0,30.0
3637,0,1,,0,2,None_cut,4.0,3,0,3,tomato_cut,3.7916666666666616,3,2,2,plate,2,3,plate,2,4,,2,5,tomato,4,0,tomato,5,0,tomato,6,0,plate,6,3,,6,4,,7,1,plate,7,3,,7,4,,6,24.0,72.0,,tomato,3,1.0,30.0,94.27728175868646,33.722718241313544,,plate,3,1.0,30.0
3638,0,1,,0,2,None_cut,4.0,3,0,3,tomato_cut,3.7916666666666616,3,2,2,plate,2,3,plate,2,4,,2,5,tomato,4,0,tomato,5,0,tomato,6,0,plate,6,3,,6,4,,7,1,plate,7,3,,7,4,,6,24.0,72.0,,tomato,3,1.0,30.0,93.3933982822034,34.60660171779659,,plate,3,1.0,30.0
3639,0,1,,0,2,None_cut,4.0,3,0,3,tomato_cut,3.7916666666666616,3,2,2,plate,2,3,plate,2,4,,2,5,tomato,4,0,tomato,5,0,tomato,6,0,plate,6,3,,6,4,,7,1,plate,7,3,,7,4,,6,24.0,72.0,,tomato,3,1.0,30.0,92.50951480572036,35.49048519427964,,plate,3,1.0,30.0
3640,0,1,,0,2,None_cut,4.0,3,0,3,tomato_cut,3.7916666666666616,3,2,2,plate,2,3,plate,2,4,,2,5,tomato,4,0,tomato,5,0,tomato,6,0,plate,6,3,,6,4,,7,1,plate,7,3,,7,4,,6,24.0,72.0,,tomato,3,1.0,30.0,91.62563132923731,36.37436867076269,,plate,3,1.0,30.0
3641,0,1,,0,2,None_cut,4.0,3,0,3,tomato_cut,3.7916666666666616,3,2,2,plate,2,3,plate,2,4,,2,5,tomato,4,0,tomato,5,0,tomato,6,0,plate,6,3,,6,4,,7,1,plate,7,3,,7,4,,6,24.0,72.0,,tomato,3,1.0,30.0,90.74174785275426,37.25825214724574,,plate,3,1.0,30.0
3642,0,1,,0,2,None_cut,4.0,3,0,3,tomato_cut,3.7916666666666616,3,2,2,plate,2,3,plate,2,4,,2,5,tomato,4,0,tomato,5,0,tomato,6,0,plate,6,3,,6,4,,7,1,plate,7,3,,7,4,,6,24.0,72.0,,tomato,3,1.0,30.0,89.85786437627121,38.14213562372879,,plate,3,1.0,30.0
3643,0,1,,0,2,None_cut,4.0,3,0,3,tomato_cut,3.7916666666666616,3,2,2,plate,2,3,plate,2,4,,2,5,tomato,4,0,tomato,5,0,tomato,6,0,plate,6,3,,6,4,,7,1,plate,7,3,,7,4,,6,24.0,70.74999999999972,,tomato,3,1.0,30.0,88.97398089978816,39.02601910021184,,plate,3,1.0,30.0
3644,0,1,,0,2,None_cut,4.0,3,0,3,tomato_cut,3.7916666666666616,3,2,2,plate,2,3,plate,2,4,,2,5,tomato,4,0,tomato,5,0,tomato,6,0,plate,6,3,,6,4,,7,1,plate,7,3,,7,4,,6,24.0,69.49999999999943,,tomato,3,1.0,30.0,88.04617444130974,39.80565318468376,,plate,3,1.0,30.0
3645,0,1,,0,2,None_cut,4.0,3,0,3,tomato_cut,3.7916666666666616,3,2,2,plate,2,3,plate,2,4,,2,5,tomato,4,0,tomato,5,0,tomato,6,0,plate,6,3,,6,4,,7,1,plate,7,3,,7,4,,6,24.0,68.24999999999915,,tomato,3,1.0,30.0,86.79626611486532,39.820791727740755,,plate,3,1.0,30.0
3646,0,1,,0,2,None_cut,4.0,3,0,3,tomato_cut,3.7916666666666616,3,2,2,plate,2,3,plate,2,4,,2,5,tomato,4,0,tomato,5,0,tomato,6,0,plate,6,3,,6,4,,7,1,plate,7,3,,7,4,,6,24.0,66.99999999999886,,tomato,3,1.0,30.0,85.54635778842089,39.835930270797746,,plate,3,1.0,30.0
3647,0,1,,0,2,None_cut,4.0,3,0,3,tomato_cut,3.7916666666666616,3,2,2,plate,2,3,plate,2,4,,2,5,tomato,4,0,tomato,5,0,tomato,6,0,plate,6,3,,6,4,,7,1,plate,7,3,,7,4,,6,24.0,65.74999999999858,,tomato,3,1.0,30.0,84.29644946197647,39.85106881385474,,plate,3,1.0,30.0
3648,0,1,,0,2,None_cut,4.0,3,0,3,tomato_cut,3.7916666666666616,3,2,2,plate,2,3,plate,2,4,,2,5,tomato,4,0,tomato,5,0,tomato,6,0,plate,6,3,,6,4,,7,1,plate,7,3,,7,4,,6,24.0,64.4999999999983,,tomato,3,1.0,30.0,83.04654113553204,39.86620735691173,,plate,3,1.0,30.0
3649,0,1,,0,2,None_cut,4.0,3,0,3,tomato_cut,3.7916666666666616,3,2,2,plate,2,3,plate,2,4,,2,5,tomato,4,0,tomato,5,0,tomato,6,0,plate,6,3,,6,4,,7,1,plate,7,3,,7,4,,6,24.0,63.24999999999801,,tomato,3,1.0,30.0,81.79663280908761,39.88134589996872,,plate,3,1.0,30.0
3650,0,1,,0,2,None_cut,4.0,3,0,3,tomato_cut,3.7916666666666616,3,2,2,plate,2,3,plate,2,4,,2,5,tomato,4,0,tomato,5,0,tomato,6,0,plate,6,3,,6,4,,7,1,plate,7,3,,7,4,,6,24.0,61.999999999997726,,tomato,3,1.0,30.0,80.54672448264319,39.89648444302571,,plate,3,1.0,30.0
3651,0,1,,0,2,None_cut,4.0,3,0,3,tomato_cut,3.7916666666666616,3,2,2,plate,2,3,plate,2,4,,2,5,tomato,4,0,tomato,5,0,tomato,6,0,plate,6,3,,6,4,,7,1,plate,7,3,,7,4,,6,24.0,60.74999999999744,,tomato,3,1.0,30.0,79.29681615619876,39.911622986082705,,plate,3,1.0,30.0
3652,0,1,,0,2,None_cut,4.0,3,0,3,tomato_cut,3.7916666666666616,3,2,2,plate,2,3,plate,2,4,,2,5,tomato,4,0,tomato,5,0,tomato,6,0,plate,6,3,,6,4,,7,1,plate,7,3,,7,4,,6,24.0,59.49999999999716,,tomato,3,1.0,30.0,78.04690782975433,39.9267615291397,,plate,3,1.0,30.0
3653,0,1,,0,2,None_cut,4.0,3,0,3,tomato_cut,3.7916666666666616,3,2,2,plate,2,3,plate,2,4,,2,5,tomato,4,0,tomato,5,0,tomato,6,0,plate,6,3,,6,4,,7,1,plate,7,3,,7,4,,6,24.0,58.249999999996874,,tomato,3,1.0,30.0,76.7969995033099,39.94190007219687,,plate,3,1.0,30.0
3654,0,1,,0,2,None_cut,4.0,3,0,3,tomato_cut,3.7916666666666616,3,2,2,plate,2,3,plate,2,4,,2,5,tomato,4,0,tomato,5,0,tomato,6,0,plate,6,3,,6,4,,7,1,plate,7,3,,7,4,,6,24.0,56.99999999999659,,tomato,3,1.0,30.0,75.54709117686548,39.95703861525422,,plate,3,1.0,30.0
3655,0,1,,0,2,None_cut,4.0,3,0,3,tomato_cut,3.7916666666666616,3,2,2,plate,2,3,plate,2,4,,2,5,tomato,4,0,tomato,5,0,tomato,6,0,plate,6,3,,6,4,,7,1,plate,7,3,,7,4,,6,24.0,55.749999999996305,,tomato,3,1.0,30.0,74.29718285042105,39.972177158311574,,plate,3,1.0,30.0
3656,0,1,,0,2,None_cut,4.0,3,0,3,tomato_cut,3.7916666666666616,3,2,2,plate,2,3,plate,2,4,,2,5,tomato,4,0,tomato,5,0,tomato,6,0,plate,6,3,,6,4,,7,1,plate,7,3,,7,4,,6,24.0,54.49999999999602,,tomato,3,1.0,30.0,73.04727452397663,39.98731570136893,,plate,3,1.0,30.0
3657,0,1,,0,2,None_cut,4.0,3,0,3,tomato_cut,3.7916666666666616,3,2,2,plate,2,3,plate,2,4,,2,5,tomato,4,0,tomato,5,0,tomato,6,0,plate,6,3,,6,4,,7,1,plate,7,3,,7,4,,6,24.0,53.24999999999574,,tomato,3,1.0,30.0,71.91278695016098,40.27873505658064,,plate,3,1.0,30.0
3658,0,1,,0,2,None_cut,4.0,3,0,3,tomato_cut,3.7916666666666616,3,2,2,plate,2,3,plate,2,4,,2,5,tomato,4,0,tomato,5,0,tomato,6,0,plate,6,3,,6,4,,7,1,plate,7,3,,7,4,,6,24.0,51.99999999999545,,tomato,3,1.0,30.0,71.02356847568149,41.15725113762039,,plate,3,1.0,30.0
3659,0,1,,0,2,None_cut,4.0,3,0,3,tomato_cut,3.7916666666666616,3,2,2,plate,2,3,plate,2,4,,2,5,tomato,4,0,tomato,5,0,tomato,6,0,plate,6,3,,6,4,,7,1,plate,7,3,,7,4,,6,24.0,50.74999999999517,,tomato,3,1.0,30.0,70.134350001202,42.03576721866014,,plate,3,1.0,30.0
3660,0,1,,0,2,None_cut,4.0,3,0,3,tomato_cut,3.7916666666666616,3,2,2,plate,2,3,plate,2,4,,2,5,tomato,4,0,tomato,5,0,tomato,6,0,plate,6,3,,6,4,,7,1,plate,7,3,,7,4,,6,24.0,49.499999999994884,,tomato,3,1.0,30.0,69.2451315267225,42.91428329969989,,plate,3,1.0,30.0
3661,0,1,,0,2,None_cut,4.0,3,0,3,tomato_cut,3.7916666666666616,3,2,2,plate,2,3,plate,2,4,,2,5,tomato,4,0,tomato,5,0,tomato,6,0,plate,6,3,,6,4,,7,1,plate,7,3,,7,4,,6,24.0,48.2499999999946,,tomato,3,1.0,30.0,68.35591305224301,43.79279938073964,,plate,3,1.0,30.0
3662,0,1,,0,2,None_cut,4.0,3,0,3,tomato_cut,3.7916666666666616,3,2,2,plate,2,3,plate,2,4,,2,5,tomato,4,0,tomato,5,0,tomato,6,0,plate,6,3,,6,4,,7,1,plate,7,3,,7,4,,6,24.0,46.999999999994316,,tomato,3,1.0,30.0,67.46669457776352,44.671315461779386,,plate,3,1.0,30.0
3663,0,1,,0,2,None_cut,4.0,3,0,3,tomato_cut,3.7916666666666616,3,2,2,plate,2,3,plate,2,4,,2,5,tomato,4,0,tomato,5,0,tomato,6,0,plate,6,3,,6,4,,7,1,plate,7,3,,7,4,,6,24.0,45.74999999999403,,tomato,3,1.0,30.0,66.57747610328403,45.549831542819135,,plate,3,1.0,30.0
3664,0,1,,0,2,None_cut,4.0,3,0,3,tomato_cut,3.7916666666666616,3,2,2,plate,2,3,plate,2,4,,2,5,tomato,4,0,tomato,5,0,tomato,6,0,plate,6,3,,6,4,,7,1,plate,7,3,,7,4,,6,24.0,44.49999999999375,,tomato,3,1.0,30.0,65.68825762880454,46.42834762385888,,plate,3,1.0,30.0
3665,0,1,,0,2,None_cut,4.0,3,0,3,tomato_cut,3.7916666666666616,3,2,2,plate,2,3,plate,2,4,,2,5,tomato,4,0,tomato,5,0,tomato,6,0,plate,6,3,,6,4,,7,1,plate,7,3,,7,4,,6,24.0,43.24999999999346,,tomato,3,1.0,30.0,64.79903915432504,47.30686370489863,,plate,3,1.0,30.0
3666,0,1,,0,2,None_cut,4.0,3,0,3,tomato_cut,3.7916666666666616,3,2,2,plate,2,3,plate,2,4,,2,5,tomato,4,0,tomato,5,0,tomato,6,0,plate,6,3,,6,4,,7,1,plate,7,3,,7,4,,6,24.0,41.99999999999318,,tomato,3,1.0,30.0,63.90982067984555,48.18537978593838,,plate,3,1.0,30.0
3667,0,1,,0,2,None_cut,4.0,3,0,3,tomato_cut,3.7916666666666616,3,2,2,plate,2,3,plate,2,4,,2,5,tomato,4,0,tomato,5,0,tomato,6,0,plate,6,3,,6,4,,7,1,plate,7,3,,7,4,,6,24.0,40.749999999992895,,tomato,3,1.0,30.0,63.02060220536606,49.06389586697813,,plate,3,1.0,30.0
3668,0,1,,0,2,None_cut,4.0,3,0,3,tomato_cut,3.7916666666666616,3,2,2,plate,2,3,plate,2,4,,2,5,tomato,4,0,tomato,5,0,tomato,6,0,plate,6,3,,6,4,,7,1,plate,7,3,,7,4,,6,24.0,40.0,,tomato,3,1.0,30.0,62.13138373088657,49.94241194801788,,plate,3,1.0,30.0
3669,0,1,,0,2,tomato,0.0,0,0,3,tomato_cut,3.7916666666666616,3,2,2,plate,2,3,plate,2,4,,2,5,tomato,4,0,tomato,5,0,tomato,6,0,plate,6,3,,6,4,,7,1,plate,7,3,,7,4,,6,24.0,40.0,,,3,1.0,30.0,61.24216525640708,50.82092802905757,,plate,3,1.0,30.0
3670,0,1,,0,2,tomato,0.041666666666666664,0,0,3,tomato_cut,3.7916666666666616,3,2,2,plate,2,3,plate,2,4,,2,5,tomato,4,0,tomato,5,0,tomato,6,0,plate,6,3,,6,4,,7,1,plate,7,3,,7,4,,6,24.0,40.0,,,3,1.0,30.0,60.352946781927585,51.69944411009722,,plate,3,1.0,30.0
3671,0,1,,0,2,tomato,0.08333333333333333,0,0,3,tomato_cut,3.7916666666666616,3,2,2,plate,2,3,plate,2,4,,2,5,tomato,4,0,tomato,5,0,tomato,6,0,plate,6,3,,6,4,,7,1,plate,7,3,,7,4,,6,24.0,40.0,,,3,1.0,30.0,59.46372830744809,52.57796019113686,,plate,3,1.0,30.0
3672,0,1,,0,2,tomato,0.125,0,0,3,tomato_cut,3.7916666666666616,3,2,2,plate,2,3,plate,2,4,,2,5,tomato,4,0,tomato,5,0,tomato,6,0,plate,6,3,,6,4,,7,1,plate,7,3,,7,4,,6,24.0,40.0,,,3,1.0,30.0,58.5745098329686,53.4564762721765,,plate,3,1.0,30.0
3673,0,1,,0,2,tomato,0.16666666666666666,0,0,3,tomato_cut,3.7916666666666616,3,2,2,plate,2,3,plate,2,4,,2,5,tomato,4,0,tomato,5,0,tomato,6,0,plate,6,3,,6,4,,7,1,plate,7,3,,7,4,,6,24.0,40.0,,,3,1.0,30.0,57.68529135848911,54.334992353216144,,plate,3,1.0,30.0
3674,0,1,,0,2,tomato,0.20833333333333331,0,0,3,tomato_cut,3.7916666666666616,3,2,2,plate,2,3,plate,2,4,,2,5,tomato,4,0,tomato,5,0,tomato,6,0,plate,6,3,,6,4,,7,1,plate,7,3,,7,4,,6,24.0,40.0,,,3,1.0,30.0,56.79607288400962,55.213508434255786,,plate,3,1.0,30.0
3675,0,1,,0,2,tomato,0.24999999999999997,0,0,3,tomato_cut,3.7916666666666616,3,2,2,plate,2,3,plate,2,4,,2,5,tomato,4,0,tomato,5,0,tomato,6,0,plate,6,3,,6,4,,7,1,plate,7,3,,7,4,,6,24.0,40.0,,,3,1.0,30.0,56.0,56.0,,plate,3,1.0,30.0
3676,0,1,,0,2,tomato,0.29166666666666663,0,0,3,tomato_cut,3.7916666666666616,3,2,2,plate,2,3,plate,2,4,,2,5,tomato,4,0,tomato,5,0,tomato,6,0,plate,6,3,,6,4,,7,1,plate,7,3,,7,4,,6,24.0,40.0,,,3,1.0,30.0,56.0,56.0,,plate,3,1.0,30.0
3677,0,1,,0,2,tomato,0.3333333333333333,0,0,3,tomato_cut,3.7916666666666616,3,2,2,plate,2,3,plate,2,4,,2,5,tomato,4,0,tomato,5,0,tomato,6,0,plate,6,3,,6,4,,7,1,plate,7,3,,7,4,,6,24.0,40.0,,,3,1.0,30.0,56.0,56.0,,plate,3,1.0,30.0
3678,0,1,,0,2,tomato,0.375,0,0,3,tomato_cut,3.7916666666666616,3,2,2,plate,2,3,plate,2,4,,2,5,tomato,4,0,tomato,5,0,tomato,6,0,plate,6,3,,6,4,,7,1,plate,7,3,,7,4,,6,24.0,40.0,,,3,1.0,30.0,56.0,56.0,,plate,3,1.0,30.0
3679,0,1,,0,2,tomato,0.4166666666666667,0,0,3,tomato_cut,3.7916666666666616,3,2,2,plate,2,3,plate,2,4,,2,5,tomato,4,0,tomato,5,0,tomato,6,0,plate,6,3,,6,4,,7,1,plate,7,3,,7,4,,6,24.0,40.0,,,3,1.0,30.0,56.0,56.0,,plate,3,1.0,30.0
3680,0,1,,0,2,tomato,0.45833333333333337,0,0,3,tomato_cut,3.7916666666666616,3,2,2,plate,2,3,plate,2,4,,2,5,tomato,4,0,tomato,5,0,tomato,6,0,plate,6,3,,6,4,,7,1,plate,7,3,,7,4,,6,24.0,40.0,,,3,1.0,30.0,56.0,56.0,,plate,3,1.0,30.0
3681,0,1,,0,2,tomato,0.5,0,0,3,tomato_cut,3.7916666666666616,3,2,2,plate,2,3,plate,2,4,,2,5,tomato,4,0,tomato,5,0,tomato,6,0,plate,6,3,,6,4,,7,1,plate,7,3,,7,4,,6,24.0,40.0,,,3,1.0,30.0,56.0,56.0,,plate,3,1.0,30.0
3682,0,1,,0,2,tomato,0.5416666666666666,0,0,3,tomato_cut,3.7916666666666616,3,2,2,plate,2,3,plate,2,4,,2,5,tomato,4,0,tomato,5,0,tomato,6,0,plate,6,3,,6,4,,7,1,plate,7,3,,7,4,,6,24.0,40.0,,,3,1.0,30.0,56.0,56.0,,plate,3,1.0,30.0
3683,0,1,,0,2,tomato,0.5833333333333333,0,0,3,tomato_cut,3.7916666666666616,3,2,2,plate,2,3,plate,2,4,,2,5,tomato,4,0,tomato,5,0,tomato,6,0,plate,6,3,,6,4,,7,1,plate,7,3,,7,4,,6,24.0,40.0,,,3,1.0,30.0,56.0,56.0,,plate,3,1.0,30.0
3684,0,1,,0,2,tomato,0.6249999999999999,0,0,3,tomato_cut,3.7916666666666616,3,2,2,plate,2,3,plate,2,4,,2,5,tomato,4,0,tomato,5,0,tomato,6,0,plate,6,3,,6,4,,7,1,plate,7,3,,7,4,,6,24.0,40.0,,,3,1.0,30.0,56.0,56.0,,plate,3,1.0,30.0
3685,0,1,,0,2,tomato,0.6666666666666665,0,0,3,tomato_cut,3.7916666666666616,3,2,2,plate,2,3,plate,2,4,,2,5,tomato,4,0,tomato,5,0,tomato,6,0,plate,6,3,,6,4,,7,1,plate,7,3,,7,4,,6,24.0,40.0,,,3,1.0,30.0,56.0,56.0,,plate,3,1.0,30.0
3686,0,1,,0,2,tomato,0.7083333333333331,0,0,3,tomato_cut,3.7916666666666616,3,2,2,plate,2,3,plate,2,4,,2,5,tomato,4,0,tomato,5,0,tomato,6,0,plate,6,3,,6,4,,7,1,plate,7,3,,7,4,,6,24.0,40.0,,,3,1.0,30.0,56.0,56.0,,plate,3,1.0,30.0
3687,0,1,,0,2,tomato,0.7499999999999998,0,0,3,tomato_cut,3.7916666666666616,3,2,2,plate,2,3,plate,2,4,,2,5,tomato,4,0,tomato,5,0,tomato,6,0,plate,6,3,,6,4,,7,1,plate,7,3,,7,4,,6,24.0,40.0,,,3,1.0,30.0,56.0,56.0,,plate,3,1.0,30.0
3688,0,1,,0,2,tomato,0.7916666666666664,0,0,3,tomato_cut,3.7916666666666616,3,2,2,plate,2,3,plate,2,4,,2,5,tomato,4,0,tomato,5,0,tomato,6,0,plate,6,3,,6,4,,7,1,plate,7,3,,7,4,,6,24.0,40.0,,,3,1.0,30.0,56.0,56.0,,plate,3,1.0,30.0
3689,0,1,,0,2,tomato,0.833333333333333,0,0,3,tomato_cut,3.7916666666666616,3,2,2,plate,2,3,plate,2,4,,2,5,tomato,4,0,tomato,5,0,tomato,6,0,plate,6,3,,6,4,,7,1,plate,7,3,,7,4,,6,24.0,40.0,,,3,1.0,30.0,56.0,56.0,,plate,3,1.0,30.0
3690,0,1,,0,2,tomato,0.8749999999999997,0,0,3,tomato_cut,3.7916666666666616,3,2,2,plate,2,3,plate,2,4,,2,5,tomato,4,0,tomato,5,0,tomato,6,0,plate,6,3,,6,4,,7,1,plate,7,3,,7,4,,6,24.0,40.0,,,3,1.0,30.0,56.0,56.0,,plate,3,1.0,30.0
3691,0,1,,0,2,tomato,0.9166666666666663,0,0,3,tomato_cut,3.7916666666666616,3,2,2,plate,2,3,plate,2,4,,2,5,tomato,4,0,tomato,5,0,tomato,6,0,plate,6,3,,6,4,,7,1,plate,7,3,,7,4,,6,24.0,40.0,,,3,1.0,30.0,56.0,56.0,,plate,3,1.0,30.0
3692,0,1,,0,2,tomato,0.9583333333333329,0,0,3,tomato_cut,3.7916666666666616,3,2,2,plate,2,3,plate,2,4,,2,5,tomato,4,0,tomato,5,0,tomato,6,0,plate,6,3,,6,4,,7,1,plate,7,3,,7,4,,6,24.0,40.0,,,3,1.0,30.0,56.0,56.0,,plate,3,1.0,30.0
3693,0,1,,0,2,tomato,0.9999999999999996,0,0,3,tomato_cut,3.7916666666666616,3,2,2,plate,2,3,plate,2,4,,2,5,tomato,4,0,tomato,5,0,tomato,6,0,plate,6,3,,6,4,,7,1,plate,7,3,,7,4,,6,24.0,40.0,,,3,1.0,30.0,56.0,56.0,,plate,3,1.0,30.0
3694,0,1,,0,2,tomato,1.0416666666666663,1,0,3,tomato_cut,3.7916666666666616,3,2,2,plate,2,3,plate,2,4,,2,5,tomato,4,0,tomato,5,0,tomato,6,0,plate,6,3,,6,4,,7,1,plate,7,3,,7,4,,6,24.0,40.0,,,3,1.0,30.0,56.0,56.0,,plate,3,1.0,30.0
3695,0,1,,0,2,tomato,1.083333333333333,1,0,3,tomato_cut,3.7916666666666616,3,2,2,plate,2,3,plate,2,4,,2,5,tomato,4,0,tomato,5,0,tomato,6,0,plate,6,3,,6,4,,7,1,plate,7,3,,7,4,,6,24.0,40.0,,,3,1.0,30.0,56.0,56.0,,plate,3,1.0,30.0
3696,0,1,,0,2,tomato,1.1249999999999998,1,0,3,tomato_cut,3.7916666666666616,3,2,2,plate,2,3,plate,2,4,,2,5,tomato,4,0,tomato,5,0,tomato,6,0,plate,6,3,,6,4,,7,1,plate,7,3,,7,4,,6,24.0,40.0,,,3,1.0,30.0,56.0,56.0,,plate,3,1.0,30.0
3697,0,1,,0,2,tomato,1.1666666666666665,1,0,3,tomato_cut,3.7916666666666616,3,2,2,plate,2,3,plate,2,4,,2,5,tomato,4,0,tomato,5,0,tomato,6,0,plate,6,3,,6,4,,7,1,plate,7,3,,7,4,,6,24.0,40.0,,,3,1.0,30.0,56.0,56.0,,plate,3,1.0,30.0
3698,0,1,,0,2,tomato,1.2083333333333333,1,0,3,tomato_cut,3.7916666666666616,3,2,2,plate,2,3,plate,2,4,,2,5,tomato,4,0,tomato,5,0,tomato,6,0,plate,6,3,,6,4,,7,1,plate,7,3,,7,4,,6,24.0,40.0,,,3,1.0,30.0,56.0,56.0,,plate,3,1.0,30.0
3699,0,1,,0,2,tomato,1.25,1,0,3,tomato_cut,3.7916666666666616,3,2,2,plate,2,3,plate,2,4,,2,5,tomato,4,0,tomato,5,0,tomato,6,0,plate,6,3,,6,4,,7,1,plate,7,3,,7,4,,6,24.0,40.0,,,3,1.0,30.0,56.0,56.0,,plate,3,1.0,30.0
3700,0,1,,0,2,tomato,1.2916666666666667,1,0,3,tomato_cut,3.7916666666666616,3,2,2,plate,2,3,plate,2,4,,2,5,tomato,4,0,tomato,5,0,tomato,6,0,plate,6,3,,6,4,,7,1,plate,7,3,,7,4,,6,24.0,40.0,,,3,1.0,30.0,56.0,56.0,,plate,3,1.0,30.0
3701,0,1,,0,2,tomato,1.3333333333333335,1,0,3,tomato_cut,3.7916666666666616,3,2,2,plate,2,3,plate,2,4,,2,5,tomato,4,0,tomato,5,0,tomato,6,0,plate,6,3,,6,4,,7,1,plate,7,3,,7,4,,6,24.0,40.0,,,3,1.0,30.0,56.0,56.0,,plate,3,1.0,30.0
3702,0,1,,0,2,tomato,1.3750000000000002,1,0,3,tomato_cut,3.7916666666666616,3,2,2,plate,2,3,plate,2,4,,2,5,tomato,4,0,tomato,5,0,tomato,6,0,plate,6,3,,6,4,,7,1,plate,7,3,,7,4,,6,24.0,40.0,,,3,1.0,30.0,56.0,56.0,,plate,3,1.0,30.0
3703,0,1,,0,2,tomato,1.416666666666667,1,0,3,tomato_cut,3.7916666666666616,3,2,2,plate,2,3,plate,2,4,,2,5,tomato,4,0,tomato,5,0,tomato,6,0,plate,6,3,,6,4,,7,1,plate,7,3,,7,4,,6,24.0,40.0,,,3,1.0,30.0,56.0,56.0,,plate,3,1.0,30.0
3704,0,1,,0,2,tomato,1.4583333333333337,1,0,3,tomato_cut,3.7916666666666616,3,2,2,plate,2,3,plate,2,4,,2,5,tomato,4,0,tomato,5,0,tomato,6,0,plate,6,3,,6,4,,7,1,plate,7,3,,7,4,,6,24.0,40.0,,,3,1.0,30.0,56.0,56.0,,plate,3,1.0,30.0
3705,0,1,,0,2,tomato,1.5000000000000004,1,0,3,tomato_cut,3.7916666666666616,3,2,2,plate,2,3,plate,2,4,,2,5,tomato,4,0,tomato,5,0,tomato,6,0,plate,6,3,,6,4,,7,1,plate,7,3,,7,4,,6,24.0,40.0,,,3,1.0,30.0,56.0,56.0,,plate,3,1.0,30.0
3706,0,1,,0,2,tomato,1.5416666666666672,1,0,3,tomato_cut,3.7916666666666616,3,2,2,plate,2,3,plate,2,4,,2,5,tomato,4,0,tomato,5,0,tomato,6,0,plate,6,3,,6,4,,7,1,plate,7,3,,7,4,,6,24.0,40.0,,,3,1.0,30.0,56.0,56.0,,plate,3,1.0,30.0
3707,0,1,,0,2,tomato,1.583333333333334,1,0,3,tomato_cut,3.7916666666666616,3,2,2,plate,2,3,plate,2,4,,2,5,tomato,4,0,tomato,5,0,tomato,6,0,plate,6,3,,6,4,,7,1,plate,7,3,,7,4,,6,24.0,40.0,,,3,1.0,30.0,56.0,56.0,,plate,3,1.0,30.0
3708,0,1,,0,2,tomato,1.6250000000000007,1,0,3,tomato_cut,3.7916666666666616,3,2,2,plate,2,3,plate,2,4,,2,5,tomato,4,0,tomato,5,0,tomato,6,0,plate,6,3,,6,4,,7,1,plate,7,3,,7,4,,6,24.0,40.0,,,3,1.0,30.0,56.0,56.0,,plate,3,1.0,30.0
3709,0,1,,0,2,tomato,1.6666666666666674,1,0,3,tomato_cut,3.7916666666666616,3,2,2,plate,2,3,plate,2,4,,2,5,tomato,4,0,tomato,5,0,tomato,6,0,plate,6,3,,6,4,,7,1,plate,7,3,,7,4,,6,24.0,40.0,,,3,1.0,30.0,56.0,56.0,,plate,3,1.0,30.0
3710,0,1,,0,2,tomato,1.7083333333333341,1,0,3,tomato_cut,3.7916666666666616,3,2,2,plate,2,3,plate,2,4,,2,5,tomato,4,0,tomato,5,0,tomato,6,0,plate,6,3,,6,4,,7,1,plate,7,3,,7,4,,6,24.0,40.0,,,3,1.0,30.0,56.0,56.0,,plate,3,1.0,30.0
3711,0,1,,0,2,tomato,1.7500000000000009,1,0,3,tomato_cut,3.7916666666666616,3,2,2,plate,2,3,plate,2,4,,2,5,tomato,4,0,tomato,5,0,tomato,6,0,plate,6,3,,6,4,,7,1,plate,7,3,,7,4,,6,24.0,40.0,,,3,1.0,30.0,56.0,56.0,,plate,3,1.0,30.0
3712,0,1,,0,2,tomato,1.7916666666666676,1,0,3,tomato_cut,3.7916666666666616,3,2,2,plate,2,3,plate,2,4,,2,5,tomato,4,0,tomato,5,0,tomato,6,0,plate,6,3,,6,4,,7,1,plate,7,3,,7,4,,6,24.0,40.0,,,3,1.0,30.0,56.0,56.0,,plate,3,1.0,30.0
3713,0,1,,0,2,tomato,1.8333333333333344,1,0,3,tomato_cut,3.7916666666666616,3,2,2,plate,2,3,plate,2,4,,2,5,tomato,4,0,tomato,5,0,tomato,6,0,plate,6,3,,6,4,,7,1,plate,7,3,,7,4,,6,24.0,40.0,,,3,1.0,30.0,56.0,56.0,,plate,3,1.0,30.0
3714,0,1,,0,2,tomato,1.875000000000001,1,0,3,tomato_cut,3.7916666666666616,3,2,2,plate,2,3,plate,2,4,,2,5,tomato,4,0,tomato,5,0,tomato,6,0,plate,6,3,,6,4,,7,1,plate,7,3,,7,4,,6,24.0,40.0,,,3,1.0,30.0,56.0,56.0,,plate,3,1.0,30.0
3715,0,1,,0,2,tomato,1.9166666666666679,1,0,3,tomato_cut,3.7916666666666616,3,2,2,plate,2,3,plate,2,4,,2,5,tomato,4,0,tomato,5,0,tomato,6,0,plate,6,3,,6,4,,7,1,plate,7,3,,7,4,,6,24.0,40.0,,,3,1.0,30.0,56.0,56.0,,plate,3,1.0,30.0
3716,0,1,,0,2,tomato,1.9583333333333346,1,0,3,tomato_cut,3.7916666666666616,3,2,2,plate,2,3,plate,2,4,,2,5,tomato,4,0,tomato,5,0,tomato,6,0,plate,6,3,,6,4,,7,1,plate,7,3,,7,4,,6,24.0,40.0,,,3,1.0,30.0,56.0,56.0,,plate,3,1.0,30.0
3717,0,1,,0,2,tomato,2.0000000000000013,2,0,3,tomato_cut,3.7916666666666616,3,2,2,plate,2,3,plate,2,4,,2,5,tomato,4,0,tomato,5,0,tomato,6,0,plate,6,3,,6,4,,7,1,plate,7,3,,7,4,,6,24.0,40.0,,,3,1.0,30.0,56.0,56.0,,plate,3,1.0,30.0
3718,0,1,,0,2,tomato,2.041666666666668,2,0,3,tomato_cut,3.7916666666666616,3,2,2,plate,2,3,plate,2,4,,2,5,tomato,4,0,tomato,5,0,tomato,6,0,plate,6,3,,6,4,,7,1,plate,7,3,,7,4,,6,24.0,40.0,,,3,1.0,30.0,56.0,56.0,,plate,3,1.0,30.0
3719,0,1,,0,2,tomato,2.0833333333333344,2,0,3,tomato_cut,3.7916666666666616,3,2,2,plate,2,3,plate,2,4,,2,5,tomato,4,0,tomato,5,0,tomato,6,0,plate,6,3,,6,4,,7,1,plate,7,3,,7,4,,6,24.0,40.0,,,3,1.0,30.0,56.0,56.0,,plate,3,1.0,30.0
3720,0,1,,0,2,tomato,2.125000000000001,2,0,3,tomato_cut,3.7916666666666616,3,2,2,plate,2,3,plate,2,4,,2,5,tomato,4,0,tomato,5,0,tomato,6,0,plate,6,3,,6,4,,7,1,plate,7,3,,7,4,,6,24.0,40.0,,,3,1.0,30.0,56.0,56.0,,plate,3,1.0,30.0
3721,0,1,,0,2,tomato,2.1666666666666674,2,0,3,tomato_cut,3.7916666666666616,3,2,2,plate,2,3,plate,2,4,,2,5,tomato,4,0,tomato,5,0,tomato,6,0,plate,6,3,,6,4,,7,1,plate,7,3,,7,4,,6,24.0,40.0,,,3,1.0,30.0,56.0,56.0,,plate,3,1.0,30.0
3722,0,1,,0,2,tomato,2.208333333333334,2,0,3,tomato_cut,3.7916666666666616,3,2,2,plate,2,3,plate,2,4,,2,5,tomato,4,0,tomato,5,0,tomato,6,0,plate,6,3,,6,4,,7,1,plate,7,3,,7,4,,6,24.0,40.0,,,3,1.0,30.0,56.0,56.0,,plate,3,1.0,30.0
3723,0,1,,0,2,tomato,2.2500000000000004,2,0,3,tomato_cut,3.7916666666666616,3,2,2,plate,2,3,plate,2,4,,2,5,tomato,4,0,tomato,5,0,tomato,6,0,plate,6,3,,6,4,,7,1,plate,7,3,,7,4,,6,24.0,40.0,,,3,1.0,30.0,56.0,56.0,,plate,3,1.0,30.0
3724,0,1,,0,2,tomato,2.291666666666667,2,0,3,tomato_cut,3.7916666666666616,3,2,2,plate,2,3,plate,2,4,,2,5,tomato,4,0,tomato,5,0,tomato,6,0,plate,6,3,,6,4,,7,1,plate,7,3,,7,4,,6,24.0,40.0,,,3,1.0,30.0,56.0,56.0,,plate,3,1.0,30.0
3725,0,1,,0,2,tomato,2.3333333333333335,2,0,3,tomato_cut,3.7916666666666616,3,2,2,plate,2,3,plate,2,4,,2,5,tomato,4,0,tomato,5,0,tomato,6,0,plate,6,3,,6,4,,7,1,plate,7,3,,7,4,,6,24.0,40.0,,,3,1.0,30.0,56.0,56.0,,plate,3,1.0,30.0
3726,0,1,,0,2,tomato,2.375,2,0,3,tomato_cut,3.7916666666666616,3,2,2,plate,2,3,plate,2,4,,2,5,tomato,4,0,tomato,5,0,tomato,6,0,plate,6,3,,6,4,,7,1,plate,7,3,,7,4,,6,24.0,40.0,,,3,1.0,30.0,56.0,56.0,,plate,3,1.0,30.0
3727,0,1,,0,2,tomato,2.4166666666666665,2,0,3,tomato_cut,3.7916666666666616,3,2,2,plate,2,3,plate,2,4,,2,5,tomato,4,0,tomato,5,0,tomato,6,0,plate,6,3,,6,4,,7,1,plate,7,3,,7,4,,6,24.0,40.0,,,3,1.0,30.0,56.0,56.0,,plate,3,1.0,30.0
3728,0,1,,0,2,tomato,2.458333333333333,2,0,3,tomato_cut,3.7916666666666616,3,2,2,plate,2,3,plate,2,4,,2,5,tomato,4,0,tomato,5,0,tomato,6,0,plate,6,3,,6,4,,7,1,plate,7,3,,7,4,,6,24.0,40.0,,,3,1.0,30.0,56.0,56.0,,plate,3,1.0,30.0
3729,0,1,,0,2,tomato,2.4999999999999996,2,0,3,tomato_cut,3.7916666666666616,3,2,2,plate,2,3,plate,2,4,,2,5,tomato,4,0,tomato,5,0,tomato,6,0,plate,6,3,,6,4,,7,1,plate,7,3,,7,4,,6,24.0,40.0,,,3,1.0,30.0,56.0,56.0,,plate,3,1.0,30.0
3730,0,1,,0,2,tomato,2.541666666666666,2,0,3,tomato_cut,3.7916666666666616,3,2,2,plate,2,3,plate,2,4,,2,5,tomato,4,0,tomato,5,0,tomato,6,0,plate,6,3,,6,4,,7,1,plate,7,3,,7,4,,6,24.0,40.0,,,3,1.0,30.0,56.0,56.0,,plate,3,1.0,30.0
3731,0,1,,0,2,tomato,2.5833333333333326,2,0,3,tomato_cut,3.7916666666666616,3,2,2,plate,2,3,plate,2,4,,2,5,tomato,4,0,tomato,5,0,tomato,6,0,plate,6,3,,6,4,,7,1,plate,7,3,,7,4,,6,24.0,40.0,,,3,1.0,30.0,56.0,56.0,,plate,3,1.0,30.0
3732,0,1,,0,2,tomato,2.624999999999999,2,0,3,tomato_cut,3.7916666666666616,3,2,2,plate,2,3,plate,2,4,,2,5,tomato,4,0,tomato,5,0,tomato,6,0,plate,6,3,,6,4,,7,1,plate,7,3,,7,4,,6,24.0,40.0,,,3,1.0,30.0,56.0,56.0,,plate,3,1.0,30.0
3733,0,1,,0,2,tomato,2.6666666666666656,2,0,3,tomato_cut,3.7916666666666616,3,2,2,plate,2,3,plate,2,4,,2,5,tomato,4,0,tomato,5,0,tomato,6,0,plate,6,3,,6,4,,7,1,plate,7,3,,7,4,,6,24.0,40.0,,,3,1.0,30.0,56.0,56.0,,plate,3,1.0,30.0
3734,0,1,,0,2,tomato,2.708333333333332,2,0,3,tomato_cut,3.7916666666666616,3,2,2,plate,2,3,plate,2,4,,2,5,tomato,4,0,tomato,5,0,tomato,6,0,plate,6,3,,6,4,,7,1,plate,7,3,,7,4,,6,24.0,40.0,,,3,1.0,30.0,56.0,56.0,,plate,3,1.0,30.0
3735,0,1,,0,2,tomato,2.7499999999999987,2,0,3,tomato_cut,3.7916666666666616,3,2,2,plate,2,3,plate,2,4,,2,5,tomato,4,0,tomato,5,0,tomato,6,0,plate,6,3,,6,4,,7,1,plate,7,3,,7,4,,6,24.0,40.0,,,3,1.0,30.0,56.0,56.0,,plate,3,1.0,30.0
3736,0,1,,0,2,tomato,2.791666666666665,2,0,3,tomato_cut,3.7916666666666616,3,2,2,plate,2,3,plate,2,4,,2,5,tomato,4,0,tomato,5,0,tomato,6,0,plate,6,3,,6,4,,7,1,plate,7,3,,7,4,,6,24.0,40.0,,,3,1.0,30.0,56.0,56.0,,plate,3,1.0,30.0
3737,0,1,,0,2,tomato,2.8333333333333317,2,0,3,tomato_cut,3.7916666666666616,3,2,2,plate,2,3,plate,2,4,,2,5,tomato,4,0,tomato,5,0,tomato,6,0,plate,6,3,,6,4,,7,1,plate,7,3,,7,4,,6,24.0,40.0,,,3,1.0,30.0,56.0,56.0,,plate,3,1.0,30.0
3738,0,1,,0,2,tomato,2.8749999999999982,2,0,3,tomato_cut,3.7916666666666616,3,2,2,plate,2,3,plate,2,4,,2,5,tomato,4,0,tomato,5,0,tomato,6,0,plate,6,3,,6,4,,7,1,plate,7,3,,7,4,,6,24.0,40.0,,,3,1.0,30.0,56.0,56.0,,plate,3,1.0,30.0
3739,0,1,,0,2,tomato,2.9166666666666647,2,0,3,tomato_cut,3.7916666666666616,3,2,2,plate,2,3,plate,2,4,,2,5,tomato,4,0,tomato,5,0,tomato,6,0,plate,6,3,,6,4,,7,1,plate,7,3,,7,4,,6,24.0,40.0,,,3,1.0,30.0,56.0,56.0,,plate,3,1.0,30.0
3740,0,1,,0,2,tomato,2.9583333333333313,2,0,3,tomato_cut,3.7916666666666616,3,2,2,plate,2,3,plate,2,4,,2,5,tomato,4,0,tomato,5,0,tomato,6,0,plate,6,3,,6,4,,7,1,plate,7,3,,7,4,,6,24.0,40.0,,,3,1.0,30.0,56.0,56.0,,plate,3,1.0,30.0
3741,0,1,,0,2,tomato,2.999999999999998,2,0,3,tomato_cut,3.7916666666666616,3,2,2,plate,2,3,plate,2,4,,2,5,tomato,4,0,tomato,5,0,tomato,6,0,plate,6,3,,6,4,,7,1,plate,7,3,,7,4,,6,24.0,40.0,,,3,1.0,30.0,56.0,56.0,,plate,3,1.0,30.0
3742,0,1,,0,2,tomato_cut,3.0416666666666643,3,0,3,tomato_cut,3.7916666666666616,3,2,2,plate,2,3,plate,2,4,,2,5,tomato,4,0,tomato,5,0,tomato,6,0,plate,6,3,,6,4,,7,1,plate,7,3,,7,4,,6,24.0,40.0,,,3,1.0,30.0,56.0,56.0,,plate,3,1.0,30.0
3743,0,1,,0,2,tomato_cut,3.083333333333331,3,0,3,tomato_cut,3.7916666666666616,3,2,2,plate,2,3,plate,2,4,,2,5,tomato,4,0,tomato,5,0,tomato,6,0,plate,6,3,,6,4,,7,1,plate,7,3,,7,4,,6,24.0,40.0,,,3,1.0,30.0,56.0,56.0,,plate,3,1.0,30.0
3744,0,1,,0,2,tomato_cut,3.1249999999999973,3,0,3,tomato_cut,3.7916666666666616,3,2,2,plate,2,3,plate,2,4,,2,5,tomato,4,0,tomato,5,0,tomato,6,0,plate,6,3,,6,4,,7,1,plate,7,3,,7,4,,6,24.0,40.0,,,3,1.0,30.0,56.0,56.0,,plate,3,1.0,30.0
3745,0,1,,0,2,tomato_cut,3.166666666666664,3,0,3,tomato_cut,3.7916666666666616,3,2,2,plate,2,3,plate,2,4,,2,5,tomato,4,0,tomato,5,0,tomato,6,0,plate,6,3,,6,4,,7,1,plate,7,3,,7,4,,6,24.0,40.0,,,3,1.0,30.0,56.0,56.0,,plate,3,1.0,30.0
3746,0,1,,0,2,tomato_cut,3.2083333333333304,3,0,3,tomato_cut,3.7916666666666616,3,2,2,plate,2,3,plate,2,4,,2,5,tomato,4,0,tomato,5,0,tomato,6,0,plate,6,3,,6,4,,7,1,plate,7,3,,7,4,,6,24.0,40.0,,,3,1.0,30.0,56.0,56.0,,plate,3,1.0,30.0
3747,0,1,,0,2,tomato_cut,3.249999999999997,3,0,3,tomato_cut,3.7916666666666616,3,2,2,plate,2,3,plate,2,4,,2,5,tomato,4,0,tomato,5,0,tomato,6,0,plate,6,3,,6,4,,7,1,plate,7,3,,7,4,,6,24.0,40.0,,,3,1.0,30.0,56.0,56.0,,plate,3,1.0,30.0
3748,0,1,,0,2,tomato_cut,3.2916666666666634,3,0,3,tomato_cut,3.7916666666666616,3,2,2,plate,2,3,plate,2,4,,2,5,tomato,4,0,tomato,5,0,tomato,6,0,plate,6,3,,6,4,,7,1,plate,7,3,,7,4,,6,24.0,40.0,,,3,1.0,30.0,56.0,56.0,,plate,3,1.0,30.0
3749,0,1,,0,2,tomato_cut,3.33333333333333,3,0,3,tomato_cut,3.7916666666666616,3,2,2,plate,2,3,plate,2,4,,2,5,tomato,4,0,tomato,5,0,tomato,6,0,plate,6,3,,6,4,,7,1,plate,7,3,,7,4,,6,24.0,40.0,,,3,1.0,30.0,56.0,56.0,,plate,3,1.0,30.0
3750,0,1,,0,2,tomato_cut,3.3749999999999964,3,0,3,tomato_cut,3.7916666666666616,3,2,2,plate,2,3,plate,2,4,,2,5,tomato,4,0,tomato,5,0,tomato,6,0,plate,6,3,,6,4,,7,1,plate,7,3,,7,4,,6,24.0,40.0,,,3,1.0,30.0,56.0,56.0,,plate,3,1.0,30.0
3751,0,1,,0,2,tomato_cut,3.416666666666663,3,0,3,tomato_cut,3.7916666666666616,3,2,2,plate,2,3,plate,2,4,,2,5,tomato,4,0,tomato,5,0,tomato,6,0,plate,6,3,,6,4,,7,1,plate,7,3,,7,4,,6,24.0,40.0,,,3,1.0,30.0,56.0,56.0,,plate,3,1.0,30.0
3752,0,1,,0,2,tomato_cut,3.4583333333333295,3,0,3,tomato_cut,3.7916666666666616,3,2,2,plate,2,3,plate,2,4,,2,5,tomato,4,0,tomato,5,0,tomato,6,0,plate,6,3,,6,4,,7,1,plate,7,3,,7,4,,6,24.0,40.0,,,3,1.0,30.0,56.0,56.0,,plate,3,1.0,30.0
3753,0,1,,0,2,tomato_cut,3.499999999999996,3,0,3,tomato_cut,3.7916666666666616,3,2,2,plate,2,3,plate,2,4,,2,5,tomato,4,0,tomato,5,0,tomato,6,0,plate,6,3,,6,4,,7,1,plate,7,3,,7,4,,6,24.0,40.0,,,3,1.0,30.0,56.0,56.0,,plate,3,1.0,30.0
3754,0,1,,0,2,tomato_cut,3.5416666666666625,3,0,3,tomato_cut,3.7916666666666616,3,2,2,plate,2,3,plate,2,4,,2,5,tomato,4,0,tomato,5,0,tomato,6,0,plate,6,3,,6,4,,7,1,plate,7,3,,7,4,,6,24.0,40.0,,,3,1.0,30.0,56.0,56.0,,plate,3,1.0,30.0
3755,0,1,,0,2,tomato_cut,3.583333333333329,3,0,3,tomato_cut,3.7916666666666616,3,2,2,plate,2,3,plate,2,4,,2,5,tomato,4,0,tomato,5,0,tomato,6,0,plate,6,3,,6,4,,7,1,plate,7,3,,7,4,,6,24.0,40.0,,,3,1.0,30.0,56.0,56.0,,plate,3,1.0,30.0
3756,0,1,,0,2,tomato_cut,3.6249999999999956,3,0,3,tomato_cut,3.7916666666666616,3,2,2,plate,2,3,plate,2,4,,2,5,tomato,4,0,tomato,5,0,tomato,6,0,plate,6,3,,6,4,,7,1,plate,7,3,,7,4,,6,24.0,40.0,,,3,1.0,30.0,56.0,56.0,,plate,3,1.0,30.0
3757,0,1,,0,2,tomato_cut,3.666666666666662,3,0,3,tomato_cut,3.7916666666666616,3,2,2,plate,2,3,plate,2,4,,2,5,tomato,4,0,tomato,5,0,tomato,6,0,plate,6,3,,6,4,,7,1,plate,7,3,,7,4,,6,24.0,40.0,,,3,1.0,30.0,56.0,56.0,,plate,3,1.0,30.0
3758,0,1,,0,2,tomato_cut,3.7083333333333286,3,0,3,tomato_cut,3.7916666666666616,3,2,2,plate,2,3,plate,2,4,,2,5,tomato,4,0,tomato,5,0,tomato,6,0,plate,6,3,,6,4,,7,1,plate,7,3,,7,4,,6,24.0,40.0,,,3,1.0,30.0,56.0,56.0,,plate,3,1.0,30.0
3759,0,1,,0,2,tomato_cut,3.749999999999995,3,0,3,tomato_cut,3.7916666666666616,3,2,2,plate,2,3,plate,2,4,,2,5,tomato,4,0,tomato,5,0,tomato,6,0,plate,6,3,,6,4,,7,1,plate,7,3,,7,4,,6,24.0,40.0,,,3,1.0,30.0,56.0,56.0,,plate,3,1.0,30.0
3760,0,1,,0,2,tomato_cut,3.7916666666666616,3,0,3,tomato_cut,3.7916666666666616,3,2,2,plate,2,3,plate,2,4,,2,5,tomato,4,0,tomato,5,0,tomato,6,0,plate,6,3,,6,4,,7,1,plate,7,3,,7,4,,6,24.0,40.0,,,3,1.0,30.0,56.0,56.0,,plate,3,1.0,30.0
3761,0,1,,0,2,tomato_cut,3.833333333333328,3,0,3,tomato_cut,3.7916666666666616,3,2,2,plate,2,3,plate,2,4,,2,5,tomato,4,0,tomato,5,0,tomato,6,0,plate,6,3,,6,4,,7,1,plate,7,3,,7,4,,6,24.0,40.0,,,3,1.0,30.0,56.0,56.0,,plate,3,1.0,30.0
3762,0,1,,0,2,tomato_cut,3.8749999999999947,3,0,3,tomato_cut,3.7916666666666616,3,2,2,plate,2,3,plate,2,4,,2,5,tomato,4,0,tomato,5,0,tomato,6,0,plate,6,3,,6,4,,7,1,plate,7,3,,7,4,,6,24.0,40.0,,,3,1.0,30.0,56.0,56.0,,plate,3,1.0,30.0
3763,0,1,,0,2,tomato_cut,3.916666666666661,3,0,3,tomato_cut,3.7916666666666616,3,2,2,plate,2,3,plate,2,4,,2,5,tomato,4,0,tomato,5,0,tomato,6,0,plate,6,3,,6,4,,7,1,plate,7,3,,7,4,,6,24.0,40.0,,,3,1.0,30.0,56.0,56.0,,plate,3,1.0,30.0
3764,0,1,,0,2,tomato_cut,3.9583333333333277,3,0,3,tomato_cut,3.7916666666666616,3,2,2,plate,2,3,plate,2,4,,2,5,tomato,4,0,tomato,5,0,tomato,6,0,plate,6,3,,6,4,,7,1,plate,7,3,,7,4,,6,24.0,40.0,,,3,1.0,30.0,56.0,56.0,,plate,3,1.0,30.0
3765,0,1,,0,2,tomato_cut,3.9999999999999942,3,0,3,tomato_cut,3.7916666666666616,3,2,2,plate,2,3,plate,2,4,,2,5,tomato,4,0,tomato,5,0,tomato,6,0,plate,6,3,,6,4,,7,1,plate,7,3,,7,4,,6,24.0,40.0,,,3,1.0,30.0,56.0,56.0,,plate,3,1.0,30.0
3766,0,1,,0,2,tomato_cut,4.0,3,0,3,tomato_cut,3.7916666666666616,3,2,2,plate,2,3,plate,2,4,,2,5,tomato,4,0,tomato,5,0,tomato,6,0,plate,6,3,,6,4,,7,1,plate,7,3,,7,4,,6,24.0,40.0,,,3,1.0,30.0,56.0,56.0,,plate,3,1.0,30.0
3767,0,1,,0,2,tomato_cut,4.0,3,0,3,tomato_cut,3.7916666666666616,3,2,2,plate,2,3,plate,2,4,,2,5,tomato,4,0,tomato,5,0,tomato,6,0,plate,6,3,,6,4,,7,1,plate,7,3,,7,4,,6,24.0,40.0,,,3,1.0,30.0,56.0,56.0,,plate,3,1.0,30.0
3768,0,1,,0,2,tomato_cut,4.0,3,0,3,tomato_cut,3.7916666666666616,3,2,2,plate,2,3,plate,2,4,,2,5,tomato,4,0,tomato,5,0,tomato,6,0,plate,6,3,,6,4,,7,1,plate,7,3,,7,4,,6,24.0,40.0,,,3,1.0,30.0,56.0,56.0,,plate,3,1.0,30.0
3769,0,1,,0,2,tomato_cut,4.0,3,0,3,tomato_cut,3.7916666666666616,3,2,2,plate,2,3,plate,2,4,,2,5,tomato,4,0,tomato,5,0,tomato,6,0,plate,6,3,,6,4,,7,1,plate,7,3,,7,4,,6,24.0,40.0,,,3,1.0,30.0,56.0,56.0,,plate,3,1.0,30.0
3770,0,1,,0,2,tomato_cut,4.0,3,0,3,tomato_cut,3.7916666666666616,3,2,2,plate,2,3,plate,2,4,,2,5,tomato,4,0,tomato,5,0,tomato,6,0,plate,6,3,,6,4,,7,1,plate,7,3,,7,4,,6,24.0,40.0,,,3,1.0,30.0,56.0,56.0,,plate,3,1.0,30.0
3771,0,1,,0,2,tomato_cut,4.0,3,0,3,tomato_cut,3.7916666666666616,3,2,2,plate,2,3,plate,2,4,,2,5,tomato,4,0,tomato,5,0,tomato,6,0,plate,6,3,,6,4,,7,1,plate,7,3,,7,4,,6,24.0,40.0,,,3,1.0,30.0,56.0,56.0,,plate,3,1.0,30.0
3772,0,1,,0,2,tomato_cut,4.0,3,0,3,tomato_cut,3.7916666666666616,3,2,2,plate,2,3,plate,2,4,,2,5,tomato,4,0,tomato,5,0,tomato,6,0,plate,6,3,,6,4,,7,1,plate,7,3,,7,4,,6,24.0,40.0,,,3,1.0,30.0,56.0,56.0,,plate,3,1.0,30.0
3773,0,1,,0,2,tomato_cut,4.0,3,0,3,tomato_cut,3.7916666666666616,3,2,2,plate,2,3,plate,2,4,,2,5,tomato,4,0,tomato,5,0,tomato,6,0,plate,6,3,,6,4,,7,1,plate,7,3,,7,4,,6,24.0,40.0,,,3,1.0,30.0,56.0,56.0,,plate,3,1.0,30.0
3774,0,1,,0,2,tomato_cut,4.0,3,0,3,tomato_cut,3.7916666666666616,3,2,2,plate,2,3,plate,2,4,,2,5,tomato,4,0,tomato,5,0,tomato,6,0,plate,6,3,,6,4,,7,1,plate,7,3,,7,4,,6,24.0,40.0,,,3,1.0,30.0,56.0,56.0,,plate,3,1.0,30.0
3775,0,1,,0,2,tomato_cut,4.0,3,0,3,tomato_cut,3.7916666666666616,3,2,2,plate,2,3,plate,2,4,,2,5,tomato,4,0,tomato,5,0,tomato,6,0,plate,6,3,,6,4,,7,1,plate,7,3,,7,4,,6,24.0,40.0,,,3,1.0,30.0,56.0,56.0,,plate,3,1.0,30.0
3776,0,1,,0,2,tomato_cut,4.0,3,0,3,tomato_cut,3.7916666666666616,3,2,2,plate,2,3,plate,2,4,,2,5,tomato,4,0,tomato,5,0,tomato,6,0,plate,6,3,,6,4,,7,1,plate,7,3,,7,4,,6,24.0,40.0,,,3,1.0,30.0,56.0,56.0,,plate,3,1.0,30.0
3777,0,1,,0,2,tomato_cut,4.0,3,0,3,tomato_cut,3.7916666666666616,3,2,2,plate,2,3,plate,2,4,,2,5,tomato,4,0,tomato,5,0,tomato,6,0,plate,6,3,,6,4,,7,1,plate,7,3,,7,4,,6,24.0,40.0,,,3,1.0,30.0,56.0,56.0,,plate,3,1.0,30.0
3778,0,1,,0,2,None_cut,4.0,3,0,3,tomato_cut,3.7916666666666616,3,2,2,plate,2,3,plate,2,4,,2,5,tomato,4,0,tomato,5,0,tomato,6,0,plate,6,3,,6,4,,7,1,plate,7,3,,7,4,,6,24.0,40.0,,tomato_cut,3,1.0,30.0,56.0,56.0,,plate,3,1.0,30.0
3779,0,1,,0,2,None_cut,4.0,3,0,3,tomato_cut,3.7916666666666616,3,2,2,plate,2,3,plate,2,4,,2,5,tomato,4,0,tomato,5,0,tomato,6,0,plate,6,3,,6,4,,7,1,plate,7,3,,7,4,,6,24.0,40.0,,tomato_cut,3,1.0,30.0,56.0,56.0,,plate,3,1.0,30.0
3780,0,1,,0,2,None_cut,4.0,3,0,3,tomato_cut,3.7916666666666616,3,2,2,plate,2,3,plate,2,4,,2,5,tomato,4,0,tomato,5,0,tomato,6,0,plate,6,3,,6,4,,7,1,plate,7,3,,7,4,,6,24.0,40.0,,tomato_cut,3,1.0,30.0,56.0,56.0,,plate,3,1.0,30.0
3781,0,1,,0,2,None_cut,4.0,3,0,3,tomato_cut,3.7916666666666616,3,2,2,plate,2,3,plate,2,4,,2,5,tomato,4,0,tomato,5,0,tomato,6,0,plate,6,3,,6,4,,7,1,plate,7,3,,7,4,,6,24.0,40.0,,tomato_cut,3,1.0,30.0,56.0,56.0,,plate,3,1.0,30.0
3782,0,1,,0,2,None_cut,4.0,3,0,3,tomato_cut,3.7916666666666616,3,2,2,plate,2,3,plate,2,4,,2,5,tomato,4,0,tomato,5,0,tomato,6,0,plate,6,3,,6,4,,7,1,plate,7,3,,7,4,,6,24.0,40.0,,tomato_cut,3,1.0,30.0,56.0,56.0,,plate,3,1.0,30.0
3783,0,1,,0,2,None_cut,4.0,3,0,3,tomato_cut,3.7916666666666616,3,2,2,plate,2,3,plate,2,4,,2,5,tomato,4,0,tomato,5,0,tomato,6,0,plate,6,3,,6,4,,7,1,plate,7,3,,7,4,,6,24.0,40.0,,tomato_cut,3,1.0,30.0,56.0,56.0,,plate,3,1.0,30.0
3784,0,1,,0,2,None_cut,4.0,3,0,3,tomato_cut,3.7916666666666616,3,2,2,plate,2,3,plate,2,4,,2,5,tomato,4,0,tomato,5,0,tomato,6,0,plate,6,3,,6,4,,7,1,plate,7,3,,7,4,,6,24.0,40.0,,tomato_cut,3,1.0,30.0,56.0,56.0,,plate,3,1.0,30.0
3785,0,1,,0,2,None_cut,4.0,3,0,3,tomato_cut,3.7916666666666616,3,2,2,plate,2,3,plate,2,4,,2,5,tomato,4,0,tomato,5,0,tomato,6,0,plate,6,3,,6,4,,7,1,plate,7,3,,7,4,,6,24.0,40.0,,tomato_cut,3,1.0,30.0,56.0,56.0,,plate,3,1.0,30.0
3786,0,1,,0,2,None_cut,4.0,3,0,3,tomato_cut,3.7916666666666616,3,2,2,plate,2,3,plate,2,4,,2,5,tomato,4,0,tomato,5,0,tomato,6,0,plate,6,3,,6,4,,7,1,plate,7,3,,7,4,,6,24.0,40.0,,tomato_cut,3,1.0,30.0,56.0,56.0,,plate,3,1.0,30.0
3787,0,1,,0,2,None_cut,4.0,3,0,3,tomato_cut,3.7916666666666616,3,2,2,plate,2,3,plate,2,4,,2,5,tomato,4,0,tomato,5,0,tomato,6,0,plate,6,3,,6,4,,7,1,plate,7,3,,7,4,,6,24.0,40.0,,tomato_cut,3,1.0,30.0,56.0,56.0,,plate,3,1.0,30.0
3788,0,1,,0,2,None_cut,4.0,3,0,3,tomato_cut,3.7916666666666616,3,2,2,plate,2,3,plate,2,4,,2,5,tomato,4,0,tomato,5,0,tomato,6,0,plate,6,3,,6,4,,7,1,plate,7,3,,7,4,,6,24.0,40.0,,tomato_cut,3,1.0,30.0,56.0,56.0,,plate,3,1.0,30.0
3789,0,1,,0,2,None_cut,4.0,3,0,3,tomato_cut,3.7916666666666616,3,2,2,plate,2,3,plate,2,4,,2,5,tomato,4,0,tomato,5,0,tomato,6,0,plate,6,3,,6,4,,7,1,plate,7,3,,7,4,,6,24.0,40.0,,tomato_cut,3,1.0,30.0,56.0,56.0,,plate,3,1.0,30.0
3790,0,1,,0,2,None_cut,4.0,3,0,3,tomato_cut,3.7916666666666616,3,2,2,plate,2,3,plate,2,4,,2,5,tomato,4,0,tomato,5,0,tomato,6,0,plate,6,3,,6,4,,7,1,plate,7,3,,7,4,,6,24.0,40.0,,tomato_cut,3,1.0,30.0,56.0,56.0,,plate,3,1.0,30.0
3791,0,1,,0,2,None_cut,4.0,3,0,3,tomato_cut,3.7916666666666616,3,2,2,plate,2,3,plate,2,4,,2,5,tomato,4,0,tomato,5,0,tomato,6,0,plate,6,3,,6,4,,7,1,plate,7,3,,7,4,,6,24.0,40.0,,tomato_cut,3,1.0,30.0,56.0,56.0,,plate,3,1.0,30.0
3792,0,1,,0,2,None_cut,4.0,3,0,3,tomato_cut,3.7916666666666616,3,2,2,plate,2,3,plate,2,4,,2,5,tomato,4,0,tomato,5,0,tomato,6,0,plate,6,3,,6,4,,7,1,plate,7,3,,7,4,,6,24.0,40.0,,tomato_cut,3,1.0,30.0,56.0,56.0,,plate,3,1.0,30.0
3793,0,1,,0,2,None_cut,4.0,3,0,3,tomato_cut,3.7916666666666616,3,2,2,plate,2,3,plate,2,4,,2,5,tomato,4,0,tomato,5,0,tomato,6,0,plate,6,3,,6,4,,7,1,plate,7,3,,7,4,,6,24.0,40.0,,tomato_cut,3,1.0,30.0,56.0,56.0,,plate,3,1.0,30.0
3794,0,1,,0,2,None_cut,4.0,3,0,3,tomato_cut,3.7916666666666616,3,2,2,plate,2,3,plate,2,4,,2,5,tomato,4,0,tomato,5,0,tomato,6,0,plate,6,3,,6,4,,7,1,plate,7,3,,7,4,,6,24.0,40.0,,tomato_cut,3,1.0,30.0,56.0,56.0,,plate,3,1.0,30.0
3795,0,1,,0,2,None_cut,4.0,3,0,3,tomato_cut,3.7916666666666616,3,2,2,plate,2,3,plate,2,4,,2,5,tomato,4,0,tomato,5,0,tomato,6,0,plate,6,3,,6,4,,7,1,plate,7,3,,7,4,,6,24.0,40.0,,tomato_cut,3,1.0,30.0,56.0,56.0,,plate,3,1.0,30.0
3796,0,1,,0,2,None_cut,4.0,3,0,3,tomato_cut,3.7916666666666616,3,2,2,plate,2,3,plate,2,4,,2,5,tomato,4,0,tomato,5,0,tomato,6,0,plate,6,3,,6,4,,7,1,plate,7,3,,7,4,,6,24.0,40.0,,tomato_cut,3,1.0,30.0,56.0,56.0,,plate,3,1.0,30.0
3797,0,1,,0,2,None_cut,4.0,3,0,3,tomato_cut,3.7916666666666616,3,2,2,plate,2,3,plate,2,4,,2,5,tomato,4,0,tomato,5,0,tomato,6,0,plate,6,3,,6,4,,7,1,plate,7,3,,7,4,,6,24.0,40.0,,tomato_cut,3,1.0,30.0,56.0,56.0,,plate,3,1.0,30.0
3798,0,1,,0,2,None_cut,4.0,3,0,3,tomato_cut,3.7916666666666616,3,2,2,plate,2,3,plate,2,4,,2,5,tomato,4,0,tomato,5,0,tomato,6,0,plate,6,3,,6,4,,7,1,plate,7,3,,7,4,,6,24.0,40.0,,tomato_cut,3,1.0,30.0,56.0,56.0,,plate,3,1.0,30.0
3799,0,1,,0,2,None_cut,4.0,3,0,3,tomato_cut,3.7916666666666616,3,2,2,plate,2,3,plate,2,4,,2,5,tomato,4,0,tomato,5,0,tomato,6,0,plate,6,3,,6,4,,7,1,plate,7,3,,7,4,,6,24.0,40.0,,tomato_cut,3,1.0,30.0,56.0,56.0,,plate,3,1.0,30.0
3800,0,1,,0,2,None_cut,4.0,3,0,3,tomato_cut,3.7916666666666616,3,2,2,plate,2,3,plate,2,4,,2,5,tomato,4,0,tomato,5,0,tomato,6,0,plate,6,3,,6,4,,7,1,plate,7,3,,7,4,,6,24.0,40.0,,tomato_cut,3,1.0,30.0,56.0,56.0,,plate,3,1.0,30.0
3801,0,1,,0,2,None_cut,4.0,3,0,3,tomato_cut,3.7916666666666616,3,2,2,plate,2,3,plate,2,4,,2,5,tomato,4,0,tomato,5,0,tomato,6,0,plate,6,3,,6,4,,7,1,plate,7,3,,7,4,,6,24.0,40.0,,tomato_cut,3,1.0,30.0,56.0,56.0,,plate,3,1.0,30.0
3802,0,1,,0,2,None_cut,4.0,3,0,3,tomato_cut,3.7916666666666616,3,2,2,plate,2,3,plate,2,4,,2,5,tomato,4,0,tomato,5,0,tomato,6,0,plate,6,3,,6,4,,7,1,plate,7,3,,7,4,,6,24.0,40.0,,tomato_cut,3,1.0,30.0,56.0,56.0,,plate,3,1.0,30.0
3803,0,1,,0,2,None_cut,4.0,3,0,3,tomato_cut,3.7916666666666616,3,2,2,plate,2,3,plate,2,4,,2,5,tomato,4,0,tomato,5,0,tomato,6,0,plate,6,3,,6,4,,7,1,plate,7,3,,7,4,,6,24.0,40.0,,tomato_cut,3,1.0,30.0,56.0,56.0,,plate,3,1.0,30.0
3804,0,1,,0,2,None_cut,4.0,3,0,3,tomato_cut,3.7916666666666616,3,2,2,plate,2,3,plate,2,4,,2,5,tomato,4,0,tomato,5,0,tomato,6,0,plate,6,3,,6,4,,7,1,plate,7,3,,7,4,,6,24.0,40.0,,tomato_cut,3,1.0,30.0,56.0,56.0,,plate,3,1.0,30.0
3805,0,1,,0,2,None_cut,4.0,3,0,3,tomato_cut,3.7916666666666616,3,2,2,plate,2,3,plate,2,4,,2,5,tomato,4,0,tomato,5,0,tomato,6,0,plate,6,3,,6,4,,7,1,plate,7,3,,7,4,,6,24.0,40.0,,tomato_cut,3,1.0,30.0,56.0,56.0,,plate,3,1.0,30.0
3806,0,1,,0,2,None_cut,4.0,3,0,3,tomato_cut,3.7916666666666616,3,2,2,plate,2,3,plate,2,4,,2,5,tomato,4,0,tomato,5,0,tomato,6,0,plate,6,3,,6,4,,7,1,plate,7,3,,7,4,,6,24.0,40.0,,tomato_cut,3,1.0,30.0,56.0,56.0,,plate,3,1.0,30.0
3807,0,1,,0,2,None_cut,4.0,3,0,3,tomato_cut,3.7916666666666616,3,2,2,plate,2,3,plate,2,4,,2,5,tomato,4,0,tomato,5,0,tomato,6,0,plate,6,3,,6,4,,7,1,plate,7,3,,7,4,,6,24.0,40.0,,tomato_cut,3,1.0,30.0,56.0,56.0,,plate,3,1.0,30.0
3808,0,1,,0,2,None_cut,4.0,3,0,3,tomato_cut,3.7916666666666616,3,2,2,plate,2,3,plate,2,4,,2,5,tomato,4,0,tomato,5,0,tomato,6,0,plate,6,3,,6,4,,7,1,plate,7,3,,7,4,,6,24.0,40.0,,tomato_cut,3,1.0,30.0,56.0,56.0,,plate,3,1.0,30.0
3809,0,1,,0,2,None_cut,4.0,3,0,3,tomato_cut,3.7916666666666616,3,2,2,plate,2,3,plate,2,4,,2,5,tomato,4,0,tomato,5,0,tomato,6,0,plate,6,3,,6,4,,7,1,plate,7,3,,7,4,,6,24.0,40.0,,tomato_cut,3,1.0,30.0,56.0,56.0,,plate,3,1.0,30.0
3810,0,1,,0,2,None_cut,4.0,3,0,3,tomato_cut,3.7916666666666616,3,2,2,tomato_salad,2,3,plate,2,4,,2,5,tomato,4,0,tomato,5,0,tomato,6,0,plate,6,3,,6,4,,7,1,plate,7,3,,7,4,,6,24.0,40.0,,,3,1.0,30.0,56.0,56.0,,plate,3,1.0,30.0
3811,0,1,,0,2,None_cut,4.0,3,0,3,tomato_cut,3.7916666666666616,3,2,2,tomato_salad,2,3,plate,2,4,,2,5,tomato,4,0,tomato,5,0,tomato,6,0,plate,6,3,,6,4,,7,1,plate,7,3,,7,4,,6,24.0,40.0,,,3,1.0,30.0,56.0,56.0,,plate,3,1.0,30.0
3812,0,1,,0,2,None_cut,4.0,3,0,3,tomato_cut,3.7916666666666616,3,2,2,tomato_salad,2,3,plate,2,4,,2,5,tomato,4,0,tomato,5,0,tomato,6,0,plate,6,3,,6,4,,7,1,plate,7,3,,7,4,,6,24.0,40.0,,,3,1.0,30.0,56.0,56.0,,plate,3,1.0,30.0
3813,0,1,,0,2,None_cut,4.0,3,0,3,tomato_cut,3.7916666666666616,3,2,2,tomato_salad,2,3,plate,2,4,,2,5,tomato,4,0,tomato,5,0,tomato,6,0,plate,6,3,,6,4,,7,1,plate,7,3,,7,4,,6,24.0,40.0,,,3,1.0,30.0,56.0,56.0,,plate,3,1.0,30.0
3814,0,1,,0,2,None_cut,4.0,3,0,3,tomato_cut,3.7916666666666616,3,2,2,tomato_salad,2,3,plate,2,4,,2,5,tomato,4,0,tomato,5,0,tomato,6,0,plate,6,3,,6,4,,7,1,plate,7,3,,7,4,,6,24.0,40.0,,,3,1.0,30.0,56.0,56.0,,plate,3,1.0,30.0
3815,0,1,,0,2,None_cut,4.0,3,0,3,tomato_cut,3.7916666666666616,3,2,2,tomato_salad,2,3,plate,2,4,,2,5,tomato,4,0,tomato,5,0,tomato,6,0,plate,6,3,,6,4,,7,1,plate,7,3,,7,4,,6,24.0,40.0,,,3,1.0,30.0,56.0,56.0,,plate,3,1.0,30.0
3816,0,1,,0,2,None_cut,4.0,3,0,3,tomato_cut,3.7916666666666616,3,2,2,tomato_salad,2,3,plate,2,4,,2,5,tomato,4,0,tomato,5,0,tomato,6,0,plate,6,3,,6,4,,7,1,plate,7,3,,7,4,,6,24.0,40.0,,,3,1.0,30.0,56.0,56.0,,plate,3,1.0,30.0
3817,0,1,,0,2,None_cut,4.0,3,0,3,tomato_cut,3.7916666666666616,3,2,2,tomato_salad,2,3,plate,2,4,,2,5,tomato,4,0,tomato,5,0,tomato,6,0,plate,6,3,,6,4,,7,1,plate,7,3,,7,4,,6,24.0,40.0,,,3,1.0,30.0,56.0,56.0,,plate,3,1.0,30.0
3818,0,1,,0,2,None_cut,4.0,3,0,3,tomato_cut,3.7916666666666616,3,2,2,tomato_salad,2,3,plate,2,4,,2,5,tomato,4,0,tomato,5,0,tomato,6,0,plate,6,3,,6,4,,7,1,plate,7,3,,7,4,,6,24.0,40.0,,,3,1.0,30.0,56.0,56.0,,plate,3,1.0,30.0
3819,0,1,,0,2,None_cut,4.0,3,0,3,tomato_cut,3.7916666666666616,3,2,2,tomato_salad,2,3,plate,2,4,,2,5,tomato,4,0,tomato,5,0,tomato,6,0,plate,6,3,,6,4,,7,1,plate,7,3,,7,4,,6,24.0,40.0,,,3,1.0,30.0,56.0,56.0,,plate,3,1.0,30.0
3820,0,1,,0,2,None_cut,4.0,3,0,3,tomato_cut,3.7916666666666616,3,2,2,tomato_salad,2,3,plate,2,4,,2,5,tomato,4,0,tomato,5,0,tomato,6,0,plate,6,3,,6,4,,7,1,plate,7,3,,7,4,,6,24.0,40.0,,,3,1.0,30.0,56.0,56.0,,plate,3,1.0,30.0
3821,0,1,,0,2,None_cut,4.0,3,0,3,tomato_cut,3.7916666666666616,3,2,2,tomato_salad,2,3,plate,2,4,,2,5,tomato,4,0,tomato,5,0,tomato,6,0,plate,6,3,,6,4,,7,1,plate,7,3,,7,4,,6,24.0,40.0,,,3,1.0,30.0,56.0,56.0,,plate,3,1.0,30.0
3822,0,1,,0,2,None_cut,4.0,3,0,3,tomato_cut,3.7916666666666616,3,2,2,tomato_salad,2,3,plate,2,4,,2,5,tomato,4,0,tomato,5,0,tomato,6,0,plate,6,3,,6,4,,7,1,plate,7,3,,7,4,,6,24.0,40.0,,,3,1.0,30.0,56.0,56.0,,plate,3,1.0,30.0
3823,0,1,,0,2,None_cut,4.0,3,0,3,tomato_cut,3.7916666666666616,3,2,2,tomato_salad,2,3,plate,2,4,,2,5,tomato,4,0,tomato,5,0,tomato,6,0,plate,6,3,,6,4,,7,1,plate,7,3,,7,4,,6,24.0,40.0,,,3,1.0,30.0,56.0,56.0,,plate,3,1.0,30.0
3824,0,1,,0,2,None_cut,4.0,3,0,3,tomato_cut,3.7916666666666616,3,2,2,tomato_salad,2,3,plate,2,4,,2,5,tomato,4,0,tomato,5,0,tomato,6,0,plate,6,3,,6,4,,7,1,plate,7,3,,7,4,,6,24.0,40.0,,,3,1.0,30.0,56.0,56.0,,plate,3,1.0,30.0
3825,0,1,,0,2,None_cut,4.0,3,0,3,tomato_cut,3.7916666666666616,3,2,2,tomato_salad,2,3,plate,2,4,,2,5,tomato,4,0,tomato,5,0,tomato,6,0,plate,6,3,,6,4,,7,1,plate,7,3,,7,4,,6,24.0,40.0,,,3,1.0,30.0,56.0,56.0,,plate,3,1.0,30.0
3826,0,1,,0,2,None_cut,4.0,3,0,3,tomato_cut,3.7916666666666616,3,2,2,tomato_salad,2,3,plate,2,4,,2,5,tomato,4,0,tomato,5,0,tomato,6,0,plate,6,3,,6,4,,7,1,plate,7,3,,7,4,,6,24.0,40.0,,,3,1.0,30.0,56.0,56.0,,plate,3,1.0,30.0
3827,0,1,,0,2,None_cut,4.0,3,0,3,tomato_cut,3.7916666666666616,3,2,2,tomato_salad,2,3,plate,2,4,,2,5,tomato,4,0,tomato,5,0,tomato,6,0,plate,6,3,,6,4,,7,1,plate,7,3,,7,4,,6,24.0,40.0,,,3,1.0,30.0,56.0,56.0,,plate,3,1.0,30.0
3828,0,1,,0,2,None_cut,4.0,3,0,3,tomato_cut,3.7916666666666616,3,2,2,tomato_salad,2,3,plate,2,4,,2,5,tomato,4,0,tomato,5,0,tomato,6,0,plate,6,3,,6,4,,7,1,plate,7,3,,7,4,,6,24.0,40.0,,,3,1.0,30.0,56.0,56.0,,plate,3,1.0,30.0
3829,0,1,,0,2,None_cut,4.0,3,0,3,tomato_cut,3.7916666666666616,3,2,2,tomato_salad,2,3,plate,2,4,,2,5,tomato,4,0,tomato,5,0,tomato,6,0,plate,6,3,,6,4,,7,1,plate,7,3,,7,4,,6,24.0,40.0,,,3,1.0,30.0,56.0,56.0,,plate,3,1.0,30.0
3830,0,1,,0,2,None_cut,4.0,3,0,3,tomato_cut,3.7916666666666616,3,2,2,tomato_salad,2,3,plate,2,4,,2,5,tomato,4,0,tomato,5,0,tomato,6,0,plate,6,3,,6,4,,7,1,plate,7,3,,7,4,,6,24.0,40.0,,,3,1.0,30.0,56.0,56.0,,plate,3,1.0,30.0
3831,0,1,,0,2,None_cut,4.0,3,0,3,tomato_cut,3.7916666666666616,3,2,2,tomato_salad,2,3,plate,2,4,,2,5,tomato,4,0,tomato,5,0,tomato,6,0,plate,6,3,,6,4,,7,1,plate,7,3,,7,4,,6,24.0,40.0,,,3,1.0,30.0,56.0,56.0,,plate,3,1.0,30.0
3832,0,1,,0,2,None_cut,4.0,3,0,3,tomato_cut,3.7916666666666616,3,2,2,tomato_salad,2,3,plate,2,4,,2,5,tomato,4,0,tomato,5,0,tomato,6,0,plate,6,3,,6,4,,7,1,plate,7,3,,7,4,,6,24.0,40.0,,,3,1.0,30.0,56.0,56.0,,plate,3,1.0,30.0
3833,0,1,,0,2,None_cut,4.0,3,0,3,tomato_cut,3.7916666666666616,3,2,2,tomato_salad,2,3,plate,2,4,,2,5,tomato,4,0,tomato,5,0,tomato,6,0,plate,6,3,,6,4,,7,1,plate,7,3,,7,4,,6,24.0,40.0,,,3,1.0,30.0,56.0,54.749999999999716,,plate,3,1.0,30.0
3834,0,1,,0,2,None_cut,4.0,3,0,3,tomato_cut,3.7916666666666616,3,2,2,tomato_salad,2,3,plate,2,4,,2,5,tomato,4,0,tomato,5,0,tomato,6,0,plate,6,3,,6,4,,7,1,plate,7,3,,7,4,,6,24.0,40.0,,,3,1.0,30.0,56.0,53.49999999999943,,plate,3,1.0,30.0
3835,0,1,,0,2,None_cut,4.0,3,0,3,tomato_cut,3.7916666666666616,3,2,2,tomato_salad,2,3,plate,2,4,,2,5,tomato,4,0,tomato,5,0,tomato,6,0,plate,6,3,,6,4,,7,1,plate,7,3,,7,4,,6,24.0,40.0,,,3,1.0,30.0,56.0,52.24999999999915,,plate,3,1.0,30.0
3836,0,1,,0,2,None_cut,4.0,3,0,3,tomato_cut,3.7916666666666616,3,2,2,tomato_salad,2,3,plate,2,4,,2,5,tomato,4,0,tomato,5,0,tomato,6,0,plate,6,3,,6,4,,7,1,plate,7,3,,7,4,,6,24.0,40.0,,,3,1.0,30.0,56.0,50.99999999999886,,plate,3,1.0,30.0
3837,0,1,,0,2,None_cut,4.0,3,0,3,tomato_cut,3.7916666666666616,3,2,2,tomato_salad,2,3,plate,2,4,,2,5,tomato,4,0,tomato,5,0,tomato,6,0,plate,6,3,,6,4,,7,1,plate,7,3,,7,4,,6,24.0,40.0,,,3,1.0,30.0,56.0,49.74999999999858,,plate,3,1.0,30.0
3838,0,1,,0,2,None_cut,4.0,3,0,3,tomato_cut,3.7916666666666616,3,2,2,tomato_salad,2,3,plate,2,4,,2,5,tomato,4,0,tomato,5,0,tomato,6,0,plate,6,3,,6,4,,7,1,plate,7,3,,7,4,,6,24.0,41.250000000000284,,,3,1.0,30.0,56.0,48.499999999998295,,plate,3,1.0,30.0
3839,0,1,,0,2,None_cut,4.0,3,0,3,tomato_cut,3.7916666666666616,3,2,2,tomato_salad,2,3,plate,2,4,,2,5,tomato,4,0,tomato,5,0,tomato,6,0,plate,6,3,,6,4,,7,1,plate,7,3,,7,4,,6,24.0,42.50000000000057,,,3,1.0,30.0,56.0,47.24999999999801,,plate,3,1.0,30.0
3840,0,1,,0,2,None_cut,4.0,3,0,3,tomato_cut,3.7916666666666616,3,2,2,tomato_salad,2,3,plate,2,4,,2,5,tomato,4,0,tomato,5,0,tomato,6,0,plate,6,3,,6,4,,7,1,plate,7,3,,7,4,,6,24.0,43.75000000000085,,,3,1.0,30.0,56.0,45.999999999997726,,plate,3,1.0,30.0
3841,0,1,,0,2,None_cut,4.0,3,0,3,tomato_cut,3.7916666666666616,3,2,2,tomato_salad,2,3,plate,2,4,,2,5,tomato,4,0,tomato,5,0,tomato,6,0,plate,6,3,,6,4,,7,1,plate,7,3,,7,4,,6,24.0,45.00000000000114,,,3,1.0,30.0,56.0,44.74999999999744,,plate,3,1.0,30.0
3842,0,1,,0,2,None_cut,4.0,3,0,3,tomato_cut,3.7916666666666616,3,2,2,tomato_salad,2,3,plate,2,4,,2,5,tomato,4,0,tomato,5,0,tomato,6,0,plate,6,3,,6,4,,7,1,plate,7,3,,7,4,,6,24.0,46.25000000000142,,,3,1.0,30.0,56.0,43.49999999999716,,plate,3,1.0,30.0
3843,0,1,,0,2,None_cut,4.0,3,0,3,tomato_cut,3.7916666666666616,3,2,2,tomato_salad,2,3,plate,2,4,,2,5,tomato,4,0,tomato,5,0,tomato,6,0,plate,6,3,,6,4,,7,1,plate,7,3,,7,4,,6,24.0,47.500000000001705,,,3,1.0,30.0,56.0,42.249999999996874,,plate,3,1.0,30.0
3844,0,1,,0,2,None_cut,4.0,3,0,3,tomato_cut,3.7916666666666616,3,2,2,tomato_salad,2,3,plate,2,4,,2,5,tomato,4,0,tomato,5,0,tomato,6,0,plate,6,3,,6,4,,7,1,plate,7,3,,7,4,,6,24.0,48.75000000000199,,,3,1.0,30.0,56.0,40.99999999999659,,plate,3,1.0,30.0
3845,0,1,,0,2,None_cut,4.0,3,0,3,tomato_cut,3.7916666666666616,3,2,2,tomato_salad,2,3,plate,2,4,,2,5,tomato,4,0,tomato,5,0,tomato,6,0,plate,6,3,,6,4,,7,1,plate,7,3,,7,4,,6,24.0,50.000000000002274,,,3,1.0,30.0,56.0,40.0,,plate,3,1.0,30.0
3846,0,1,,0,2,None_cut,4.0,3,0,3,tomato_cut,3.7916666666666616,3,2,2,plate,2,3,plate,2,4,,2,5,tomato,4,0,tomato,5,0,tomato,6,0,plate,6,3,,6,4,,7,1,plate,7,3,,7,4,,6,24.0,51.25000000000256,,,3,1.0,30.0,56.0,40.0,,tomato_salad,3,1.0,30.0
3847,0,1,,0,2,None_cut,4.0,3,0,3,tomato_cut,3.7916666666666616,3,2,2,plate,2,3,plate,2,4,,2,5,tomato,4,0,tomato,5,0,tomato,6,0,plate,6,3,,6,4,,7,1,plate,7,3,,7,4,,6,24.0,52.50000000000284,,,3,1.0,30.0,56.0,40.0,,tomato_salad,3,1.0,30.0
3848,0,1,,0,2,None_cut,4.0,3,0,3,tomato_cut,3.7916666666666616,3,2,2,plate,2,3,plate,2,4,,2,5,tomato,4,0,tomato,5,0,tomato,6,0,plate,6,3,,6,4,,7,1,plate,7,3,,7,4,,6,24.0,53.750000000003126,,,3,1.0,30.0,56.0,40.0,,tomato_salad,3,1.0,30.0
3849,0,1,,0,2,None_cut,4.0,3,0,3,tomato_cut,3.7916666666666616,3,2,2,plate,2,3,plate,2,4,,2,5,tomato,4,0,tomato,5,0,tomato,6,0,plate,6,3,,6,4,,7,1,plate,7,3,,7,4,,6,24.0,55.00000000000341,,,3,1.0,30.0,56.0,40.0,,tomato_salad,3,1.0,30.0
3850,0,1,,0,2,None_cut,4.0,3,0,3,tomato_cut,3.7916666666666616,3,2,2,plate,2,3,plate,2,4,,2,5,tomato,4,0,tomato,5,0,tomato,6,0,plate,6,3,,6,4,,7,1,plate,7,3,,7,4,,6,24.0,56.0,,,3,1.0,30.0,56.0,40.0,,tomato_salad,3,1.0,30.0
3851,0,1,,0,2,None_cut,4.0,3,0,3,None_cut,3.7916666666666616,3,2,2,plate,2,3,plate,2,4,,2,5,tomato,4,0,tomato,5,0,tomato,6,0,plate,6,3,,6,4,,7,1,plate,7,3,,7,4,,6,24.0,56.0,,tomato_cut,3,1.0,30.0,56.0,40.0,,tomato_salad,3,1.0,30.0
3852,0,1,,0,2,None_cut,4.0,3,0,3,None_cut,3.7916666666666616,3,2,2,plate,2,3,plate,2,4,,2,5,tomato,4,0,tomato,5,0,tomato,6,0,plate,6,3,,6,4,,7,1,plate,7,3,,7,4,,6,24.0,56.0,,tomato_cut,3,1.0,30.0,56.0,40.0,,tomato_salad,3,1.0,30.0
3853,0,1,,0,2,None_cut,4.0,3,0,3,None_cut,3.7916666666666616,3,2,2,plate,2,3,plate,2,4,,2,5,tomato,4,0,tomato,5,0,tomato,6,0,plate,6,3,,6,4,,7,1,plate,7,3,,7,4,,6,24.0,56.0,,tomato_cut,3,1.0,30.0,56.0,40.0,,tomato_salad,3,1.0,30.0
3854,0,1,,0,2,None_cut,4.0,3,0,3,None_cut,3.7916666666666616,3,2,2,plate,2,3,plate,2,4,,2,5,tomato,4,0,tomato,5,0,tomato,6,0,plate,6,3,,6,4,,7,1,plate,7,3,,7,4,,6,24.0,56.0,,tomato_cut,3,1.0,30.0,56.0,40.0,,tomato_salad,3,1.0,30.0
3855,0,1,,0,2,None_cut,4.0,3,0,3,None_cut,3.7916666666666616,3,2,2,plate,2,3,plate,2,4,,2,5,tomato,4,0,tomato,5,0,tomato,6,0,plate,6,3,,6,4,,7,1,plate,7,3,,7,4,,6,24.0,56.0,,tomato_cut,3,1.0,30.0,56.0,40.0,,tomato_salad,3,1.0,30.0
3856,0,1,,0,2,None_cut,4.0,3,0,3,None_cut,3.7916666666666616,3,2,2,plate,2,3,plate,2,4,,2,5,tomato,4,0,tomato,5,0,tomato,6,0,plate,6,3,,6,4,,7,1,plate,7,3,,7,4,,6,24.0,56.0,,tomato_cut,3,1.0,30.0,56.0,40.0,,tomato_salad,3,1.0,30.0
3857,0,1,,0,2,None_cut,4.0,3,0,3,None_cut,3.7916666666666616,3,2,2,plate,2,3,plate,2,4,,2,5,tomato,4,0,tomato,5,0,tomato,6,0,plate,6,3,,6,4,,7,1,plate,7,3,,7,4,,6,24.0,56.0,,tomato_cut,3,1.0,30.0,56.0,40.0,,tomato_salad,3,1.0,30.0
3858,0,1,,0,2,None_cut,4.0,3,0,3,None_cut,3.7916666666666616,3,2,2,plate,2,3,plate,2,4,,2,5,tomato,4,0,tomato,5,0,tomato,6,0,plate,6,3,,6,4,,7,1,plate,7,3,,7,4,,6,24.0,56.0,,tomato_cut,3,1.0,30.0,56.0,40.0,,tomato_salad,3,1.0,30.0
3859,0,1,,0,2,None_cut,4.0,3,0,3,None_cut,3.7916666666666616,3,2,2,plate,2,3,plate,2,4,,2,5,tomato,4,0,tomato,5,0,tomato,6,0,plate,6,3,,6,4,,7,1,plate,7,3,,7,4,,6,24.0,56.0,,tomato_cut,3,1.0,30.0,56.0,40.0,,tomato_salad,3,1.0,30.0
3860,0,1,,0,2,None_cut,4.0,3,0,3,None_cut,3.7916666666666616,3,2,2,plate,2,3,plate,2,4,,2,5,tomato,4,0,tomato,5,0,tomato,6,0,plate,6,3,,6,4,,7,1,plate,7,3,,7,4,,6,24.0,56.0,,tomato_cut,3,1.0,30.0,56.0,40.0,,tomato_salad,3,1.0,30.0
3861,0,1,,0,2,None_cut,4.0,3,0,3,None_cut,3.7916666666666616,3,2,2,plate,2,3,plate,2,4,,2,5,tomato,4,0,tomato,5,0,tomato,6,0,plate,6,3,,6,4,,7,1,plate,7,3,,7,4,,6,24.0,56.0,,tomato_cut,3,1.0,30.0,56.0,40.0,,tomato_salad,3,1.0,30.0
3862,0,1,,0,2,None_cut,4.0,3,0,3,None_cut,3.7916666666666616,3,2,2,plate,2,3,plate,2,4,,2,5,tomato,4,0,tomato,5,0,tomato,6,0,plate,6,3,,6,4,,7,1,plate,7,3,,7,4,,6,24.0,56.0,,tomato_cut,3,1.0,30.0,56.0,40.0,,tomato_salad,3,1.0,30.0
3863,0,1,,0,2,None_cut,4.0,3,0,3,None_cut,3.7916666666666616,3,2,2,plate,2,3,plate,2,4,,2,5,tomato,4,0,tomato,5,0,tomato,6,0,plate,6,3,,6,4,,7,1,plate,7,3,,7,4,,6,24.0,56.0,,tomato_cut,3,1.0,30.0,56.0,40.0,,tomato_salad,3,1.0,30.0
3864,0,1,,0,2,None_cut,4.0,3,0,3,None_cut,3.7916666666666616,3,2,2,plate,2,3,plate,2,4,,2,5,tomato,4,0,tomato,5,0,tomato,6,0,plate,6,3,,6,4,,7,1,plate,7,3,,7,4,,6,24.0,56.0,,tomato_cut,3,1.0,30.0,56.0,40.0,,tomato_salad,3,1.0,30.0
3865,0,1,,0,2,None_cut,4.0,3,0,3,None_cut,3.7916666666666616,3,2,2,plate,2,3,plate,2,4,,2,5,tomato,4,0,tomato,5,0,tomato,6,0,plate,6,3,,6,4,,7,1,plate,7,3,,7,4,,6,24.0,56.0,,tomato_cut,3,1.0,30.0,56.0,40.0,,tomato_salad,3,1.0,30.0
3866,0,1,,0,2,None_cut,4.0,3,0,3,None_cut,3.7916666666666616,3,2,2,plate,2,3,plate,2,4,,2,5,tomato,4,0,tomato,5,0,tomato,6,0,plate,6,3,,6,4,,7,1,plate,7,3,,7,4,,6,24.0,56.0,,tomato_cut,3,1.0,30.0,56.88388347648305,39.11611652351695,,tomato_salad,3,1.0,30.0
3867,0,1,,0,2,None_cut,4.0,3,0,3,None_cut,3.7916666666666616,3,2,2,plate,2,3,plate,2,4,,2,5,tomato,4,0,tomato,5,0,tomato,6,0,plate,6,3,,6,4,,7,1,plate,7,3,,7,4,,6,24.0,56.0,,tomato_cut,3,1.0,30.0,57.7677669529661,38.2322330470339,,tomato_salad,3,1.0,30.0
3868,0,1,,0,2,None_cut,4.0,3,0,3,None_cut,3.7916666666666616,3,2,2,plate,2,3,plate,2,4,,2,5,tomato,4,0,tomato,5,0,tomato,6,0,plate,6,3,,6,4,,7,1,plate,7,3,,7,4,,6,24.0,56.0,,tomato_cut,3,1.0,30.0,58.65165042944915,37.34834957055085,,tomato_salad,3,1.0,30.0
3869,0,1,,0,2,None_cut,4.0,3,0,3,None_cut,3.7916666666666616,3,2,2,plate,2,3,plate,2,4,,2,5,tomato,4,0,tomato,5,0,tomato,6,0,plate,6,3,,6,4,,7,1,plate,7,3,,7,4,,6,24.0,56.0,,tomato_cut,3,1.0,30.0,59.5355339059322,36.4644660940678,,tomato_salad,3,1.0,30.0
3870,0,1,,0,2,None_cut,4.0,3,0,3,None_cut,3.7916666666666616,3,2,2,plate,2,3,plate,2,4,,2,5,tomato,4,0,tomato,5,0,tomato,6,0,plate,6,3,,6,4,,7,1,plate,7,3,,7,4,,6,24.0,56.0,,tomato_cut,3,1.0,30.0,60.41941738241525,35.58058261758475,,tomato_salad,3,1.0,30.0
3871,0,1,,0,2,None_cut,4.0,3,0,3,None_cut,3.7916666666666616,3,2,2,plate,2,3,plate,2,4,,2,5,tomato,4,0,tomato,5,0,tomato,6,0,plate,6,3,,6,4,,7,1,plate,7,3,,7,4,,6,24.0,56.0,,tomato_cut,3,1.0,30.0,61.3033008588983,34.6966991411017,,tomato_salad,3,1.0,30.0
3872,0,1,,0,2,None_cut,4.0,3,0,3,None_cut,3.7916666666666616,3,2,2,plate,2,3,plate,2,4,,2,5,tomato,4,0,tomato,5,0,tomato,6,0,plate,6,3,,6,4,,7,1,plate,7,3,,7,4,,6,24.0,56.0,,tomato_cut,3,1.0,30.0,62.187184335381346,33.812815664618654,,tomato_salad,3,1.0,30.0
3873,0,1,,0,2,None_cut,4.0,3,0,3,None_cut,3.7916666666666616,3,2,2,plate,2,3,plate,2,4,,2,5,tomato,4,0,tomato,5,0,tomato,6,0,plate,6,3,,6,4,,7,1,plate,7,3,,7,4,,6,24.0,56.0,,tomato_cut,3,1.0,30.0,63.071067811864395,32.928932188135605,,tomato_salad,3,1.0,30.0
3874,0,1,,0,2,None_cut,4.0,3,0,3,None_cut,3.7916666666666616,3,2,2,plate,2,3,plate,2,4,,2,5,tomato,4,0,tomato,5,0,tomato,6,0,plate,6,3,,6,4,,7,1,plate,7,3,,7,4,,6,24.0,56.0,,tomato_cut,3,1.0,30.0,63.954951288347445,32.045048711652555,,tomato_salad,3,1.0,30.0
3875,0,1,,0,2,None_cut,4.0,3,0,3,None_cut,3.7916666666666616,3,2,2,plate,2,3,plate,2,4,,2,5,tomato,4,0,tomato,5,0,tomato,6,0,plate,6,3,,6,4,,7,1,plate,7,3,,7,4,,6,24.0,56.0,,tomato_cut,3,1.0,30.0,64.8388347648305,31.161165235169506,,tomato_salad,3,1.0,30.0
3876,0,1,,0,2,None_cut,4.0,3,0,3,None_cut,3.7916666666666616,3,2,2,plate,2,3,plate,2,4,,2,5,tomato,4,0,tomato,5,0,tomato,6,0,plate,6,3,,6,4,,7,1,plate,7,3,,7,4,,6,24.0,56.0,,tomato_cut,3,1.0,30.0,65.72271824131354,30.277281758686456,,tomato_salad,3,1.0,30.0
3877,0,1,,0,2,None_cut,4.0,3,0,3,None_cut,3.7916666666666616,3,2,2,plate,2,3,plate,2,4,,2,5,tomato,4,0,tomato,5,0,tomato,6,0,plate,6,3,,6,4,,7,1,plate,7,3,,7,4,,6,24.0,56.0,,tomato_cut,3,1.0,30.0,66.6066017177966,29.393398282203407,,tomato_salad,3,1.0,30.0
3878,0,1,,0,2,None_cut,4.0,3,0,3,None_cut,3.7916666666666616,3,2,2,plate,2,3,plate,2,4,,2,5,tomato,4,0,tomato,5,0,tomato,6,0,plate,6,3,,6,4,,7,1,plate,7,3,,7,4,,6,24.0,56.0,,tomato_cut,3,1.0,30.0,67.49048519427964,28.509514805720357,,tomato_salad,3,1.0,30.0
3879,0,1,,0,2,None_cut,4.0,3,0,3,None_cut,3.7916666666666616,3,2,2,plate,2,3,plate,2,4,,2,5,tomato,4,0,tomato,5,0,tomato,6,0,plate,6,3,,6,4,,7,1,plate,7,3,,7,4,,6,24.0,56.0,,tomato_cut,3,1.0,30.0,68.37436867076269,27.625631329237308,,tomato_salad,3,1.0,30.0
3880,0,1,,0,2,None_cut,4.0,3,0,3,None_cut,3.7916666666666616,3,2,2,plate,2,3,plate,2,4,,2,5,tomato,4,0,tomato,5,0,tomato,6,0,plate,6,3,,6,4,,7,1,plate,7,3,,7,4,,6,24.0,56.0,,tomato_cut,3,1.0,30.0,69.25825214724574,26.74174785275426,,tomato_salad,3,1.0,30.0
3881,0,1,,0,2,None_cut,4.0,3,0,3,None_cut,3.7916666666666616,3,2,2,plate,2,3,plate,2,4,,2,5,tomato,4,0,tomato,5,0,tomato,6,0,plate,6,3,,6,4,,7,1,plate,7,3,,7,4,,6,24.0,56.0,,tomato_cut,3,1.0,30.0,70.14213562372879,25.85786437627121,,tomato_salad,3,1.0,30.0
3882,0,1,,0,2,None_cut,4.0,3,0,3,None_cut,3.7916666666666616,3,2,2,plate,2,3,plate,2,4,,2,5,tomato,4,0,tomato,5,0,tomato,6,0,plate,6,3,,6,4,,7,1,plate,7,3,,7,4,,6,24.0,56.0,,tomato_cut,3,1.0,30.0,71.02601910021184,24.97398089978816,,tomato_salad,3,1.0,30.0
3883,0,1,,0,2,None_cut,4.0,3,0,3,None_cut,3.7916666666666616,3,2,2,plate,2,3,plate,2,4,,2,5,tomato,4,0,tomato,5,0,tomato,6,0,plate,6,3,,6,4,,7,1,plate,7,3,,7,4,,6,24.0,56.0,,tomato_cut,3,1.0,30.0,72.0,24.0,,tomato_salad,3,1.0,30.0
3884,0,1,,0,2,None_cut,4.0,3,0,3,None_cut,3.7916666666666616,3,2,2,plate,2,3,plate,2,4,,2,5,tomato,4,0,tomato,5,0,tomato,6,0,plate,6,3,,6,4,,7,1,plate,7,3,,7,4,,6,24.0,56.0,,tomato_cut,3,1.0,30.0,72.0,24.0,,tomato,3,1.0,30.0
3885,0,1,,0,2,None_cut,4.0,3,0,3,None_cut,3.7916666666666616,3,2,2,plate,2,3,plate,2,4,,2,5,tomato,4,0,tomato,5,0,tomato,6,0,plate,6,3,,6,4,,7,1,plate,7,3,,7,4,,6,24.0,56.0,,tomato_cut,3,1.0,30.0,72.0,24.0,,tomato,3,1.0,30.0
3886,0,1,,0,2,None_cut,4.0,3,0,3,None_cut,3.7916666666666616,3,2,2,plate,2,3,plate,2,4,,2,5,tomato,4,0,tomato,5,0,tomato,6,0,plate,6,3,,6,4,,7,1,plate,7,3,,7,4,,6,24.0,56.0,,tomato_cut,3,1.0,30.0,72.0,24.0,,tomato,3,1.0,30.0
3887,0,1,,0,2,None_cut,4.0,3,0,3,None_cut,3.7916666666666616,3,2,2,plate,2,3,plate,2,4,,2,5,tomato,4,0,tomato,5,0,tomato,6,0,plate,6,3,,6,4,,7,1,plate,7,3,,7,4,,6,24.0,56.0,,tomato_cut,3,1.0,30.0,72.0,24.0,,tomato,3,1.0,30.0
3888,0,1,,0,2,None_cut,4.0,3,0,3,None_cut,3.7916666666666616,3,2,2,plate,2,3,plate,2,4,,2,5,tomato,4,0,tomato,5,0,tomato,6,0,plate,6,3,,6,4,,7,1,plate,7,3,,7,4,,6,24.0,56.0,,tomato_cut,3,1.0,30.0,72.0,24.0,,tomato,3,1.0,30.0
3889,0,1,,0,2,None_cut,4.0,3,0,3,None_cut,3.7916666666666616,3,2,2,plate,2,3,plate,2,4,,2,5,tomato,4,0,tomato,5,0,tomato,6,0,plate,6,3,,6,4,,7,1,plate,7,3,,7,4,,6,24.0,56.0,,tomato_cut,3,1.0,30.0,72.0,24.0,,tomato,3,1.0,30.0
3890,0,1,,0,2,None_cut,4.0,3,0,3,None_cut,3.7916666666666616,3,2,2,plate,2,3,plate,2,4,,2,5,tomato,4,0,tomato,5,0,tomato,6,0,plate,6,3,,6,4,,7,1,plate,7,3,,7,4,,6,24.0,56.0,,tomato_cut,3,1.0,30.0,72.0,24.0,,tomato,3,1.0,30.0
3891,0,1,,0,2,None_cut,4.0,3,0,3,None_cut,3.7916666666666616,3,2,2,plate,2,3,plate,2,4,,2,5,tomato,4,0,tomato,5,0,tomato,6,0,plate,6,3,,6,4,,7,1,plate,7,3,,7,4,,6,24.0,56.0,,tomato_cut,3,1.0,30.0,72.0,24.0,,tomato,3,1.0,30.0
3892,0,1,,0,2,None_cut,4.0,3,0,3,None_cut,3.7916666666666616,3,2,2,plate,2,3,plate,2,4,,2,5,tomato,4,0,tomato,5,0,tomato,6,0,plate,6,3,,6,4,,7,1,plate,7,3,,7,4,,6,24.0,56.0,,tomato_cut,3,1.0,30.0,72.0,24.0,,tomato,3,1.0,30.0
3893,0,1,,0,2,None_cut,4.0,3,0,3,None_cut,3.7916666666666616,3,2,2,plate,2,3,tomato_salad,2,4,,2,5,tomato,4,0,tomato,5,0,tomato,6,0,plate,6,3,,6,4,,7,1,plate,7,3,,7,4,,6,24.0,56.0,,,3,1.0,30.0,72.0,24.0,,tomato,3,1.0,30.0
3894,0,1,,0,2,None_cut,4.0,3,0,3,None_cut,3.7916666666666616,3,2,2,plate,2,3,tomato_salad,2,4,,2,5,tomato,4,0,tomato,5,0,tomato,6,0,plate,6,3,,6,4,,7,1,plate,7,3,,7,4,,6,24.0,56.0,,,3,1.0,30.0,72.0,24.0,,tomato,3,1.0,30.0
3895,0,1,,0,2,None_cut,4.0,3,0,3,None_cut,3.7916666666666616,3,2,2,plate,2,3,tomato_salad,2,4,,2,5,tomato,4,0,tomato,5,0,tomato,6,0,plate,6,3,,6,4,,7,1,plate,7,3,,7,4,,6,24.0,56.0,,,3,1.0,30.0,72.0,24.0,,tomato,3,1.0,30.0
3896,0,1,,0,2,None_cut,4.0,3,0,3,None_cut,3.7916666666666616,3,2,2,plate,2,3,tomato_salad,2,4,,2,5,tomato,4,0,tomato,5,0,tomato,6,0,plate,6,3,,6,4,,7,1,plate,7,3,,7,4,,6,24.0,56.0,,,3,1.0,30.0,72.0,24.0,,tomato,3,1.0,30.0
3897,0,1,,0,2,None_cut,4.0,3,0,3,None_cut,3.7916666666666616,3,2,2,plate,2,3,tomato_salad,2,4,,2,5,tomato,4,0,tomato,5,0,tomato,6,0,plate,6,3,,6,4,,7,1,plate,7,3,,7,4,,6,24.0,56.0,,,3,1.0,30.0,72.0,24.0,,tomato,3,1.0,30.0
3898,0,1,,0,2,None_cut,4.0,3,0,3,None_cut,3.7916666666666616,3,2,2,plate,2,3,tomato_salad,2,4,,2,5,tomato,4,0,tomato,5,0,tomato,6,0,plate,6,3,,6,4,,7,1,plate,7,3,,7,4,,6,24.0,56.0,,,3,1.0,30.0,72.0,24.0,,tomato,3,1.0,30.0
3899,0,1,,0,2,None_cut,4.0,3,0,3,None_cut,3.7916666666666616,3,2,2,plate,2,3,tomato_salad,2,4,,2,5,tomato,4,0,tomato,5,0,tomato,6,0,plate,6,3,,6,4,,7,1,plate,7,3,,7,4,,6,24.0,56.0,,,3,1.0,30.0,72.0,24.0,,tomato,3,1.0,30.0
3900,0,1,,0,2,None_cut,4.0,3,0,3,None_cut,3.7916666666666616,3,2,2,plate,2,3,tomato_salad,2,4,,2,5,tomato,4,0,tomato,5,0,tomato,6,0,plate,6,3,,6,4,,7,1,plate,7,3,,7,4,,6,24.0,56.0,,,3,1.0,30.0,72.0,24.0,,tomato,3,1.0,30.0
3901,0,1,,0,2,None_cut,4.0,3,0,3,None_cut,3.7916666666666616,3,2,2,plate,2,3,tomato_salad,2,4,,2,5,tomato,4,0,tomato,5,0,tomato,6,0,plate,6,3,,6,4,,7,1,plate,7,3,,7,4,,6,24.0,56.0,,,3,1.0,30.0,72.0,24.0,,tomato,3,1.0,30.0
3902,0,1,,0,2,None_cut,4.0,3,0,3,None_cut,3.7916666666666616,3,2,2,plate,2,3,tomato_salad,2,4,,2,5,tomato,4,0,tomato,5,0,tomato,6,0,plate,6,3,,6,4,,7,1,plate,7,3,,7,4,,6,24.0,56.0,,,3,1.0,30.0,72.0,24.0,,tomato,3,1.0,30.0
3903,0,1,,0,2,None_cut,4.0,3,0,3,None_cut,3.7916666666666616,3,2,2,plate,2,3,tomato_salad,2,4,,2,5,tomato,4,0,tomato,5,0,tomato,6,0,plate,6,3,,6,4,,7,1,plate,7,3,,7,4,,6,24.0,56.0,,,3,1.0,30.0,72.0,24.0,,tomato,3,1.0,30.0
3904,0,1,,0,2,None_cut,4.0,3,0,3,None_cut,3.7916666666666616,3,2,2,plate,2,3,tomato_salad,2,4,,2,5,tomato,4,0,tomato,5,0,tomato,6,0,plate,6,3,,6,4,,7,1,plate,7,3,,7,4,,6,24.0,56.0,,,3,1.0,30.0,72.0,24.0,,tomato,3,1.0,30.0
3905,0,1,,0,2,None_cut,4.0,3,0,3,None_cut,3.7916666666666616,3,2,2,plate,2,3,tomato_salad,2,4,,2,5,tomato,4,0,tomato,5,0,tomato,6,0,plate,6,3,,6,4,,7,1,plate,7,3,,7,4,,6,24.0,56.0,,,3,1.0,30.0,72.0,24.0,,tomato,3,1.0,30.0
3906,0,1,,0,2,None_cut,4.0,3,0,3,None_cut,3.7916666666666616,3,2,2,plate,2,3,tomato_salad,2,4,,2,5,tomato,4,0,tomato,5,0,tomato,6,0,plate,6,3,,6,4,,7,1,plate,7,3,,7,4,,6,24.0,56.0,,,3,1.0,30.0,72.0,24.0,,tomato,3,1.0,30.0
3907,0,1,,0,2,None_cut,4.0,3,0,3,None_cut,3.7916666666666616,3,2,2,plate,2,3,tomato_salad,2,4,,2,5,tomato,4,0,tomato,5,0,tomato,6,0,plate,6,3,,6,4,,7,1,plate,7,3,,7,4,,6,24.0,56.0,,,3,1.0,30.0,72.0,24.0,,tomato,3,1.0,30.0
3908,0,1,,0,2,None_cut,4.0,3,0,3,None_cut,3.7916666666666616,3,2,2,plate,2,3,tomato_salad,2,4,,2,5,tomato,4,0,tomato,5,0,tomato,6,0,plate,6,3,,6,4,,7,1,plate,7,3,,7,4,,6,24.0,56.0,,,3,1.0,30.0,72.0,24.0,,tomato,3,1.0,30.0
3909,0,1,,0,2,None_cut,4.0,3,0,3,None_cut,3.7916666666666616,3,2,2,plate,2,3,tomato_salad,2,4,,2,5,tomato,4,0,tomato,5,0,tomato,6,0,plate,6,3,,6,4,,7,1,plate,7,3,,7,4,,6,24.0,56.0,,,3,1.0,30.0,72.0,24.0,,tomato,3,1.0,30.0
3910,0,1,,0,2,None_cut,4.0,3,0,3,None_cut,3.7916666666666616,3,2,2,plate,2,3,tomato_salad,2,4,,2,5,tomato,4,0,tomato,5,0,tomato,6,0,plate,6,3,,6,4,,7,1,plate,7,3,,7,4,,6,24.0,56.0,,,3,1.0,30.0,72.0,24.0,,tomato,3,1.0,30.0
3911,0,1,,0,2,None_cut,4.0,3,0,3,None_cut,3.7916666666666616,3,2,2,plate,2,3,tomato_salad,2,4,,2,5,tomato,4,0,tomato,5,0,tomato,6,0,plate,6,3,,6,4,,7,1,plate,7,3,,7,4,,6,24.0,56.0,,,3,1.0,30.0,72.0,24.0,,tomato,3,1.0,30.0
3912,0,1,,0,2,None_cut,4.0,3,0,3,None_cut,3.7916666666666616,3,2,2,plate,2,3,tomato_salad,2,4,,2,5,tomato,4,0,tomato,5,0,tomato,6,0,plate,6,3,,6,4,,7,1,plate,7,3,,7,4,,6,24.0,56.0,,,3,1.0,30.0,72.0,24.0,,tomato,3,1.0,30.0
3913,0,1,,0,2,None_cut,4.0,3,0,3,None_cut,3.7916666666666616,3,2,2,plate,2,3,tomato_salad,2,4,,2,5,tomato,4,0,tomato,5,0,tomato,6,0,plate,6,3,,6,4,,7,1,plate,7,3,,7,4,,6,24.0,56.0,,,3,1.0,30.0,72.0,24.0,,tomato,3,1.0,30.0
3914,0,1,,0,2,None_cut,4.0,3,0,3,None_cut,3.7916666666666616,3,2,2,plate,2,3,tomato_salad,2,4,,2,5,tomato,4,0,tomato,5,0,tomato,6,0,plate,6,3,,6,4,,7,1,plate,7,3,,7,4,,6,24.0,56.0,,,3,1.0,30.0,72.0,24.0,,tomato,3,1.0,30.0
3915,0,1,,0,2,None_cut,4.0,3,0,3,None_cut,3.7916666666666616,3,2,2,plate,2,3,tomato_salad,2,4,,2,5,tomato,4,0,tomato,5,0,tomato,6,0,plate,6,3,,6,4,,7,1,plate,7,3,,7,4,,6,24.0,56.0,,,3,1.0,30.0,72.0,25.24999999999993,,tomato,3,1.0,30.0
3916,0,1,,0,2,None_cut,4.0,3,0,3,None_cut,3.7916666666666616,3,2,2,plate,2,3,tomato_salad,2,4,,2,5,tomato,4,0,tomato,5,0,tomato,6,0,plate,6,3,,6,4,,7,1,plate,7,3,,7,4,,6,24.0,56.0,,,3,1.0,30.0,72.0,26.499999999999858,,tomato,3,1.0,30.0
3917,0,1,,0,2,None_cut,4.0,3,0,3,None_cut,3.7916666666666616,3,2,2,plate,2,3,tomato_salad,2,4,,2,5,tomato,4,0,tomato,5,0,tomato,6,0,plate,6,3,,6,4,,7,1,plate,7,3,,7,4,,6,24.0,56.0,,,3,1.0,30.0,72.0,27.749999999999787,,tomato,3,1.0,30.0
3918,0,1,,0,2,None_cut,4.0,3,0,3,None_cut,3.7916666666666616,3,2,2,plate,2,3,tomato_salad,2,4,,2,5,tomato,4,0,tomato,5,0,tomato,6,0,plate,6,3,,6,4,,7,1,plate,7,3,,7,4,,6,24.0,56.0,,,3,1.0,30.0,72.0,28.999999999999716,,tomato,3,1.0,30.0
3919,0,1,,0,2,None_cut,4.0,3,0,3,None_cut,3.7916666666666616,3,2,2,plate,2,3,tomato_salad,2,4,,2,5,tomato,4,0,tomato,5,0,tomato,6,0,plate,6,3,,6,4,,7,1,plate,7,3,,7,4,,6,24.0,56.0,,,3,1.0,30.0,72.0,30.249999999999645,,tomato,3,1.0,30.0
3920,0,1,,0,2,None_cut,4.0,3,0,3,None_cut,3.7916666666666616,3,2,2,plate,2,3,tomato_salad,2,4,,2,5,tomato,4,0,tomato,5,0,tomato,6,0,plate,6,3,,6,4,,7,1,plate,7,3,,7,4,,6,24.0,56.0,,,3,1.0,30.0,72.0,31.499999999999574,,tomato,3,1.0,30.0
3921,0,1,,0,2,None_cut,4.0,3,0,3,None_cut,3.7916666666666616,3,2,2,plate,2,3,tomato_salad,2,4,,2,5,tomato,4,0,tomato,5,0,tomato,6,0,plate,6,3,,6,4,,7,1,plate,7,3,,7,4,,6,24.0,56.0,,,3,1.0,30.0,72.0,32.749999999999716,,tomato,3,1.0,30.0
3922,0,1,,0,2,None_cut,4.0,3,0,3,None_cut,3.7916666666666616,3,2,2,plate,2,3,tomato_salad,2,4,,2,5,tomato,4,0,tomato,5,0,tomato,6,0,plate,6,3,,6,4,,7,1,plate,7,3,,7,4,,6,24.0,56.0,,,3,1.0,30.0,71.29136913071375,33.77972923193121,,tomato,3,1.0,30.0
3923,0,1,,0,2,None_cut,4.0,3,0,3,None_cut,3.7916666666666616,3,2,2,plate,2,3,tomato_salad,2,4,,2,5,tomato,4,0,tomato,5,0,tomato,6,0,plate,6,3,,6,4,,7,1,plate,7,3,,7,4,,6,24.0,56.0,,,3,1.0,30.0,70.5827382614275,34.80945846386271,,tomato,3,1.0,30.0
3924,0,1,,0,2,None_cut,4.0,3,0,3,None_cut,3.7916666666666616,3,2,2,plate,2,3,tomato_salad,2,4,,2,5,tomato,4,0,tomato,5,0,tomato,6,0,plate,6,3,,6,4,,7,1,plate,7,3,,7,4,,6,24.0,56.0,,,3,1.0,30.0,69.87410739214124,35.83918769579421,,tomato,3,1.0,30.0
3925,0,1,,0,2,None_cut,4.0,3,0,3,None_cut,3.7916666666666616,3,2,2,plate,2,3,tomato_salad,2,4,,2,5,tomato,4,0,tomato,5,0,tomato,6,0,plate,6,3,,6,4,,7,1,plate,7,3,,7,4,,6,24.0,56.0,,,3,1.0,30.0,69.16547652285499,36.86891692772571,,tomato,3,1.0,30.0
3926,0,1,,0,2,None_cut,4.0,3,0,3,None_cut,3.7916666666666616,3,2,2,plate,2,3,tomato_salad,2,4,,2,5,tomato,4,0,tomato,5,0,tomato,6,0,plate,6,3,,6,4,,7,1,plate,7,3,,7,4,,6,24.0,56.0,,,3,1.0,30.0,68.45684565356873,37.898646159657204,,tomato,3,1.0,30.0
3927,0,1,,0,2,None_cut,4.0,3,0,3,None_cut,3.7916666666666616,3,2,2,plate,2,3,tomato_salad,2,4,,2,5,tomato,4,0,tomato,5,0,tomato,6,0,plate,6,3,,6,4,,7,1,plate,7,3,,7,4,,6,24.0,56.0,,,3,1.0,30.0,67.74821478428248,38.9283753915887,,tomato,3,1.0,30.0
3928,0,1,,0,2,None_cut,4.0,3,0,3,None_cut,3.7916666666666616,3,2,2,plate,2,3,tomato_salad,2,4,,2,5,tomato,4,0,tomato,5,0,tomato,6,0,plate,6,3,,6,4,,7,1,plate,7,3,,7,4,,6,24.0,56.0,,,3,1.0,30.0,67.03958391499623,39.9581046235202,,tomato,3,1.0,30.0
3929,0,1,,0,2,None_cut,4.0,3,0,3,None_cut,3.7916666666666616,3,2,2,plate,2,3,tomato_salad,2,4,,2,5,tomato,4,0,tomato,5,0,tomato,6,0,plate,6,3,,6,4,,7,1,plate,7,3,,7,4,,6,24.0,56.0,,,3,1.0,30.0,66.33095304570998,40.9878338554517,,tomato,3,1.0,30.0
3930,0,1,,0,2,None_cut,4.0,3,0,3,None_cut,3.7916666666666616,3,2,2,plate,2,3,tomato_salad,2,4,,2,5,tomato,4,0,tomato,5,0,tomato,6,0,plate,6,3,,6,4,,7,1,plate,7,3,,7,4,,6,24.0,56.0,,,3,1.0,30.0,65.62232217642372,42.017563087383195,,tomato,3,1.0,30.0
3931,0,1,,0,2,None_cut,4.0,3,0,3,None_cut,3.7916666666666616,3,2,2,plate,2,3,tomato_salad,2,4,,2,5,tomato,4,0,tomato,5,0,tomato,6,0,plate,6,3,,6,4,,7,1,plate,7,3,,7,4,,6,24.0,56.0,,,3,1.0,30.0,64.91369130713747,43.04729231931469,,tomato,3,1.0,30.0
3932,0,1,,0,2,None_cut,4.0,3,0,3,None_cut,3.7916666666666616,3,2,2,plate,2,3,tomato_salad,2,4,,2,5,tomato,4,0,tomato,5,0,tomato,6,0,plate,6,3,,6,4,,7,1,plate,7,3,,7,4,,6,24.0,56.0,,,3,1.0,30.0,64.20506043785122,44.07702155124619,,tomato,3,1.0,30.0
3933,0,1,,0,2,None_cut,4.0,3,0,3,None_cut,3.7916666666666616,3,2,2,plate,2,3,tomato_salad,2,4,,2,5,tomato,4,0,tomato,5,0,tomato,6,0,plate,6,3,,6,4,,7,1,plate,7,3,,7,4,,6,24.0,56.0,,,3,1.0,30.0,63.49642956856496,45.10675078317769,,tomato,3,1.0,30.0
3934,0,1,,0,2,None_cut,4.0,3,0,3,None_cut,3.7916666666666616,3,2,2,plate,2,3,tomato_salad,2,4,,2,5,tomato,4,0,tomato,5,0,tomato,6,0,plate,6,3,,6,4,,7,1,plate,7,3,,7,4,,6,24.0,56.0,,,3,1.0,30.0,62.78779869927871,46.136480015109186,,tomato,3,1.0,30.0
3935,0,1,,0,2,None_cut,4.0,3,0,3,None_cut,3.7916666666666616,3,2,2,plate,2,3,tomato_salad,2,4,,2,5,tomato,4,0,tomato,5,0,tomato,6,0,plate,6,3,,6,4,,7,1,plate,7,3,,7,4,,6,24.0,56.0,,,3,1.0,30.0,62.07916782999246,47.16620924704068,,tomato,3,1.0,30.0
3936,0,1,,0,2,None_cut,4.0,3,0,3,None_cut,3.7916666666666616,3,2,2,plate,2,3,tomato_salad,2,4,,2,5,tomato,4,0,tomato,5,0,tomato,6,0,plate,6,3,,6,4,,7,1,plate,7,3,,7,4,,6,24.0,56.0,,,3,1.0,30.0,61.370536960706204,48.19593847897218,,tomato,3,1.0,30.0
3937,0,1,,0,2,None_cut,4.0,3,0,3,None_cut,3.7916666666666616,3,2,2,plate,2,3,tomato_salad,2,4,,2,5,tomato,4,0,tomato,5,0,tomato,6,0,plate,6,3,,6,4,,7,1,plate,7,3,,7,4,,6,24.0,56.0,,,3,1.0,30.0,60.66190609141995,49.22566771090368,,tomato,3,1.0,30.0
3938,0,1,,0,2,None_cut,4.0,3,0,3,None_cut,3.7916666666666616,3,2,2,plate,2,3,tomato_salad,2,4,,2,5,tomato,4,0,tomato,5,0,tomato,6,0,plate,6,3,,6,4,,7,1,plate,7,3,,7,4,,6,24.0,56.0,,,3,1.0,30.0,59.9532752221337,50.255396942835176,,tomato,3,1.0,30.0
3939,0,1,,0,2,None_cut,4.0,3,0,3,None_cut,3.7916666666666616,3,2,2,plate,2,3,tomato_salad,2,4,,2,5,tomato,4,0,tomato,5,0,tomato,6,0,plate,6,3,,6,4,,7,1,plate,7,3,,7,4,,6,24.0,56.0,,,3,1.0,30.0,59.244644352847445,51.285126174766674,,tomato,3,1.0,30.0
3940,0,1,,0,2,None_cut,4.0,3,0,3,None_cut,3.7916666666666616,3,2,2,plate,2,3,tomato_salad,2,4,,2,5,tomato,4,0,tomato,5,0,tomato,6,0,plate,6,3,,6,4,,7,1,plate,7,3,,7,4,,6,24.0,56.0,,,3,1.0,30.0,58.53601348356119,52.31485540669817,,tomato,3,1.0,30.0
3941,0,1,,0,2,None_cut,4.0,3,0,3,None_cut,3.7916666666666616,3,2,2,plate,2,3,tomato_salad,2,4,,2,5,tomato,4,0,tomato,5,0,tomato,6,0,plate,6,3,,6,4,,7,1,plate,7,3,,7,4,,6,24.0,56.0,,,3,1.0,30.0,57.82738261427494,53.344584638630096,,tomato,3,1.0,30.0
3942,0,1,,0,2,None_cut,4.0,3,0,3,None_cut,3.7916666666666616,3,2,2,plate,2,3,tomato_salad,2,4,,2,5,tomato,4,0,tomato,5,0,tomato,6,0,plate,6,3,,6,4,,7,1,plate,7,3,,7,4,,6,24.0,56.0,,,3,1.0,30.0,57.118751744988685,54.374313870562304,,tomato,3,1.0,30.0
3943,0,1,,0,2,None_cut,4.0,3,0,3,None_cut,3.7916666666666616,3,2,2,plate,2,3,tomato_salad,2,4,,2,5,tomato,4,0,tomato,5,0,tomato,6,0,plate,6,3,,6,4,,7,1,plate,7,3,,7,4,,6,24.0,56.0,,,3,1.0,30.0,56.41012087570243,55.40404310249451,,tomato,3,1.0,30.0
3944,0,1,,0,2,None_cut,4.0,3,0,3,None_cut,3.7916666666666616,3,2,2,plate,2,3,tomato_salad,2,4,,2,5,tomato,4,0,tomato,5,0,tomato,6,0,plate,6,3,,6,4,,7,1,plate,7,3,,7,4,,6,24.0,56.0,,,3,1.0,30.0,56.0,56.0,,tomato,3,1.0,30.0
3945,0,1,,0,2,None_cut,4.0,3,0,3,None_cut,3.7916666666666616,3,2,2,plate,2,3,tomato,2,4,,2,5,tomato,4,0,tomato,5,0,tomato,6,0,plate,6,3,,6,4,,7,1,plate,7,3,,7,4,,6,24.0,56.0,,,3,1.0,30.0,56.0,56.0,,tomato_salad,3,1.0,30.0
3946,0,1,,0,2,None_cut,4.0,3,0,3,None_cut,3.7916666666666616,3,2,2,plate,2,3,tomato,2,4,,2,5,tomato,4,0,tomato,5,0,tomato,6,0,plate,6,3,,6,4,,7,1,plate,7,3,,7,4,,6,24.0,56.0,,,3,1.0,30.0,56.0,56.0,,tomato_salad,3,1.0,30.0
3947,0,1,,0,2,None_cut,4.0,3,0,3,None_cut,3.7916666666666616,3,2,2,plate,2,3,tomato,2,4,,2,5,tomato,4,0,tomato,5,0,tomato,6,0,plate,6,3,,6,4,,7,1,plate,7,3,,7,4,,6,24.0,56.0,,,3,1.0,30.0,56.0,56.0,,tomato_salad,3,1.0,30.0
3948,0,1,,0,2,None_cut,4.0,3,0,3,None_cut,3.7916666666666616,3,2,2,plate,2,3,tomato,2,4,,2,5,tomato,4,0,tomato,5,0,tomato,6,0,plate,6,3,,6,4,,7,1,plate,7,3,,7,4,,6,24.0,56.0,,,3,1.0,30.0,56.0,56.0,,tomato_salad,3,1.0,30.0
3949,0,1,,0,2,None_cut,4.0,3,0,3,None_cut,3.7916666666666616,3,2,2,plate,2,3,tomato,2,4,,2,5,tomato,4,0,tomato,5,0,tomato,6,0,plate,6,3,,6,4,,7,1,plate,7,3,,7,4,,6,24.0,56.0,,,3,1.0,30.0,56.0,56.0,,tomato_salad,3,1.0,30.0
3950,0,1,,0,2,None_cut,4.0,3,0,3,None_cut,3.7916666666666616,3,2,2,plate,2,3,tomato,2,4,,2,5,tomato,4,0,tomato,5,0,tomato,6,0,plate,6,3,,6,4,,7,1,plate,7,3,,7,4,,6,24.0,56.0,,,3,1.0,30.0,56.0,56.0,,tomato_salad,3,1.0,30.0
3951,0,1,,0,2,None_cut,4.0,3,0,3,None_cut,3.7916666666666616,3,2,2,plate,2,3,tomato,2,4,,2,5,tomato,4,0,tomato,5,0,tomato,6,0,plate,6,3,,6,4,,7,1,plate,7,3,,7,4,,6,24.0,56.0,,,3,1.0,30.0,56.0,56.0,,tomato_salad,3,1.0,30.0
3952,0,1,,0,2,None_cut,4.0,3,0,3,None_cut,3.7916666666666616,3,2,2,plate,2,3,tomato,2,4,,2,5,tomato,4,0,tomato,5,0,tomato,6,0,plate,6,3,,6,4,,7,1,plate,7,3,,7,4,,6,24.0,56.0,,,3,1.0,30.0,56.0,56.0,,tomato_salad,3,1.0,30.0
3953,0,1,,0,2,None_cut,4.0,3,0,3,None_cut,3.7916666666666616,3,2,2,plate,2,3,tomato,2,4,,2,5,tomato,4,0,tomato,5,0,tomato,6,0,plate,6,3,,6,4,,7,1,plate,7,3,,7,4,,6,24.0,56.0,,,3,1.0,30.0,56.0,56.0,,tomato_salad,3,1.0,30.0
3954,0,1,,0,2,None_cut,4.0,3,0,3,None_cut,3.7916666666666616,3,2,2,plate,2,3,tomato,2,4,,2,5,tomato,4,0,tomato,5,0,tomato,6,0,plate,6,3,,6,4,,7,1,plate,7,3,,7,4,,6,24.0,56.0,,,3,1.0,30.0,56.0,56.0,,tomato_salad,3,1.0,30.0
3955,0,1,,0,2,None_cut,4.0,3,0,3,None_cut,3.7916666666666616,3,2,2,plate,2,3,tomato,2,4,,2,5,tomato,4,0,tomato,5,0,tomato,6,0,plate,6,3,,6,4,,7,1,plate,7,3,,7,4,,6,24.0,56.0,,,3,1.0,30.0,56.0,56.0,,tomato_salad,3,1.0,30.0
3956,0,1,,0,2,None_cut,4.0,3,0,3,None_cut,3.7916666666666616,3,2,2,plate,2,3,tomato,2,4,,2,5,tomato,4,0,tomato,5,0,tomato,6,0,plate,6,3,,6,4,,7,1,plate,7,3,,7,4,,6,24.0,56.0,,,3,1.0,30.0,56.0,56.0,,tomato_salad,3,1.0,30.0
3957,0,1,,0,2,None_cut,4.0,3,0,3,None_cut,3.7916666666666616,3,2,2,plate,2,3,tomato,2,4,,2,5,tomato,4,0,tomato,5,0,tomato,6,0,plate,6,3,,6,4,,7,1,plate,7,3,,7,4,,6,24.0,56.0,,,3,1.0,30.0,56.0,56.0,,tomato_salad,3,1.0,30.0
3958,0,1,,0,2,None_cut,4.0,3,0,3,None_cut,3.7916666666666616,3,2,2,plate,2,3,tomato,2,4,,2,5,tomato,4,0,tomato,5,0,tomato,6,0,plate,6,3,,6,4,,7,1,plate,7,3,,7,4,,6,24.0,56.0,,,3,1.0,30.0,56.0,56.0,,tomato_salad,3,1.0,30.0
3959,0,1,,0,2,None_cut,4.0,3,0,3,None_cut,3.7916666666666616,3,2,2,plate,2,3,tomato,2,4,,2,5,tomato,4,0,tomato,5,0,tomato,6,0,plate,6,3,,6,4,,7,1,plate,7,3,,7,4,,6,24.0,56.0,,,3,1.0,30.0,56.0,56.0,,tomato_salad,3,1.0,30.0
3960,0,1,,0,2,None_cut,4.0,3,0,3,None_cut,3.7916666666666616,3,2,2,plate,2,3,tomato,2,4,,2,5,tomato,4,0,tomato,5,0,tomato,6,0,plate,6,3,,6,4,,7,1,plate,7,3,,7,4,,6,24.0,56.0,,,3,1.0,30.0,56.0,56.0,,tomato_salad,3,1.0,30.0
3961,0,1,,0,2,None_cut,4.0,3,0,3,None_cut,3.7916666666666616,3,2,2,plate,2,3,tomato,2,4,,2,5,tomato,4,0,tomato,5,0,tomato,6,0,plate,6,3,,6,4,,7,1,plate,7,3,,7,4,,6,24.0,56.0,,,3,1.0,30.0,56.0,56.0,,tomato_salad,3,1.0,30.0
3962,0,1,,0,2,None_cut,4.0,3,0,3,None_cut,3.7916666666666616,3,2,2,plate,2,3,tomato,2,4,,2,5,tomato,4,0,tomato,5,0,tomato,6,0,plate,6,3,,6,4,,7,1,plate,7,3,,7,4,,6,24.0,56.0,,,3,1.0,30.0,56.0,56.0,,tomato_salad,3,1.0,30.0
3963,0,1,,0,2,None_cut,4.0,3,0,3,None_cut,3.7916666666666616,3,2,2,plate,2,3,tomato,2,4,,2,5,tomato,4,0,tomato,5,0,tomato,6,0,plate,6,3,,6,4,,7,1,plate,7,3,,7,4,,6,24.0,56.0,,,3,1.0,30.0,56.0,56.0,,tomato_salad,3,1.0,30.0
3964,0,1,,0,2,None_cut,4.0,3,0,3,None_cut,3.7916666666666616,3,2,2,plate,2,3,tomato,2,4,,2,5,tomato,4,0,tomato,5,0,tomato,6,0,plate,6,3,,6,4,,7,1,plate,7,3,,7,4,,6,24.0,56.0,,,3,1.0,30.0,56.0,56.0,,tomato_salad,3,1.0,30.0
3965,0,1,,0,2,None_cut,4.0,3,0,3,None_cut,3.7916666666666616,3,2,2,plate,2,3,tomato,2,4,,2,5,tomato,4,0,tomato,5,0,tomato,6,0,plate,6,3,,6,4,,7,1,plate,7,3,,7,4,,6,24.0,56.0,,,3,1.0,30.0,56.0,56.0,,tomato_salad,3,1.0,30.0
3966,0,1,,0,2,None_cut,4.0,3,0,3,None_cut,3.7916666666666616,3,2,2,plate,2,3,tomato,2,4,,2,5,tomato,4,0,tomato,5,0,tomato,6,0,plate,6,3,,6,4,,7,1,plate,7,3,,7,4,,6,24.0,56.0,,,3,1.0,30.0,56.0,56.0,,tomato_salad,3,1.0,30.0
3967,0,1,,0,2,None_cut,4.0,3,0,3,None_cut,3.7916666666666616,3,2,2,plate,2,3,tomato,2,4,,2,5,tomato,4,0,tomato,5,0,tomato,6,0,plate,6,3,,6,4,,7,1,plate,7,3,,7,4,,6,24.0,56.0,,,3,1.0,30.0,57.250000000000284,56.0,,tomato_salad,3,1.0,30.0
3968,0,1,,0,2,None_cut,4.0,3,0,3,None_cut,3.7916666666666616,3,2,2,plate,2,3,tomato,2,4,,2,5,tomato,4,0,tomato,5,0,tomato,6,0,plate,6,3,,6,4,,7,1,plate,7,3,,7,4,,6,24.0,56.0,,,3,1.0,30.0,58.50000000000057,56.0,,tomato_salad,3,1.0,30.0
3969,0,1,,0,2,None_cut,4.0,3,0,3,None_cut,3.7916666666666616,3,2,2,plate,2,3,tomato,2,4,,2,5,tomato,4,0,tomato,5,0,tomato,6,0,plate,6,3,,6,4,,7,1,plate,7,3,,7,4,,6,24.0,56.0,,,3,1.0,30.0,59.75000000000085,56.0,,tomato_salad,3,1.0,30.0
3970,0,1,,0,2,None_cut,4.0,3,0,3,None_cut,3.7916666666666616,3,2,2,plate,2,3,tomato,2,4,,2,5,tomato,4,0,tomato,5,0,tomato,6,0,plate,6,3,,6,4,,7,1,plate,7,3,,7,4,,6,24.0,56.0,,,3,1.0,30.0,61.00000000000114,56.0,,tomato_salad,3,1.0,30.0
3971,0,1,,0,2,None_cut,4.0,3,0,3,None_cut,3.7916666666666616,3,2,2,plate,2,3,tomato,2,4,,2,5,tomato,4,0,tomato,5,0,tomato,6,0,plate,6,3,,6,4,,7,1,plate,7,3,,7,4,,6,24.0,56.0,,,3,1.0,30.0,62.25000000000142,56.0,,tomato_salad,3,1.0,30.0
3972,0,1,,0,2,None_cut,4.0,3,0,3,None_cut,3.7916666666666616,3,2,2,plate,2,3,tomato,2,4,,2,5,tomato,4,0,tomato,5,0,tomato,6,0,plate,6,3,,6,4,,7,1,plate,7,3,,7,4,,6,24.0,56.0,,,3,1.0,30.0,63.500000000001705,56.0,,tomato_salad,3,1.0,30.0
3973,0,1,,0,2,None_cut,4.0,3,0,3,None_cut,3.7916666666666616,3,2,2,plate,2,3,tomato,2,4,,2,5,tomato,4,0,tomato,5,0,tomato,6,0,plate,6,3,,6,4,,7,1,plate,7,3,,7,4,,6,24.0,56.0,,,3,1.0,30.0,64.75000000000199,56.0,,tomato_salad,3,1.0,30.0
3974,0,1,,0,2,None_cut,4.0,3,0,3,None_cut,3.7916666666666616,3,2,2,plate,2,3,tomato,2,4,,2,5,tomato,4,0,tomato,5,0,tomato,6,0,plate,6,3,,6,4,,7,1,plate,7,3,,7,4,,6,24.0,56.0,,,3,1.0,30.0,66.00000000000227,56.0,,tomato_salad,3,1.0,30.0
3975,0,1,,0,2,None_cut,4.0,3,0,3,None_cut,3.7916666666666616,3,2,2,plate,2,3,tomato,2,4,,2,5,tomato,4,0,tomato,5,0,tomato,6,0,plate,6,3,,6,4,,7,1,plate,7,3,,7,4,,6,24.0,56.0,,,3,1.0,30.0,67.25000000000256,56.0,,tomato_salad,3,1.0,30.0
3976,0,1,,0,2,None_cut,4.0,3,0,3,None_cut,3.7916666666666616,3,2,2,plate,2,3,tomato,2,4,,2,5,tomato,4,0,tomato,5,0,tomato,6,0,plate,6,3,,6,4,,7,1,plate,7,3,,7,4,,6,24.0,56.0,,,3,1.0,30.0,68.50000000000284,56.0,,tomato_salad,3,1.0,30.0
3977,0,1,,0,2,None_cut,4.0,3,0,3,None_cut,3.7916666666666616,3,2,2,plate,2,3,tomato,2,4,,2,5,tomato,4,0,tomato,5,0,tomato,6,0,plate,6,3,,6,4,,7,1,plate,7,3,,7,4,,6,24.0,56.0,,,3,1.0,30.0,69.75000000000313,56.0,,tomato_salad,3,1.0,30.0
3978,0,1,,0,2,None_cut,4.0,3,0,3,None_cut,3.7916666666666616,3,2,2,plate,2,3,tomato,2,4,,2,5,tomato,4,0,tomato,5,0,tomato,6,0,plate,6,3,,6,4,,7,1,plate,7,3,,7,4,,6,24.0,56.0,,,3,1.0,30.0,71.00000000000341,56.0,,tomato_salad,3,1.0,30.0
3979,0,1,,0,2,None_cut,4.0,3,0,3,None_cut,3.7916666666666616,3,2,2,plate,2,3,tomato,2,4,,2,5,tomato,4,0,tomato,5,0,tomato,6,0,plate,6,3,,6,4,,7,1,plate,7,3,,7,4,,6,24.0,56.0,,,3,1.0,30.0,72.12016826116314,56.31621556657754,,tomato_salad,3,1.0,30.0
3980,0,1,,0,2,None_cut,4.0,3,0,3,None_cut,3.7916666666666616,3,2,2,plate,2,3,tomato,2,4,,2,5,tomato,4,0,tomato,5,0,tomato,6,0,plate,6,3,,6,4,,7,1,plate,7,3,,7,4,,6,24.0,56.0,,,3,1.0,30.0,73.0095245421619,57.19459214040404,,tomato_salad,3,1.0,30.0
3981,0,1,,0,2,None_cut,4.0,3,0,3,None_cut,3.7916666666666616,3,2,2,plate,2,3,tomato,2,4,,2,5,tomato,4,0,tomato,5,0,tomato,6,0,plate,6,3,,6,4,,7,1,plate,7,3,,7,4,,6,24.0,56.0,,,3,1.0,30.0,73.89888082316065,58.07296871423054,,tomato_salad,3,1.0,30.0
3982,0,1,,0,2,None_cut,4.0,3,0,3,None_cut,3.7916666666666616,3,2,2,plate,2,3,tomato,2,4,,2,5,tomato,4,0,tomato,5,0,tomato,6,0,plate,6,3,,6,4,,7,1,plate,7,3,,7,4,,6,24.0,56.0,,,3,1.0,30.0,74.7882371041594,58.95134528805704,,tomato_salad,3,1.0,30.0
3983,0,1,,0,2,None_cut,4.0,3,0,3,None_cut,3.7916666666666616,3,2,2,plate,2,3,tomato,2,4,,2,5,tomato,4,0,tomato,5,0,tomato,6,0,plate,6,3,,6,4,,7,1,plate,7,3,,7,4,,6,24.0,56.0,,,3,1.0,30.0,75.67759338515816,59.82972186188354,,tomato_salad,3,1.0,30.0
3984,0,1,,0,2,None_cut,4.0,3,0,3,None_cut,3.7916666666666616,3,2,2,plate,2,3,tomato,2,4,,2,5,tomato,4,0,tomato,5,0,tomato,6,0,plate,6,3,,6,4,,7,1,plate,7,3,,7,4,,6,24.0,56.0,,,3,1.0,30.0,76.56694966615692,60.70809843571004,,tomato_salad,3,1.0,30.0
3985,0,1,,0,2,None_cut,4.0,3,0,3,None_cut,3.7916666666666616,3,2,2,plate,2,3,tomato,2,4,,2,5,tomato,4,0,tomato,5,0,tomato,6,0,plate,6,3,,6,4,,7,1,plate,7,3,,7,4,,6,24.0,56.0,,,3,1.0,30.0,77.45630594715567,61.58647500953654,,tomato_salad,3,1.0,30.0
3986,0,1,,0,2,None_cut,4.0,3,0,3,None_cut,3.7916666666666616,3,2,2,plate,2,3,tomato,2,4,,2,5,tomato,4,0,tomato,5,0,tomato,6,0,plate,6,3,,6,4,,7,1,plate,7,3,,7,4,,6,24.0,56.0,,,3,1.0,30.0,78.34566222815442,62.46485158336304,,tomato_salad,3,1.0,30.0
3987,0,1,,0,2,None_cut,4.0,3,0,3,None_cut,3.7916666666666616,3,2,2,plate,2,3,tomato,2,4,,2,5,tomato,4,0,tomato,5,0,tomato,6,0,plate,6,3,,6,4,,7,1,plate,7,3,,7,4,,6,24.0,56.0,,,3,1.0,30.0,79.23501850915318,63.34322815718954,,tomato_salad,3,1.0,30.0
3988,0,1,,0,2,None_cut,4.0,3,0,3,None_cut,3.7916666666666616,3,2,2,plate,2,3,tomato,2,4,,2,5,tomato,4,0,tomato,5,0,tomato,6,0,plate,6,3,,6,4,,7,1,plate,7,3,,7,4,,6,24.0,56.0,,,3,1.0,30.0,80.12437479015193,64.22160473101586,,tomato_salad,3,1.0,30.0
3989,0,1,,0,2,None_cut,4.0,3,0,3,None_cut,3.7916666666666616,3,2,2,plate,2,3,tomato,2,4,,2,5,tomato,4,0,tomato,5,0,tomato,6,0,plate,6,3,,6,4,,7,1,plate,7,3,,7,4,,6,24.0,56.0,,,3,1.0,30.0,81.01373107115069,65.09998130484165,,tomato_salad,3,1.0,30.0
3990,0,1,,0,2,None_cut,4.0,3,0,3,None_cut,3.7916666666666616,3,2,2,plate,2,3,tomato,2,4,,2,5,tomato,4,0,tomato,5,0,tomato,6,0,plate,6,3,,6,4,,7,1,plate,7,3,,7,4,,6,24.0,56.0,,,3,1.0,30.0,81.90308735214944,65.97835787866744,,tomato_salad,3,1.0,30.0
3991,0,1,,0,2,None_cut,4.0,3,0,3,None_cut,3.7916666666666616,3,2,2,plate,2,3,tomato,2,4,,2,5,tomato,4,0,tomato,5,0,tomato,6,0,plate,6,3,,6,4,,7,1,plate,7,3,,7,4,,6,24.0,56.0,,,3,1.0,30.0,82.7924436331482,66.85673445249323,,tomato_salad,3,1.0,30.0
3992,0,1,,0,2,None_cut,4.0,3,0,3,None_cut,3.7916666666666616,3,2,2,plate,2,3,tomato,2,4,,2,5,tomato,4,0,tomato,5,0,tomato,6,0,plate,6,3,,6,4,,7,1,plate,7,3,,7,4,,6,24.0,56.0,,,3,1.0,30.0,83.68179991414695,67.73511102631902,,tomato_salad,3,1.0,30.0
3993,0,1,,0,2,None_cut,4.0,3,0,3,None_cut,3.7916666666666616,3,2,2,plate,2,3,tomato,2,4,,2,5,tomato,4,0,tomato,5,0,tomato,6,0,plate,6,3,,6,4,,7,1,plate,7,3,,7,4,,6,24.0,56.0,,,3,1.0,30.0,84.5711561951457,68.61348760014481,,tomato_salad,3,1.0,30.0
3994,0,1,,0,2,None_cut,4.0,3,0,3,None_cut,3.7916666666666616,3,2,2,plate,2,3,tomato,2,4,,2,5,tomato,4,0,tomato,5,0,tomato,6,0,plate,6,3,,6,4,,7,1,plate,7,3,,7,4,,6,24.0,56.0,,,3,1.0,30.0,85.46051247614446,69.4918641739706,,tomato_salad,3,1.0,30.0
3995,0,1,,0,2,None_cut,4.0,3,0,3,None_cut,3.7916666666666616,3,2,2,plate,2,3,tomato,2,4,,2,5,tomato,4,0,tomato,5,0,tomato,6,0,plate,6,3,,6,4,,7,1,plate,7,3,,7,4,,6,24.0,56.0,,,3,1.0,30.0,86.34986875714321,70.37024074779639,,tomato_salad,3,1.0,30.0
3996,0,1,,0,2,None_cut,4.0,3,0,3,None_cut,3.7916666666666616,3,2,2,plate,2,3,tomato,2,4,,2,5,tomato,4,0,tomato,5,0,tomato,6,0,plate,6,3,,6,4,,7,1,plate,7,3,,7,4,,6,24.0,56.0,,,3,1.0,30.0,87.23922503814215,71.24861732162218,,tomato_salad,3,1.0,30.0
3997,0,1,,0,2,None_cut,4.0,3,0,3,None_cut,3.7916666666666616,3,2,2,plate,2,3,tomato,2,4,,2,5,tomato,4,0,tomato,5,0,tomato,6,0,plate,6,3,,6,4,,7,1,plate,7,3,,7,4,,6,24.0,56.0,,,3,1.0,30.0,88.0,72.0,,tomato_salad,3,1.0,30.0
3998,0,1,,0,2,None_cut,4.0,3,0,3,None_cut,3.7916666666666616,3,2,2,plate,2,3,tomato,2,4,,2,5,tomato,4,0,tomato,5,0,tomato,6,0,plate,6,3,,6,4,,7,1,plate,7,3,,7,4,,7,24.0,56.0,,,3,1.0,30.0,88.0,72.0,,,4,1.0,30.0
3999,0,1,,0,2,None_cut,4.0,3,0,3,None_cut,3.7916666666666616,3,2,2,plate,2,3,tomato,2,4,,2,5,tomato,4,0,tomato,5,0,tomato,6,0,plate,6,3,,6,4,,7,1,plate,7,3,,7,4,,7,24.0,56.0,,,3,1.0,30.0,88.0,72.0,,,4,1.0,30.0
4000,0,1,,0,2,None_cut,4.0,3,0,3,None_cut,3.7916666666666616,3,2,2,plate,2,3,tomato,2,4,,2,5,tomato,4,0,tomato,5,0,tomato,6,0,plate,6,3,,6,4,,7,1,plate,7,3,,7,4,,7,24.0,56.0,,,3,1.0,30.0,88.0,72.0,,,4,1.0,30.0
4001,0,1,,0,2,None_cut,4.0,3,0,3,None_cut,3.7916666666666616,3,2,2,plate,2,3,tomato,2,4,,2,5,tomato,4,0,tomato,5,0,tomato,6,0,plate,6,3,,6,4,,7,1,plate,7,3,,7,4,,7,24.0,56.0,,,3,1.0,30.0,88.0,72.0,,,4,1.0,30.0
4002,0,1,,0,2,None_cut,4.0,3,0,3,None_cut,3.7916666666666616,3,2,2,plate,2,3,tomato,2,4,,2,5,tomato,4,0,tomato,5,0,tomato,6,0,plate,6,3,,6,4,,7,1,plate,7,3,,7,4,,7,24.0,56.0,,,3,1.0,30.0,88.0,72.0,,,4,1.0,30.0
4003,0,1,,0,2,None_cut,4.0,3,0,3,None_cut,3.7916666666666616,3,2,2,plate,2,3,tomato,2,4,,2,5,tomato,4,0,tomato,5,0,tomato,6,0,plate,6,3,,6,4,,7,1,plate,7,3,,7,4,,7,24.0,56.0,,,3,1.0,30.0,88.0,72.0,,,4,1.0,30.0
4004,0,1,,0,2,None_cut,4.0,3,0,3,None_cut,3.7916666666666616,3,2,2,plate,2,3,tomato,2,4,,2,5,tomato,4,0,tomato,5,0,tomato,6,0,plate,6,3,,6,4,,7,1,plate,7,3,,7,4,,7,24.0,56.0,,,3,1.0,30.0,88.0,72.0,,,4,1.0,30.0
4005,0,1,,0,2,None_cut,4.0,3,0,3,None_cut,3.7916666666666616,3,2,2,plate,2,3,tomato,2,4,,2,5,tomato,4,0,tomato,5,0,tomato,6,0,plate,6,3,,6,4,,7,1,plate,7,3,,7,4,,7,24.0,56.0,,,3,1.0,30.0,88.0,72.0,,,4,1.0,30.0
4006,0,1,,0,2,None_cut,4.0,3,0,3,None_cut,3.7916666666666616,3,2,2,plate,2,3,tomato,2,4,,2,5,tomato,4,0,tomato,5,0,tomato,6,0,plate,6,3,,6,4,,7,1,plate,7,3,,7,4,,7,24.0,56.0,,,3,1.0,30.0,88.0,72.0,,,4,1.0,30.0
4007,0,1,,0,2,None_cut,4.0,3,0,3,None_cut,3.7916666666666616,3,2,2,plate,2,3,tomato,2,4,,2,5,tomato,4,0,tomato,5,0,tomato,6,0,plate,6,3,,6,4,,7,1,plate,7,3,,7,4,,7,24.0,56.0,,,3,1.0,30.0,88.0,72.0,,,4,1.0,30.0
4008,0,1,,0,2,None_cut,4.0,3,0,3,None_cut,3.7916666666666616,3,2,2,plate,2,3,tomato,2,4,,2,5,tomato,4,0,tomato,5,0,tomato,6,0,plate,6,3,,6,4,,7,1,plate,7,3,,7,4,,7,24.0,56.0,,,3,1.0,30.0,88.0,72.0,,,4,1.0,30.0
4009,0,1,,0,2,None_cut,4.0,3,0,3,None_cut,3.7916666666666616,3,2,2,plate,2,3,tomato,2,4,,2,5,tomato,4,0,tomato,5,0,tomato,6,0,plate,6,3,,6,4,,7,1,plate,7,3,,7,4,,7,24.0,56.0,,,3,1.0,30.0,88.0,72.0,,,4,1.0,30.0
4010,0,1,,0,2,None_cut,4.0,3,0,3,None_cut,3.7916666666666616,3,2,2,plate,2,3,tomato,2,4,,2,5,tomato,4,0,tomato,5,0,tomato,6,0,plate,6,3,,6,4,,7,1,plate,7,3,,7,4,,7,24.0,56.0,,,3,1.0,30.0,88.0,70.74999999999972,,,4,1.0,30.0
4011,0,1,,0,2,None_cut,4.0,3,0,3,None_cut,3.7916666666666616,3,2,2,plate,2,3,tomato,2,4,,2,5,tomato,4,0,tomato,5,0,tomato,6,0,plate,6,3,,6,4,,7,1,plate,7,3,,7,4,,7,24.0,56.0,,,3,1.0,30.0,88.0,69.49999999999943,,,4,1.0,30.0
4012,0,1,,0,2,None_cut,4.0,3,0,3,None_cut,3.7916666666666616,3,2,2,plate,2,3,tomato,2,4,,2,5,tomato,4,0,tomato,5,0,tomato,6,0,plate,6,3,,6,4,,7,1,plate,7,3,,7,4,,7,24.0,56.0,,,3,1.0,30.0,88.0,68.24999999999915,,,4,1.0,30.0
4013,0,1,,0,2,None_cut,4.0,3,0,3,None_cut,3.7916666666666616,3,2,2,plate,2,3,tomato,2,4,,2,5,tomato,4,0,tomato,5,0,tomato,6,0,plate,6,3,,6,4,,7,1,plate,7,3,,7,4,,7,24.0,56.0,,,3,1.0,30.0,88.0,66.99999999999886,,,4,1.0,30.0
4014,0,1,,0,2,None_cut,4.0,3,0,3,None_cut,3.7916666666666616,3,2,2,plate,2,3,tomato,2,4,,2,5,tomato,4,0,tomato,5,0,tomato,6,0,plate,6,3,,6,4,,7,1,plate,7,3,,7,4,,7,24.0,56.0,,,3,1.0,30.0,88.0,65.74999999999858,,,4,1.0,30.0
4015,0,1,,0,2,None_cut,4.0,3,0,3,None_cut,3.7916666666666616,3,2,2,plate,2,3,tomato,2,4,,2,5,tomato,4,0,tomato,5,0,tomato,6,0,plate,6,3,,6,4,,7,1,plate,7,3,,7,4,,7,24.0,56.0,,,3,1.0,30.0,88.0,64.4999999999983,,,4,1.0,30.0
4016,0,1,,0,2,None_cut,4.0,3,0,3,None_cut,3.7916666666666616,3,2,2,plate,2,3,tomato,2,4,,2,5,tomato,4,0,tomato,5,0,tomato,6,0,plate,6,3,,6,4,,7,1,plate,7,3,,7,4,,7,24.0,56.0,,,3,1.0,30.0,88.0,63.24999999999801,,,4,1.0,30.0
4017,0,1,,0,2,None_cut,4.0,3,0,3,None_cut,3.7916666666666616,3,2,2,plate,2,3,tomato,2,4,,2,5,tomato,4,0,tomato,5,0,tomato,6,0,plate,6,3,,6,4,,7,1,plate,7,3,,7,4,,7,24.0,56.0,,,3,1.0,30.0,88.0,61.999999999997726,,,4,1.0,30.0
4018,0,1,,0,2,None_cut,4.0,3,0,3,None_cut,3.7916666666666616,3,2,2,plate,2,3,tomato,2,4,,2,5,tomato,4,0,tomato,5,0,tomato,6,0,plate,6,3,,6,4,,7,1,plate,7,3,,7,4,,7,24.0,56.0,,,3,1.0,30.0,88.0,60.74999999999744,,,4,1.0,30.0
4019,0,1,,0,2,None_cut,4.0,3,0,3,None_cut,3.7916666666666616,3,2,2,plate,2,3,tomato,2,4,,2,5,tomato,4,0,tomato,5,0,tomato,6,0,plate,6,3,,6,4,,7,1,plate,7,3,,7,4,,7,24.0,56.0,,,3,1.0,30.0,88.0,59.49999999999716,,,4,1.0,30.0
4020,0,1,,0,2,None_cut,4.0,3,0,3,None_cut,3.7916666666666616,3,2,2,plate,2,3,tomato,2,4,,2,5,tomato,4,0,tomato,5,0,tomato,6,0,plate,6,3,,6,4,,7,1,plate,7,3,,7,4,,7,24.0,56.0,,,3,1.0,30.0,88.0,58.249999999996874,,,4,1.0,30.0
4021,0,1,,0,2,None_cut,4.0,3,0,3,None_cut,3.7916666666666616,3,2,2,plate,2,3,tomato,2,4,,2,5,tomato,4,0,tomato,5,0,tomato,6,0,plate,6,3,,6,4,,7,1,plate,7,3,,7,4,,7,24.0,56.0,,,3,1.0,30.0,88.0,56.99999999999659,,,4,1.0,30.0
4022,0,1,,0,2,None_cut,4.0,3,0,3,None_cut,3.7916666666666616,3,2,2,plate,2,3,tomato,2,4,,2,5,tomato,4,0,tomato,5,0,tomato,6,0,plate,6,3,,6,4,,7,1,plate,7,3,,7,4,,7,24.0,56.0,,,3,1.0,30.0,88.0,55.749999999996305,,,4,1.0,30.0
4023,0,1,,0,2,None_cut,4.0,3,0,3,None_cut,3.7916666666666616,3,2,2,plate,2,3,tomato,2,4,,2,5,tomato,4,0,tomato,5,0,tomato,6,0,plate,6,3,,6,4,,7,1,plate,7,3,,7,4,,7,24.0,56.0,,,3,1.0,30.0,88.0,54.49999999999602,,,4,1.0,30.0
4024,0,1,,0,2,None_cut,4.0,3,0,3,None_cut,3.7916666666666616,3,2,2,plate,2,3,tomato,2,4,,2,5,tomato,4,0,tomato,5,0,tomato,6,0,plate,6,3,,6,4,,7,1,plate,7,3,,7,4,,7,24.0,56.0,,,3,1.0,30.0,88.0,53.24999999999574,,,4,1.0,30.0
4025,0,1,,0,2,None_cut,4.0,3,0,3,None_cut,3.7916666666666616,3,2,2,plate,2,3,tomato,2,4,,2,5,tomato,4,0,tomato,5,0,tomato,6,0,plate,6,3,,6,4,,7,1,plate,7,3,,7,4,,7,24.0,56.0,,,3,1.0,30.0,88.0,51.99999999999545,,,4,1.0,30.0
4026,0,1,,0,2,None_cut,4.0,3,0,3,None_cut,3.7916666666666616,3,2,2,plate,2,3,tomato,2,4,,2,5,tomato,4,0,tomato,5,0,tomato,6,0,plate,6,3,,6,4,,7,1,plate,7,3,,7,4,,7,24.0,56.0,,,3,1.0,30.0,88.0,50.74999999999517,,,4,1.0,30.0
4027,0,1,,0,2,None_cut,4.0,3,0,3,None_cut,3.7916666666666616,3,2,2,plate,2,3,tomato,2,4,,2,5,tomato,4,0,tomato,5,0,tomato,6,0,plate,6,3,,6,4,,7,1,plate,7,3,,7,4,,7,24.0,56.0,,,3,1.0,30.0,88.0,49.499999999994884,,,4,1.0,30.0
4028,0,1,,0,2,None_cut,4.0,3,0,3,None_cut,3.7916666666666616,3,2,2,plate,2,3,tomato,2,4,,2,5,tomato,4,0,tomato,5,0,tomato,6,0,plate,6,3,,6,4,,7,1,plate,7,3,,7,4,,7,24.0,56.0,,,3,1.0,30.0,88.0,48.2499999999946,,,4,1.0,30.0
4029,0,1,,0,2,None_cut,4.0,3,0,3,None_cut,3.7916666666666616,3,2,2,plate,2,3,tomato,2,4,,2,5,tomato,4,0,tomato,5,0,tomato,6,0,plate,6,3,,6,4,,7,1,plate,7,3,,7,4,,7,24.0,56.0,,,3,1.0,30.0,88.0,46.999999999994316,,,4,1.0,30.0
4030,0,1,,0,2,None_cut,4.0,3,0,3,None_cut,3.7916666666666616,3,2,2,plate,2,3,tomato,2,4,,2,5,tomato,4,0,tomato,5,0,tomato,6,0,plate,6,3,,6,4,,7,1,plate,7,3,,7,4,,7,24.0,56.0,,,3,1.0,30.0,88.0,45.74999999999403,,,4,1.0,30.0
4031,0,1,,0,2,None_cut,4.0,3,0,3,None_cut,3.7916666666666616,3,2,2,plate,2,3,tomato,2,4,,2,5,tomato,4,0,tomato,5,0,tomato,6,0,plate,6,3,,6,4,,7,1,plate,7,3,,7,4,,7,24.0,56.0,,,3,1.0,30.0,88.0,44.49999999999375,,,4,1.0,30.0
4032,0,1,,0,2,None_cut,4.0,3,0,3,None_cut,3.7916666666666616,3,2,2,plate,2,3,tomato,2,4,,2,5,tomato,4,0,tomato,5,0,tomato,6,0,plate,6,3,,6,4,,7,1,plate,7,3,,7,4,,7,24.0,56.0,,,3,1.0,30.0,88.0,43.24999999999346,,,4,1.0,30.0
4033,0,1,,0,2,None_cut,4.0,3,0,3,None_cut,3.7916666666666616,3,2,2,plate,2,3,tomato,2,4,,2,5,tomato,4,0,tomato,5,0,tomato,6,0,plate,6,3,,6,4,,7,1,plate,7,3,,7,4,,7,24.0,56.0,,,3,1.0,30.0,88.0,41.99999999999318,,,4,1.0,30.0
4034,0,1,,0,2,None_cut,4.0,3,0,3,None_cut,3.7916666666666616,3,2,2,plate,2,3,tomato,2,4,,2,5,tomato,4,0,tomato,5,0,tomato,6,0,plate,6,3,,6,4,,7,1,plate,7,3,,7,4,,7,24.0,56.0,,,3,1.0,30.0,88.0,40.749999999992895,,,4,1.0,30.0
4035,0,1,,0,2,None_cut,4.0,3,0,3,None_cut,3.7916666666666616,3,2,2,plate,2,3,tomato,2,4,,2,5,tomato,4,0,tomato,5,0,tomato,6,0,plate,6,3,,6,4,,7,1,plate,7,3,,7,4,,7,24.0,56.0,,,3,1.0,30.0,88.49189088134324,39.70196048263347,,,4,1.0,30.0
4036,0,1,,0,2,None_cut,4.0,3,0,3,None_cut,3.7916666666666616,3,2,2,plate,2,3,tomato,2,4,,2,5,tomato,4,0,tomato,5,0,tomato,6,0,plate,6,3,,6,4,,7,1,plate,7,3,,7,4,,7,24.0,56.0,,,3,1.0,30.0,89.37026745517045,38.812604201634024,,,4,1.0,30.0
4037,0,1,,0,2,None_cut,4.0,3,0,3,None_cut,3.7916666666666616,3,2,2,plate,2,3,tomato,2,4,,2,5,tomato,4,0,tomato,5,0,tomato,6,0,plate,6,3,,6,4,,7,1,plate,7,3,,7,4,,7,24.0,56.0,,,3,1.0,30.0,90.24864402899766,37.92324792063456,,,4,1.0,30.0
4038,0,1,,0,2,None_cut,4.0,3,0,3,None_cut,3.7916666666666616,3,2,2,plate,2,3,tomato,2,4,,2,5,tomato,4,0,tomato,5,0,tomato,6,0,plate,6,3,,6,4,,7,1,plate,7,3,,7,4,,7,24.0,56.0,,,3,1.0,30.0,91.12702060282487,37.033891639635094,,,4,1.0,30.0
4039,0,1,,0,2,None_cut,4.0,3,0,3,None_cut,3.7916666666666616,3,2,2,plate,2,3,tomato,2,4,,2,5,tomato,4,0,tomato,5,0,tomato,6,0,plate,6,3,,6,4,,7,1,plate,7,3,,7,4,,7,24.0,56.0,,,3,1.0,30.0,92.00539717665208,36.14453535863563,,,4,1.0,30.0
4040,0,1,,0,2,None_cut,4.0,3,0,3,None_cut,3.7916666666666616,3,2,2,plate,2,3,tomato,2,4,,2,5,tomato,4,0,tomato,5,0,tomato,6,0,plate,6,3,,6,4,,7,1,plate,7,3,,7,4,,7,24.0,56.0,,,3,1.0,30.0,92.88377375047929,35.255179077636164,,,4,1.0,30.0
4041,0,1,,0,2,None_cut,4.0,3,0,3,None_cut,3.7916666666666616,3,2,2,plate,2,3,tomato,2,4,,2,5,tomato,4,0,tomato,5,0,tomato,6,0,plate,6,3,,6,4,,7,1,plate,7,3,,7,4,,7,24.0,56.0,,,3,1.0,30.0,93.7621503243065,34.3658227966367,,,4,1.0,30.0
4042,0,1,,0,2,None_cut,4.0,3,0,3,None_cut,3.7916666666666616,3,2,2,plate,2,3,tomato,2,4,,2,5,tomato,4,0,tomato,5,0,tomato,6,0,plate,6,3,,6,4,,7,1,plate,7,3,,7,4,,7,24.0,56.0,,,3,1.0,30.0,94.64052689813371,33.476466515637235,,,4,1.0,30.0
4043,0,1,,0,2,None_cut,4.0,3,0,3,None_cut,3.7916666666666616,3,2,2,plate,2,3,tomato,2,4,,2,5,tomato,4,0,tomato,5,0,tomato,6,0,plate,6,3,,6,4,,7,1,plate,7,3,,7,4,,7,24.0,56.0,,,3,1.0,30.0,95.51890347196093,32.58711023463777,,,4,1.0,30.0
4044,0,1,,0,2,None_cut,4.0,3,0,3,None_cut,3.7916666666666616,3,2,2,plate,2,3,tomato,2,4,,2,5,tomato,4,0,tomato,5,0,tomato,6,0,plate,6,3,,6,4,,7,1,plate,7,3,,7,4,,7,24.0,56.0,,,3,1.0,30.0,96.39728004578814,31.697753953638426,,,4,1.0,30.0
4045,0,1,,0,2,None_cut,4.0,3,0,3,None_cut,3.7916666666666616,3,2,2,plate,2,3,tomato,2,4,,2,5,tomato,4,0,tomato,5,0,tomato,6,0,plate,6,3,,6,4,,7,1,plate,7,3,,7,4,,7,24.0,56.0,,,3,1.0,30.0,97.27565661961488,30.808397672639316,,,4,1.0,30.0
4046,0,1,,0,2,None_cut,4.0,3,0,3,None_cut,3.7916666666666616,3,2,2,plate,2,3,tomato,2,4,,2,5,tomato,4,0,tomato,5,0,tomato,6,0,plate,6,3,,6,4,,7,1,plate,7,3,,7,4,,7,24.0,56.0,,,3,1.0,30.0,98.15403319344124,29.919041391640206,,,4,1.0,30.0
4047,0,1,,0,2,None_cut,4.0,3,0,3,None_cut,3.7916666666666616,3,2,2,plate,2,3,tomato,2,4,,2,5,tomato,4,0,tomato,5,0,tomato,6,0,plate,6,3,,6,4,,7,1,plate,7,3,,7,4,,7,24.0,56.0,,,3,1.0,30.0,99.03240976726761,29.029685110641097,,,4,1.0,30.0
4048,0,1,,0,2,None_cut,4.0,3,0,3,None_cut,3.7916666666666616,3,2,2,plate,2,3,tomato,2,4,,2,5,tomato,4,0,tomato,5,0,tomato,6,0,plate,6,3,,6,4,,7,1,plate,7,3,,7,4,,7,24.0,56.0,,,3,1.0,30.0,99.91078634109397,28.140328829641987,,,4,1.0,30.0
4049,0,1,,0,2,None_cut,4.0,3,0,3,None_cut,3.7916666666666616,3,2,2,plate,2,3,tomato,2,4,,2,5,tomato,4,0,tomato,5,0,tomato,6,0,plate,6,3,,6,4,,7,1,plate,7,3,,7,4,,7,24.0,56.0,,,3,1.0,30.0,100.78916291492033,27.250972548642878,,,4,1.0,30.0
4050,0,1,,0,2,None_cut,4.0,3,0,3,None_cut,3.7916666666666616,3,2,2,plate,2,3,tomato,2,4,,2,5,tomato,4,0,tomato,5,0,tomato,6,0,plate,6,3,,6,4,,7,1,plate,7,3,,7,4,,7,24.0,56.0,,,3,1.0,30.0,101.66753948874668,26.361616267643768,,,4,1.0,30.0
4051,0,1,,0,2,None_cut,4.0,3,0,3,None_cut,3.7916666666666616,3,2,2,plate,2,3,tomato,2,4,,2,5,tomato,4,0,tomato,5,0,tomato,6,0,plate,6,3,,6,4,,7,1,plate,7,3,,7,4,,7,24.0,56.0,,,3,1.0,30.0,102.54591606257304,25.47225998664466,,,4,1.0,30.0
4052,0,1,,0,2,None_cut,4.0,3,0,3,None_cut,3.7916666666666616,3,2,2,plate,2,3,tomato,2,4,,2,5,tomato,4,0,tomato,5,0,tomato,6,0,plate,6,3,,6,4,,7,1,plate,7,3,,7,4,,7,24.0,56.0,,,3,1.0,30.0,103.4242926363994,24.58290370564555,,,4,1.0,30.0
4053,0,1,,0,2,None_cut,4.0,3,0,3,None_cut,3.7916666666666616,3,2,2,plate,2,3,tomato,2,4,,2,5,tomato,4,0,tomato,5,0,tomato,6,0,plate,6,3,,6,4,,7,1,plate,7,3,,7,4,,7,24.0,56.0,,,3,1.0,30.0,104.0,24.0,,,4,1.0,30.0
4054,0,1,,0,2,None_cut,4.0,3,0,3,None_cut,3.7916666666666616,3,2,2,plate,2,3,tomato,2,4,,2,5,tomato,4,0,tomato,5,0,tomato,6,0,plate,6,3,,6,4,,7,1,plate,7,3,,7,4,,7,24.0,56.0,,,3,1.0,30.0,104.0,24.0,,plate,4,1.0,30.0
4055,0,1,,0,2,None_cut,4.0,3,0,3,None_cut,3.7916666666666616,3,2,2,plate,2,3,tomato,2,4,,2,5,tomato,4,0,tomato,5,0,tomato,6,0,plate,6,3,,6,4,,7,1,plate,7,3,,7,4,,7,24.0,56.0,,,3,1.0,30.0,104.0,24.0,,plate,4,1.0,30.0
4056,0,1,,0,2,None_cut,4.0,3,0,3,None_cut,3.7916666666666616,3,2,2,plate,2,3,tomato,2,4,,2,5,tomato,4,0,tomato,5,0,tomato,6,0,plate,6,3,,6,4,,7,1,plate,7,3,,7,4,,7,24.0,56.0,,,3,1.0,30.0,104.0,24.0,,plate,4,1.0,30.0
4057,0,1,,0,2,None_cut,4.0,3,0,3,None_cut,3.7916666666666616,3,2,2,plate,2,3,tomato,2,4,,2,5,tomato,4,0,tomato,5,0,tomato,6,0,plate,6,3,,6,4,,7,1,plate,7,3,,7,4,,7,24.0,56.0,,,3,1.0,30.0,104.0,24.0,,plate,4,1.0,30.0
4058,0,1,,0,2,None_cut,4.0,3,0,3,None_cut,3.7916666666666616,3,2,2,plate,2,3,tomato,2,4,,2,5,tomato,4,0,tomato,5,0,tomato,6,0,plate,6,3,,6,4,,7,1,plate,7,3,,7,4,,7,24.0,56.0,,,3,1.0,30.0,104.0,24.0,,plate,4,1.0,30.0
4059,0,1,,0,2,None_cut,4.0,3,0,3,None_cut,3.7916666666666616,3,2,2,plate,2,3,tomato,2,4,,2,5,tomato,4,0,tomato,5,0,tomato,6,0,plate,6,3,,6,4,,7,1,plate,7,3,,7,4,,7,24.0,56.0,,,3,1.0,30.0,104.0,24.0,,plate,4,1.0,30.0
4060,0,1,,0,2,None_cut,4.0,3,0,3,None_cut,3.7916666666666616,3,2,2,plate,2,3,tomato,2,4,,2,5,tomato,4,0,tomato,5,0,tomato,6,0,plate,6,3,,6,4,,7,1,plate,7,3,,7,4,,7,24.0,56.0,,,3,1.0,30.0,104.0,24.0,,plate,4,1.0,30.0
4061,0,1,,0,2,None_cut,4.0,3,0,3,None_cut,3.7916666666666616,3,2,2,plate,2,3,tomato,2,4,,2,5,tomato,4,0,tomato,5,0,tomato,6,0,plate,6,3,,6,4,,7,1,plate,7,3,,7,4,,7,24.0,56.0,,,3,1.0,30.0,104.0,24.0,,plate,4,1.0,30.0
4062,0,1,,0,2,None_cut,4.0,3,0,3,None_cut,3.7916666666666616,3,2,2,plate,2,3,tomato,2,4,,2,5,tomato,4,0,tomato,5,0,tomato,6,0,plate,6,3,,6,4,,7,1,plate,7,3,,7,4,,7,24.0,56.0,,,3,1.0,30.0,104.0,24.0,,plate,4,1.0,30.0
4063,0,1,,0,2,None_cut,4.0,3,0,3,None_cut,3.7916666666666616,3,2,2,plate,2,3,tomato,2,4,,2,5,tomato,4,0,tomato,5,0,tomato,6,0,plate,6,3,,6,4,,7,1,plate,7,3,,7,4,,7,24.0,56.0,,,3,1.0,30.0,104.0,24.0,,plate,4,1.0,30.0
4064,0,1,,0,2,None_cut,4.0,3,0,3,None_cut,3.7916666666666616,3,2,2,plate,2,3,tomato,2,4,,2,5,tomato,4,0,tomato,5,0,tomato,6,0,plate,6,3,,6,4,,7,1,plate,7,3,,7,4,,7,24.0,56.0,,,3,1.0,30.0,104.0,24.0,,plate,4,1.0,30.0
4065,0,1,,0,2,None_cut,4.0,3,0,3,None_cut,3.7916666666666616,3,2,2,plate,2,3,tomato,2,4,,2,5,tomato,4,0,tomato,5,0,tomato,6,0,plate,6,3,,6,4,,7,1,plate,7,3,,7,4,,7,24.0,56.0,,,3,1.0,30.0,104.0,24.0,,plate,4,1.0,30.0
4066,0,1,,0,2,None_cut,4.0,3,0,3,None_cut,3.7916666666666616,3,2,2,plate,2,3,tomato,2,4,,2,5,tomato,4,0,tomato,5,0,tomato,6,0,plate,6,3,,6,4,,7,1,plate,7,3,,7,4,,7,24.0,56.0,,,3,1.0,30.0,103.11611652351695,24.88388347648305,,plate,4,1.0,30.0
4067,0,1,,0,2,None_cut,4.0,3,0,3,None_cut,3.7916666666666616,3,2,2,plate,2,3,tomato,2,4,,2,5,tomato,4,0,tomato,5,0,tomato,6,0,plate,6,3,,6,4,,7,1,plate,7,3,,7,4,,7,24.0,56.0,,,3,1.0,30.0,102.2322330470339,25.7677669529661,,plate,4,1.0,30.0
4068,0,1,,0,2,None_cut,4.0,3,0,3,None_cut,3.7916666666666616,3,2,2,plate,2,3,,2,4,,2,5,tomato,4,0,tomato,5,0,tomato,6,0,plate,6,3,,6,4,,7,1,plate,7,3,,7,4,,7,24.0,56.0,,tomato,3,1.0,30.0,101.34834957055085,26.65165042944915,,plate,4,1.0,30.0
4069,0,1,,0,2,None_cut,4.0,3,0,3,None_cut,3.7916666666666616,3,2,2,plate,2,3,,2,4,,2,5,tomato,4,0,tomato,5,0,tomato,6,0,plate,6,3,,6,4,,7,1,plate,7,3,,7,4,,7,24.0,56.0,,tomato,3,1.0,30.0,100.4644660940678,27.535533905932198,,plate,4,1.0,30.0
4070,0,1,,0,2,None_cut,4.0,3,0,3,None_cut,3.7916666666666616,3,2,2,plate,2,3,,2,4,,2,5,tomato,4,0,tomato,5,0,tomato,6,0,plate,6,3,,6,4,,7,1,plate,7,3,,7,4,,7,24.0,56.0,,tomato,3,1.0,30.0,99.58058261758475,28.419417382415247,,plate,4,1.0,30.0
4071,0,1,,0,2,None_cut,4.0,3,0,3,None_cut,3.7916666666666616,3,2,2,plate,2,3,,2,4,,2,5,tomato,4,0,tomato,5,0,tomato,6,0,plate,6,3,,6,4,,7,1,plate,7,3,,7,4,,7,24.0,56.0,,tomato,3,1.0,30.0,98.6966991411017,29.303300858898297,,plate,4,1.0,30.0
4072,0,1,,0,2,None_cut,4.0,3,0,3,None_cut,3.7916666666666616,3,2,2,plate,2,3,,2,4,,2,5,tomato,4,0,tomato,5,0,tomato,6,0,plate,6,3,,6,4,,7,1,plate,7,3,,7,4,,7,24.0,56.0,,tomato,3,1.0,30.0,97.81281566461865,30.187184335381346,,plate,4,1.0,30.0
4073,0,1,,0,2,None_cut,4.0,3,0,3,None_cut,3.7916666666666616,3,2,2,plate,2,3,,2,4,,2,5,tomato,4,0,tomato,5,0,tomato,6,0,plate,6,3,,6,4,,7,1,plate,7,3,,7,4,,7,24.0,56.0,,tomato,3,1.0,30.0,96.9289321881356,31.071067811864395,,plate,4,1.0,30.0
4074,0,1,,0,2,None_cut,4.0,3,0,3,None_cut,3.7916666666666616,3,2,2,plate,2,3,,2,4,,2,5,tomato,4,0,tomato,5,0,tomato,6,0,plate,6,3,,6,4,,7,1,plate,7,3,,7,4,,7,24.0,56.0,,tomato,3,1.0,30.0,96.04504871165256,31.954951288347445,,plate,4,1.0,30.0
4075,0,1,,0,2,None_cut,4.0,3,0,3,None_cut,3.7916666666666616,3,2,2,plate,2,3,,2,4,,2,5,tomato,4,0,tomato,5,0,tomato,6,0,plate,6,3,,6,4,,7,1,plate,7,3,,7,4,,7,24.0,56.0,,tomato,3,1.0,30.0,95.1611652351695,32.838834764830494,,plate,4,1.0,30.0
4076,0,1,,0,2,None_cut,4.0,3,0,3,None_cut,3.7916666666666616,3,2,2,plate,2,3,,2,4,,2,5,tomato,4,0,tomato,5,0,tomato,6,0,plate,6,3,,6,4,,7,1,plate,7,3,,7,4,,7,24.0,56.0,,tomato,3,1.0,30.0,94.27728175868646,33.722718241313544,,plate,4,1.0,30.0
4077,0,1,,0,2,None_cut,4.0,3,0,3,None_cut,3.7916666666666616,3,2,2,plate,2,3,,2,4,,2,5,tomato,4,0,tomato,5,0,tomato,6,0,plate,6,3,,6,4,,7,1,plate,7,3,,7,4,,7,24.0,56.0,,tomato,3,1.0,30.0,93.3933982822034,34.60660171779659,,plate,4,1.0,30.0
4078,0,1,,0,2,None_cut,4.0,3,0,3,None_cut,3.7916666666666616,3,2,2,plate,2,3,,2,4,,2,5,tomato,4,0,tomato,5,0,tomato,6,0,plate,6,3,,6,4,,7,1,plate,7,3,,7,4,,7,24.0,56.0,,tomato,3,1.0,30.0,92.50951480572036,35.49048519427964,,plate,4,1.0,30.0
4079,0,1,,0,2,None_cut,4.0,3,0,3,None_cut,3.7916666666666616,3,2,2,plate,2,3,,2,4,,2,5,tomato,4,0,tomato,5,0,tomato,6,0,plate,6,3,,6,4,,7,1,plate,7,3,,7,4,,7,24.0,56.0,,tomato,3,1.0,30.0,91.62563132923731,36.37436867076269,,plate,4,1.0,30.0
4080,0,1,,0,2,None_cut,4.0,3,0,3,None_cut,3.7916666666666616,3,2,2,plate,2,3,,2,4,,2,5,tomato,4,0,tomato,5,0,tomato,6,0,plate,6,3,,6,4,,7,1,plate,7,3,,7,4,,7,24.0,56.0,,tomato,3,1.0,30.0,90.74174785275426,37.25825214724574,,plate,4,1.0,30.0
4081,0,1,,0,2,None_cut,4.0,3,0,3,None_cut,3.7916666666666616,3,2,2,plate,2,3,,2,4,,2,5,tomato,4,0,tomato,5,0,tomato,6,0,plate,6,3,,6,4,,7,1,plate,7,3,,7,4,,7,24.0,56.0,,tomato,3,1.0,30.0,89.85786437627121,38.14213562372879,,plate,4,1.0,30.0
4082,0,1,,0,2,None_cut,4.0,3,0,3,None_cut,3.7916666666666616,3,2,2,plate,2,3,,2,4,,2,5,tomato,4,0,tomato,5,0,tomato,6,0,plate,6,3,,6,4,,7,1,plate,7,3,,7,4,,7,24.0,56.0,,tomato,3,1.0,30.0,88.97398089978816,39.02601910021184,,plate,4,1.0,30.0
4083,0,1,,0,2,None_cut,4.0,3,0,3,tomato,0.0,0,2,2,plate,2,3,,2,4,,2,5,tomato,4,0,tomato,5,0,tomato,6,0,plate,6,3,,6,4,,7,1,plate,7,3,,7,4,,7,24.0,56.0,,,3,1.0,30.0,88.09009742330511,39.90990257669489,,plate,4,1.0,30.0
4084,0,1,,0,2,None_cut,4.0,3,0,3,tomato,0.041666666666666664,0,2,2,plate,2,3,,2,4,,2,5,tomato,4,0,tomato,5,0,tomato,6,0,plate,6,3,,6,4,,7,1,plate,7,3,,7,4,,7,24.0,56.0,,,3,1.0,30.0,87.20621394682206,40.79378605317794,,plate,4,1.0,30.0
4085,0,1,,0,2,None_cut,4.0,3,0,3,tomato,0.08333333333333333,0,2,2,plate,2,3,,2,4,,2,5,tomato,4,0,tomato,5,0,tomato,6,0,plate,6,3,,6,4,,7,1,plate,7,3,,7,4,,7,24.0,56.0,,,3,1.0,30.0,86.32233047033901,41.67766952966099,,plate,4,1.0,30.0
4086,0,1,,0,2,None_cut,4.0,3,0,3,tomato,0.125,0,2,2,plate,2,3,,2,4,,2,5,tomato,4,0,tomato,5,0,tomato,6,0,plate,6,3,,6,4,,7,1,plate,7,3,,7,4,,7,24.0,56.0,,,3,1.0,30.0,85.43844699385596,42.56155300614404,,plate,4,1.0,30.0
4087,0,1,,0,2,None_cut,4.0,3,0,3,tomato,0.16666666666666666,0,2,2,plate,2,3,,2,4,,2,5,tomato,4,0,tomato,5,0,tomato,6,0,plate,6,3,,6,4,,7,1,plate,7,3,,7,4,,7,24.0,56.0,,,3,1.0,30.0,84.55456351737291,43.44543648262709,,plate,4,1.0,30.0
4088,0,1,,0,2,None_cut,4.0,3,0,3,tomato,0.20833333333333331,0,2,2,plate,2,3,,2,4,,2,5,tomato,4,0,tomato,5,0,tomato,6,0,plate,6,3,,6,4,,7,1,plate,7,3,,7,4,,7,24.0,56.0,,,3,1.0,30.0,83.67068004088986,44.32931995911014,,plate,4,1.0,30.0
4089,0,1,,0,2,None_cut,4.0,3,0,3,tomato,0.24999999999999997,0,2,2,plate,2,3,,2,4,,2,5,tomato,4,0,tomato,5,0,tomato,6,0,plate,6,3,,6,4,,7,1,plate,7,3,,7,4,,7,24.0,56.0,,,3,1.0,30.0,82.78679656440681,45.213203435593186,,plate,4,1.0,30.0
4090,0,1,,0,2,None_cut,4.0,3,0,3,tomato,0.29166666666666663,0,2,2,plate,2,3,,2,4,,2,5,tomato,4,0,tomato,5,0,tomato,6,0,plate,6,3,,6,4,,7,1,plate,7,3,,7,4,,7,24.0,56.0,,,3,1.0,30.0,81.90291308792376,46.097086912076236,,plate,4,1.0,30.0
4091,0,1,,0,2,None_cut,4.0,3,0,3,tomato,0.3333333333333333,0,2,2,plate,2,3,,2,4,,2,5,tomato,4,0,tomato,5,0,tomato,6,0,plate,6,3,,6,4,,7,1,plate,7,3,,7,4,,7,24.0,56.0,,,3,1.0,30.0,81.01902961144071,46.980970388559285,,plate,4,1.0,30.0
4092,0,1,,0,2,None_cut,4.0,3,0,3,tomato,0.375,0,2,2,plate,2,3,,2,4,,2,5,tomato,4,0,tomato,5,0,tomato,6,0,plate,6,3,,6,4,,7,1,plate,7,3,,7,4,,7,24.0,56.0,,,3,1.0,30.0,80.13514613495767,47.864853865042335,,plate,4,1.0,30.0
4093,0,1,,0,2,None_cut,4.0,3,0,3,tomato,0.4166666666666667,0,2,2,plate,2,3,,2,4,,2,5,tomato,4,0,tomato,5,0,tomato,6,0,plate,6,3,,6,4,,7,1,plate,7,3,,7,4,,7,24.0,56.0,,,3,1.0,30.0,79.25126265847462,48.748737341525384,,plate,4,1.0,30.0
4094,0,1,,0,2,None_cut,4.0,3,0,3,tomato,0.45833333333333337,0,2,2,plate,2,3,,2,4,,2,5,tomato,4,0,tomato,5,0,tomato,6,0,plate,6,3,,6,4,,7,1,plate,7,3,,7,4,,7,24.0,56.0,,,3,1.0,30.0,78.36737918199157,49.632620818008434,,plate,4,1.0,30.0
4095,0,1,,0,2,None_cut,4.0,3,0,3,tomato,0.5,0,2,2,plate,2,3,,2,4,,2,5,tomato,4,0,tomato,5,0,tomato,6,0,plate,6,3,,6,4,,7,1,plate,7,3,,7,4,,7,24.0,56.0,,,3,1.0,30.0,77.48349570550852,50.51650429449148,,plate,4,1.0,30.0
4096,0,1,,0,2,None_cut,4.0,3,0,3,tomato,0.5416666666666666,0,2,2,plate,2,3,,2,4,,2,5,tomato,4,0,tomato,5,0,tomato,6,0,plate,6,3,,6,4,,7,1,plate,7,3,,7,4,,7,24.0,56.0,,,3,1.0,30.0,76.59961222902547,51.40038777097453,,plate,4,1.0,30.0
4097,0,1,,0,2,None_cut,4.0,3,0,3,tomato,0.5833333333333333,0,2,2,plate,2,3,,2,4,,2,5,tomato,4,0,tomato,5,0,tomato,6,0,plate,6,3,,6,4,,7,1,plate,7,3,,7,4,,7,24.0,56.0,,,3,1.0,30.0,75.71572875254242,52.28427124745758,,plate,4,1.0,30.0
4098,0,1,,0,2,None_cut,4.0,3,0,3,tomato,0.6249999999999999,0,2,2,plate,2,3,,2,4,,2,5,tomato,4,0,tomato,5,0,tomato,6,0,plate,6,3,,6,4,,7,1,plate,7,3,,7,4,,7,24.0,56.0,,,3,1.0,30.0,74.83184527605937,53.16815472394063,,plate,4,1.0,30.0
4099,0,1,,0,2,None_cut,4.0,3,0,3,tomato,0.6666666666666665,0,2,2,plate,2,3,,2,4,,2,5,tomato,4,0,tomato,5,0,tomato,6,0,plate,6,3,,6,4,,7,1,plate,7,3,,7,4,,7,24.0,56.0,,,3,1.0,30.0,73.94796179957632,54.05203820042368,,plate,4,1.0,30.0
4100,0,1,,0,2,None_cut,4.0,3,0,3,tomato,0.7083333333333331,0,2,2,plate,2,3,,2,4,,2,5,tomato,4,0,tomato,5,0,tomato,6,0,plate,6,3,,6,4,,7,1,plate,7,3,,7,4,,7,24.0,56.0,,,3,1.0,30.0,73.06407832309327,54.93592167690673,,plate,4,1.0,30.0
4101,0,1,,0,2,None_cut,4.0,3,0,3,tomato,0.7499999999999998,0,2,2,plate,2,3,,2,4,,2,5,tomato,4,0,tomato,5,0,tomato,6,0,plate,6,3,,6,4,,7,1,plate,7,3,,7,4,,7,24.0,56.0,,,3,1.0,30.0,72.18019484661022,55.81980515338978,,plate,4,1.0,30.0
4102,0,1,,0,2,None_cut,4.0,3,0,3,tomato,0.7916666666666664,0,2,2,plate,2,3,,2,4,,2,5,tomato,4,0,tomato,5,0,tomato,6,0,plate,6,3,,6,4,,7,1,plate,7,3,,7,4,,7,24.0,56.0,,,3,1.0,30.0,71.29631137012717,56.70368862987283,,plate,4,1.0,30.0
4103,0,1,,0,2,None_cut,4.0,3,0,3,tomato,0.833333333333333,0,2,2,plate,2,3,,2,4,,2,5,tomato,4,0,tomato,5,0,tomato,6,0,plate,6,3,,6,4,,7,1,plate,7,3,,7,4,,7,24.0,56.0,,,3,1.0,30.0,70.41242789364412,57.58757210635588,,plate,4,1.0,30.0
4104,0,1,,0,2,None_cut,4.0,3,0,3,tomato,0.8749999999999997,0,2,2,plate,2,3,,2,4,,2,5,tomato,4,0,tomato,5,0,tomato,6,0,plate,6,3,,6,4,,7,1,plate,7,3,,7,4,,7,24.0,56.0,,,3,1.0,30.0,69.52854441716107,58.47145558283893,,plate,4,1.0,30.0
4105,0,1,,0,2,None_cut,4.0,3,0,3,tomato,0.9166666666666663,0,2,2,plate,2,3,,2,4,,2,5,tomato,4,0,tomato,5,0,tomato,6,0,plate,6,3,,6,4,,7,1,plate,7,3,,7,4,,7,24.0,56.0,,,3,1.0,30.0,68.64466094067802,59.35533905932198,,plate,4,1.0,30.0
4106,0,1,,0,2,None_cut,4.0,3,0,3,tomato,0.9583333333333329,0,2,2,plate,2,3,,2,4,,2,5,tomato,4,0,tomato,5,0,tomato,6,0,plate,6,3,,6,4,,7,1,plate,7,3,,7,4,,7,24.0,56.0,,,3,1.0,30.0,67.76077746419497,60.23922253580503,,plate,4,1.0,30.0
4107,0,1,,0,2,None_cut,4.0,3,0,3,tomato,0.9999999999999996,0,2,2,plate,2,3,,2,4,,2,5,tomato,4,0,tomato,5,0,tomato,6,0,plate,6,3,,6,4,,7,1,plate,7,3,,7,4,,7,24.0,56.0,,,3,1.0,30.0,66.87689398771192,61.123106012288076,,plate,4,1.0,30.0
4108,0,1,,0,2,None_cut,4.0,3,0,3,tomato,1.0416666666666663,1,2,2,plate,2,3,,2,4,,2,5,tomato,4,0,tomato,5,0,tomato,6,0,plate,6,3,,6,4,,7,1,plate,7,3,,7,4,,7,24.0,56.0,,,3,1.0,30.0,65.99301051122887,62.006989488771126,,plate,4,1.0,30.0
4109,0,1,,0,2,None_cut,4.0,3,0,3,tomato,1.083333333333333,1,2,2,plate,2,3,,2,4,,2,5,tomato,4,0,tomato,5,0,tomato,6,0,plate,6,3,,6,4,,7,1,plate,7,3,,7,4,,7,24.0,56.0,,,3,1.0,30.0,65.10912703474582,62.890872965254175,,plate,4,1.0,30.0
4110,0,1,,0,2,None_cut,4.0,3,0,3,tomato,1.1249999999999998,1,2,2,plate,2,3,,2,4,,2,5,tomato,4,0,tomato,5,0,tomato,6,0,plate,6,3,,6,4,,7,1,plate,7,3,,7,4,,7,24.0,56.0,,,3,1.0,30.0,64.22524355826278,63.774756441737225,,plate,4,1.0,30.0
4111,0,1,,0,2,None_cut,4.0,3,0,3,tomato,1.1666666666666665,1,2,2,plate,2,3,,2,4,,2,5,tomato,4,0,tomato,5,0,tomato,6,0,plate,6,3,,6,4,,7,1,plate,7,3,,7,4,,7,24.0,56.0,,,3,1.0,30.0,63.341360081779726,64.65863991822027,,plate,4,1.0,30.0
4112,0,1,,0,2,None_cut,4.0,3,0,3,tomato,1.2083333333333333,1,2,2,plate,2,3,,2,4,,2,5,tomato,4,0,tomato,5,0,tomato,6,0,plate,6,3,,6,4,,7,1,plate,7,3,,7,4,,7,24.0,56.0,,,3,1.0,30.0,62.45747660529668,65.54252339470332,,plate,4,1.0,30.0
4113,0,1,,0,2,None_cut,4.0,3,0,3,tomato,1.25,1,2,2,plate,2,3,,2,4,,2,5,tomato,4,0,tomato,5,0,tomato,6,0,plate,6,3,,6,4,,7,1,plate,7,3,,7,4,,7,24.0,56.0,,,3,1.0,30.0,61.57359312881363,66.42640687118637,,plate,4,1.0,30.0
4114,0,1,,0,2,None_cut,4.0,3,0,3,tomato,1.2916666666666667,1,2,2,plate,2,3,,2,4,,2,5,tomato,4,0,tomato,5,0,tomato,6,0,plate,6,3,,6,4,,7,1,plate,7,3,,7,4,,7,24.0,56.0,,,3,1.0,30.0,60.68970965233058,67.31029034766942,,plate,4,1.0,30.0
4115,0,1,,0,2,None_cut,4.0,3,0,3,tomato,1.3333333333333335,1,2,2,plate,2,3,,2,4,,2,5,tomato,4,0,tomato,5,0,tomato,6,0,plate,6,3,,6,4,,7,1,plate,7,3,,7,4,,7,24.0,56.0,,,3,1.0,30.0,59.80582617584753,68.19417382415247,,plate,4,1.0,30.0
4116,0,1,,0,2,None_cut,4.0,3,0,3,tomato,1.3750000000000002,1,2,2,plate,2,3,,2,4,,2,5,tomato,4,0,tomato,5,0,tomato,6,0,plate,6,3,,6,4,,7,1,plate,7,3,,7,4,,7,24.0,56.0,,,3,1.0,30.0,58.92194269936448,69.07805730063552,,plate,4,1.0,30.0
4117,0,1,,0,2,None_cut,4.0,3,0,3,tomato,1.416666666666667,1,2,2,plate,2,3,,2,4,,2,5,tomato,4,0,tomato,5,0,tomato,6,0,plate,6,3,,6,4,,7,1,plate,7,3,,7,4,,7,24.0,56.0,,,3,1.0,30.0,58.03805922288143,69.96194077711857,,plate,4,1.0,30.0
4118,0,1,,0,2,None_cut,4.0,3,0,3,tomato,1.4583333333333337,1,2,2,plate,2,3,,2,4,,2,5,tomato,4,0,tomato,5,0,tomato,6,0,plate,6,3,,6,4,,7,1,plate,7,3,,7,4,,7,24.0,56.0,,,3,1.0,30.0,57.15417574639838,70.84582425360162,,plate,4,1.0,30.0
4119,0,1,,0,2,None_cut,4.0,3,0,3,tomato,1.5000000000000004,1,2,2,plate,2,3,,2,4,,2,5,tomato,4,0,tomato,5,0,tomato,6,0,plate,6,3,,6,4,,7,1,plate,7,3,,7,4,,7,24.0,56.0,,,3,1.0,30.0,56.27029226991533,71.72970773008467,,plate,4,1.0,30.0
4120,0,1,,0,2,None_cut,4.0,3,0,3,tomato,1.5416666666666672,1,2,2,plate,2,3,,2,4,,2,5,tomato,4,0,tomato,5,0,tomato,6,0,plate,6,3,,6,4,,7,1,plate,7,3,,7,4,,7,24.0,56.0,,,3,1.0,30.0,56.0,72.0,,plate,4,1.0,30.0
4121,0,1,,0,2,None_cut,4.0,3,0,3,tomato,1.583333333333334,1,2,2,plate,2,3,,2,4,plate,2,5,tomato,4,0,tomato,5,0,tomato,6,0,plate,6,3,,6,4,,7,1,plate,7,3,,7,4,,7,24.0,56.0,,,3,1.0,30.0,56.0,72.0,,,4,1.0,30.0
4122,0,1,,0,2,None_cut,4.0,3,0,3,tomato,1.6250000000000007,1,2,2,plate,2,3,,2,4,plate,2,5,tomato,4,0,tomato,5,0,tomato,6,0,plate,6,3,,6,4,,7,1,plate,7,3,,7,4,,7,24.0,56.0,,,3,1.0,30.0,56.0,72.0,,,4,1.0,30.0
4123,0,1,,0,2,None_cut,4.0,3,0,3,tomato,1.6666666666666674,1,2,2,plate,2,3,,2,4,plate,2,5,tomato,4,0,tomato,5,0,tomato,6,0,plate,6,3,,6,4,,7,1,plate,7,3,,7,4,,7,24.0,56.0,,,3,1.0,30.0,56.0,72.0,,,4,1.0,30.0
4124,0,1,,0,2,None_cut,4.0,3,0,3,tomato,1.7083333333333341,1,2,2,plate,2,3,,2,4,plate,2,5,tomato,4,0,tomato,5,0,tomato,6,0,plate,6,3,,6,4,,7,1,plate,7,3,,7,4,,7,24.0,56.0,,,3,1.0,30.0,56.0,72.0,,,4,1.0,30.0
4125,0,1,,0,2,None_cut,4.0,3,0,3,tomato,1.7500000000000009,1,2,2,plate,2,3,,2,4,plate,2,5,tomato,4,0,tomato,5,0,tomato,6,0,plate,6,3,,6,4,,7,1,plate,7,3,,7,4,,7,24.0,56.0,,,3,1.0,30.0,56.0,72.0,,,4,1.0,30.0
4126,0,1,,0,2,None_cut,4.0,3,0,3,tomato,1.7916666666666676,1,2,2,plate,2,3,,2,4,plate,2,5,tomato,4,0,tomato,5,0,tomato,6,0,plate,6,3,,6,4,,7,1,plate,7,3,,7,4,,7,24.0,56.0,,,3,1.0,30.0,56.0,72.0,,,4,1.0,30.0
4127,0,1,,0,2,None_cut,4.0,3,0,3,tomato,1.8333333333333344,1,2,2,plate,2,3,,2,4,plate,2,5,tomato,4,0,tomato,5,0,tomato,6,0,plate,6,3,,6,4,,7,1,plate,7,3,,7,4,,7,24.0,56.0,,,3,1.0,30.0,56.0,72.0,,,4,1.0,30.0
4128,0,1,,0,2,None_cut,4.0,3,0,3,tomato,1.875000000000001,1,2,2,plate,2,3,,2,4,plate,2,5,tomato,4,0,tomato,5,0,tomato,6,0,plate,6,3,,6,4,,7,1,plate,7,3,,7,4,,7,24.0,56.0,,,3,1.0,30.0,56.0,72.0,,,4,1.0,30.0
4129,0,1,,0,2,None_cut,4.0,3,0,3,tomato,1.9166666666666679,1,2,2,plate,2,3,,2,4,plate,2,5,tomato,4,0,tomato,5,0,tomato,6,0,plate,6,3,,6,4,,7,1,plate,7,3,,7,4,,7,24.0,56.0,,,3,1.0,30.0,56.0,72.0,,,4,1.0,30.0
4130,0,1,,0,2,None_cut,4.0,3,0,3,tomato,1.9583333333333346,1,2,2,plate,2,3,,2,4,plate,2,5,tomato,4,0,tomato,5,0,tomato,6,0,plate,6,3,,6,4,,7,1,plate,7,3,,7,4,,7,24.0,56.0,,,3,1.0,30.0,56.0,72.0,,,4,1.0,30.0
4131,0,1,,0,2,None_cut,4.0,3,0,3,tomato,2.0000000000000013,2,2,2,plate,2,3,,2,4,plate,2,5,tomato,4,0,tomato,5,0,tomato,6,0,plate,6,3,,6,4,,7,1,plate,7,3,,7,4,,7,24.0,56.0,,,3,1.0,30.0,56.0,72.0,,,4,1.0,30.0
4132,0,1,,0,2,None_cut,4.0,3,0,3,tomato,2.041666666666668,2,2,2,plate,2,3,,2,4,plate,2,5,tomato,4,0,tomato,5,0,tomato,6,0,plate,6,3,,6,4,,7,1,plate,7,3,,7,4,,7,24.0,56.0,,,3,1.0,30.0,56.0,72.0,,,4,1.0,30.0
4133,0,1,,0,2,None_cut,4.0,3,0,3,tomato,2.0833333333333344,2,2,2,plate,2,3,,2,4,plate,2,5,tomato,4,0,tomato,5,0,tomato,6,0,plate,6,3,,6,4,,7,1,plate,7,3,,7,4,,7,24.0,56.0,,,3,1.0,30.0,56.0,72.0,,,4,1.0,30.0
4134,0,1,,0,2,None_cut,4.0,3,0,3,tomato,2.125000000000001,2,2,2,plate,2,3,,2,4,plate,2,5,tomato,4,0,tomato,5,0,tomato,6,0,plate,6,3,,6,4,,7,1,plate,7,3,,7,4,,7,24.0,56.0,,,3,1.0,30.0,56.0,72.0,,,4,1.0,30.0
4135,0,1,,0,2,None_cut,4.0,3,0,3,tomato,2.1666666666666674,2,2,2,plate,2,3,,2,4,plate,2,5,tomato,4,0,tomato,5,0,tomato,6,0,plate,6,3,,6,4,,7,1,plate,7,3,,7,4,,7,24.0,56.0,,,3,1.0,30.0,56.0,70.74999999999972,,,4,1.0,30.0
4136,0,1,,0,2,None_cut,4.0,3,0,3,tomato,2.208333333333334,2,2,2,plate,2,3,,2,4,plate,2,5,tomato,4,0,tomato,5,0,tomato,6,0,plate,6,3,,6,4,,7,1,plate,7,3,,7,4,,7,24.0,56.0,,,3,1.0,30.0,56.0,69.49999999999943,,,4,1.0,30.0
4137,0,1,,0,2,None_cut,4.0,3,0,3,tomato,2.2500000000000004,2,2,2,plate,2,3,,2,4,plate,2,5,tomato,4,0,tomato,5,0,tomato,6,0,plate,6,3,,6,4,,7,1,plate,7,3,,7,4,,7,24.0,56.0,,,3,1.0,30.0,56.0,68.24999999999915,,,4,1.0,30.0
4138,0,1,,0,2,None_cut,4.0,3,0,3,tomato,2.291666666666667,2,2,2,plate,2,3,,2,4,plate,2,5,tomato,4,0,tomato,5,0,tomato,6,0,plate,6,3,,6,4,,7,1,plate,7,3,,7,4,,7,24.0,56.0,,,3,1.0,30.0,56.0,66.99999999999886,,,4,1.0,30.0
4139,0,1,,0,2,None_cut,4.0,3,0,3,tomato,2.3333333333333335,2,2,2,plate,2,3,,2,4,plate,2,5,tomato,4,0,tomato,5,0,tomato,6,0,plate,6,3,,6,4,,7,1,plate,7,3,,7,4,,7,24.0,56.0,,,3,1.0,30.0,56.0,65.74999999999858,,,4,1.0,30.0
4140,0,1,,0,2,None_cut,4.0,3,0,3,tomato,2.375,2,2,2,plate,2,3,,2,4,plate,2,5,tomato,4,0,tomato,5,0,tomato,6,0,plate,6,3,,6,4,,7,1,plate,7,3,,7,4,,7,24.0,56.0,,,3,1.0,30.0,56.0,64.4999999999983,,,4,1.0,30.0
4141,0,1,,0,2,None_cut,4.0,3,0,3,tomato,2.4166666666666665,2,2,2,plate,2,3,,2,4,plate,2,5,tomato,4,0,tomato,5,0,tomato,6,0,plate,6,3,,6,4,,7,1,plate,7,3,,7,4,,7,24.0,56.0,,,3,1.0,30.0,56.0,63.24999999999801,,,4,1.0,30.0
4142,0,1,,0,2,None_cut,4.0,3,0,3,tomato,2.458333333333333,2,2,2,plate,2,3,,2,4,plate,2,5,tomato,4,0,tomato,5,0,tomato,6,0,plate,6,3,,6,4,,7,1,plate,7,3,,7,4,,7,24.0,56.0,,,3,1.0,30.0,56.0,61.999999999997726,,,4,1.0,30.0
4143,0,1,,0,2,None_cut,4.0,3,0,3,tomato,2.4999999999999996,2,2,2,plate,2,3,,2,4,plate,2,5,tomato,4,0,tomato,5,0,tomato,6,0,plate,6,3,,6,4,,7,1,plate,7,3,,7,4,,7,24.0,56.0,,,3,1.0,30.0,56.0,60.74999999999744,,,4,1.0,30.0
4144,0,1,,0,2,None_cut,4.0,3,0,3,tomato,2.541666666666666,2,2,2,plate,2,3,,2,4,plate,2,5,tomato,4,0,tomato,5,0,tomato,6,0,plate,6,3,,6,4,,7,1,plate,7,3,,7,4,,7,24.0,56.0,,,3,1.0,30.0,56.0,59.49999999999716,,,4,1.0,30.0
4145,0,1,,0,2,None_cut,4.0,3,0,3,tomato,2.5833333333333326,2,2,2,plate,2,3,,2,4,plate,2,5,tomato,4,0,tomato,5,0,tomato,6,0,plate,6,3,,6,4,,7,1,plate,7,3,,7,4,,7,24.0,56.0,,,3,1.0,30.0,56.0,58.249999999996874,,,4,1.0,30.0
4146,0,1,,0,2,None_cut,4.0,3,0,3,tomato,2.624999999999999,2,2,2,plate,2,3,,2,4,plate,2,5,tomato,4,0,tomato,5,0,tomato,6,0,plate,6,3,,6,4,,7,1,plate,7,3,,7,4,,7,24.0,56.0,,,3,1.0,30.0,56.0,56.99999999999659,,,4,1.0,30.0
4147,0,1,,0,2,None_cut,4.0,3,0,3,tomato,2.6666666666666656,2,2,2,plate,2,3,,2,4,plate,2,5,tomato,4,0,tomato,5,0,tomato,6,0,plate,6,3,,6,4,,7,1,plate,7,3,,7,4,,7,24.0,56.0,,,3,1.0,30.0,56.0,55.749999999996305,,,4,1.0,30.0
4148,0,1,,0,2,None_cut,4.0,3,0,3,tomato,2.708333333333332,2,2,2,plate,2,3,,2,4,plate,2,5,tomato,4,0,tomato,5,0,tomato,6,0,plate,6,3,,6,4,,7,1,plate,7,3,,7,4,,7,24.0,56.0,,,3,1.0,30.0,56.0,54.49999999999602,,,4,1.0,30.0
4149,0,1,,0,2,None_cut,4.0,3,0,3,tomato,2.7499999999999987,2,2,2,plate,2,3,,2,4,plate,2,5,tomato,4,0,tomato,5,0,tomato,6,0,plate,6,3,,6,4,,7,1,plate,7,3,,7,4,,7,24.0,56.0,,,3,1.0,30.0,56.0,53.24999999999574,,,4,1.0,30.0
4150,0,1,,0,2,None_cut,4.0,3,0,3,tomato,2.791666666666665,2,2,2,plate,2,3,,2,4,plate,2,5,tomato,4,0,tomato,5,0,tomato,6,0,plate,6,3,,6,4,,7,1,plate,7,3,,7,4,,7,24.0,56.0,,,3,1.0,30.0,56.0,51.99999999999545,,,4,1.0,30.0
4151,0,1,,0,2,None_cut,4.0,3,0,3,tomato,2.8333333333333317,2,2,2,plate,2,3,,2,4,plate,2,5,tomato,4,0,tomato,5,0,tomato,6,0,plate,6,3,,6,4,,7,1,plate,7,3,,7,4,,7,24.0,56.0,,,3,1.0,30.0,56.0,50.74999999999517,,,4,1.0,30.0
4152,0,1,,0,2,None_cut,4.0,3,0,3,tomato,2.8749999999999982,2,2,2,plate,2,3,,2,4,plate,2,5,tomato,4,0,tomato,5,0,tomato,6,0,plate,6,3,,6,4,,7,1,plate,7,3,,7,4,,7,24.0,56.0,,,3,1.0,30.0,56.0,49.499999999994884,,,4,1.0,30.0
4153,0,1,,0,2,None_cut,4.0,3,0,3,tomato,2.9166666666666647,2,2,2,plate,2,3,,2,4,plate,2,5,tomato,4,0,tomato,5,0,tomato,6,0,plate,6,3,,6,4,,7,1,plate,7,3,,7,4,,7,24.0,56.0,,,3,1.0,30.0,56.0,48.2499999999946,,,4,1.0,30.0
4154,0,1,,0,2,None_cut,4.0,3,0,3,tomato,2.9583333333333313,2,2,2,plate,2,3,,2,4,plate,2,5,tomato,4,0,tomato,5,0,tomato,6,0,plate,6,3,,6,4,,7,1,plate,7,3,,7,4,,7,24.0,56.0,,,3,1.0,30.0,56.0,46.999999999994316,,,4,1.0,30.0
4155,0,1,,0,2,None_cut,4.0,3,0,3,tomato,2.999999999999998,2,2,2,plate,2,3,,2,4,plate,2,5,tomato,4,0,tomato,5,0,tomato,6,0,plate,6,3,,6,4,,7,1,plate,7,3,,7,4,,7,24.0,56.0,,,3,1.0,30.0,56.0,45.74999999999403,,,4,1.0,30.0
4156,0,1,,0,2,None_cut,4.0,3,0,3,tomato_cut,3.0416666666666643,3,2,2,plate,2,3,,2,4,plate,2,5,tomato,4,0,tomato,5,0,tomato,6,0,plate,6,3,,6,4,,7,1,plate,7,3,,7,4,,7,24.0,56.0,,,3,1.0,30.0,56.0,44.49999999999375,,,4,1.0,30.0
4157,0,1,,0,2,None_cut,4.0,3,0,3,tomato_cut,3.083333333333331,3,2,2,plate,2,3,,2,4,plate,2,5,tomato,4,0,tomato,5,0,tomato,6,0,plate,6,3,,6,4,,7,1,plate,7,3,,7,4,,7,24.0,56.0,,,3,1.0,30.0,56.0,43.24999999999346,,,4,1.0,30.0
4158,0,1,,0,2,None_cut,4.0,3,0,3,tomato_cut,3.1249999999999973,3,2,2,plate,2,3,,2,4,plate,2,5,tomato,4,0,tomato,5,0,tomato,6,0,plate,6,3,,6,4,,7,1,plate,7,3,,7,4,,7,24.0,56.0,,,3,1.0,30.0,56.0,41.99999999999318,,,4,1.0,30.0
4159,0,1,,0,2,None_cut,4.0,3,0,3,tomato_cut,3.166666666666664,3,2,2,plate,2,3,,2,4,plate,2,5,tomato,4,0,tomato,5,0,tomato,6,0,plate,6,3,,6,4,,7,1,plate,7,3,,7,4,,7,24.0,56.0,,,3,1.0,30.0,56.0,40.749999999992895,,,4,1.0,30.0
4160,0,1,,0,2,None_cut,4.0,3,0,3,tomato_cut,3.2083333333333304,3,2,2,plate,2,3,,2,4,plate,2,5,tomato,4,0,tomato,5,0,tomato,6,0,plate,6,3,,6,4,,7,1,plate,7,3,,7,4,,7,24.0,56.0,,,3,1.0,30.0,56.49189088134284,39.70196048263347,,,4,1.0,30.0
4161,0,1,,0,2,None_cut,4.0,3,0,3,tomato_cut,3.249999999999997,3,2,2,plate,2,3,,2,4,plate,2,5,tomato,4,0,tomato,5,0,tomato,6,0,plate,6,3,,6,4,,7,1,plate,7,3,,7,4,,7,24.0,56.0,,,3,1.0,30.0,57.37026745516934,38.81260420163471,,,4,1.0,30.0
4162,0,1,,0,2,None_cut,4.0,3,0,3,tomato_cut,3.2916666666666634,3,2,2,plate,2,3,,2,4,plate,2,5,tomato,4,0,tomato,5,0,tomato,6,0,plate,6,3,,6,4,,7,1,plate,7,3,,7,4,,7,24.0,56.0,,,3,1.0,30.0,58.24864402899584,37.92324792063596,,,4,1.0,30.0
4163,0,1,,0,2,None_cut,4.0,3,0,3,tomato_cut,3.33333333333333,3,2,2,plate,2,3,,2,4,plate,2,5,tomato,4,0,tomato,5,0,tomato,6,0,plate,6,3,,6,4,,7,1,plate,7,3,,7,4,,7,24.0,56.0,,,3,1.0,30.0,59.12702060282234,37.033891639637005,,,4,1.0,30.0
4164,0,1,,0,2,None_cut,4.0,3,0,3,tomato_cut,3.3749999999999964,3,2,2,plate,2,3,,2,4,plate,2,5,tomato,4,0,tomato,5,0,tomato,6,0,plate,6,3,,6,4,,7,1,plate,7,3,,7,4,,7,24.0,56.0,,,3,1.0,30.0,60.00539717664884,36.14453535863804,,,4,1.0,30.0
4165,0,1,,0,2,None_cut,4.0,3,0,3,tomato_cut,3.416666666666663,3,2,2,plate,2,3,,2,4,plate,2,5,tomato,4,0,tomato,5,0,tomato,6,0,plate,6,3,,6,4,,7,1,plate,7,3,,7,4,,7,24.0,56.0,,,3,1.0,30.0,60.88377375047534,35.25517907763907,,,4,1.0,30.0
4166,0,1,,0,2,None_cut,4.0,3,0,3,tomato_cut,3.4583333333333295,3,2,2,plate,2,3,,2,4,plate,2,5,tomato,4,0,tomato,5,0,tomato,6,0,plate,6,3,,6,4,,7,1,plate,7,3,,7,4,,7,24.0,56.0,,,3,1.0,30.0,61.76215032430184,34.36582279664011,,,4,1.0,30.0
4167,0,1,,0,2,None_cut,4.0,3,0,3,tomato_cut,3.499999999999996,3,2,2,plate,2,3,,2,4,plate,2,5,tomato,4,0,tomato,5,0,tomato,6,0,plate,6,3,,6,4,,7,1,plate,7,3,,7,4,,7,24.0,56.0,,,3,1.0,30.0,62.64052689812834,33.47646651564114,,,4,1.0,30.0
4168,0,1,,0,2,None_cut,4.0,3,0,3,tomato_cut,3.5416666666666625,3,2,2,plate,2,3,,2,4,plate,2,5,tomato,4,0,tomato,5,0,tomato,6,0,plate,6,3,,6,4,,7,1,plate,7,3,,7,4,,7,24.0,56.0,,,3,1.0,30.0,63.51890347195484,32.587110234642175,,,4,1.0,30.0
4169,0,1,,0,2,None_cut,4.0,3,0,3,tomato_cut,3.583333333333329,3,2,2,plate,2,3,,2,4,plate,2,5,tomato,4,0,tomato,5,0,tomato,6,0,plate,6,3,,6,4,,7,1,plate,7,3,,7,4,,7,24.0,56.0,,,3,1.0,30.0,64.39728004578167,31.697753953643108,,,4,1.0,30.0
4170,0,1,,0,2,None_cut,4.0,3,0,3,tomato_cut,3.6249999999999956,3,2,2,plate,2,3,,2,4,plate,2,5,tomato,4,0,tomato,5,0,tomato,6,0,plate,6,3,,6,4,,7,1,plate,7,3,,7,4,,7,24.0,56.0,,,3,1.0,30.0,65.27565661960888,30.808397672644,,,4,1.0,30.0
4171,0,1,,0,2,None_cut,4.0,3,0,3,tomato_cut,3.666666666666662,3,2,2,plate,2,3,,2,4,plate,2,5,tomato,4,0,tomato,5,0,tomato,6,0,plate,6,3,,6,4,,7,1,plate,7,3,,7,4,,7,24.0,56.0,,,3,1.0,30.0,66.15403319343609,29.91904139164489,,,4,1.0,30.0
4172,0,1,,0,2,None_cut,4.0,3,0,3,tomato_cut,3.7083333333333286,3,2,2,plate,2,3,,2,4,plate,2,5,tomato,4,0,tomato,5,0,tomato,6,0,plate,6,3,,6,4,,7,1,plate,7,3,,7,4,,7,24.0,56.0,,,3,1.0,30.0,67.03240976726298,29.02968511064578,,,4,1.0,30.0
4173,0,1,,0,2,None_cut,4.0,3,0,3,tomato_cut,3.749999999999995,3,2,2,plate,2,3,,2,4,plate,2,5,tomato,4,0,tomato,5,0,tomato,6,0,plate,6,3,,6,4,,7,1,plate,7,3,,7,4,,7,24.0,56.0,,,3,1.0,30.0,67.91078634108933,28.14032882964667,,,4,1.0,30.0
4174,0,1,,0,2,None_cut,4.0,3,0,3,tomato_cut,3.7916666666666616,3,2,2,plate,2,3,,2,4,plate,2,5,tomato,4,0,tomato,5,0,tomato,6,0,plate,6,3,,6,4,,7,1,plate,7,3,,7,4,,7,24.0,56.0,,,3,1.0,30.0,68.7891629149157,27.25097254864756,,,4,1.0,30.0
4175,0,1,,0,2,None_cut,4.0,3,0,3,tomato_cut,3.833333333333328,3,2,2,plate,2,3,,2,4,plate,2,5,tomato,4,0,tomato,5,0,tomato,6,0,plate,6,3,,6,4,,7,1,plate,7,3,,7,4,,7,24.0,56.0,,,3,1.0,30.0,69.66753948874207,26.36161626764845,,,4,1.0,30.0
4176,0,1,,0,2,None_cut,4.0,3,0,3,tomato_cut,3.8749999999999947,3,2,2,plate,2,3,,2,4,plate,2,5,tomato,4,0,tomato,5,0,tomato,6,0,plate,6,3,,6,4,,7,1,plate,7,3,,7,4,,7,24.0,56.0,,,3,1.0,30.0,70.54591606256842,25.47225998664934,,,4,1.0,30.0
4177,0,1,,0,2,None_cut,4.0,3,0,3,tomato_cut,3.916666666666661,3,2,2,plate,2,3,,2,4,plate,2,5,tomato,4,0,tomato,5,0,tomato,6,0,plate,6,3,,6,4,,7,1,plate,7,3,,7,4,,7,24.0,56.0,,,3,1.0,30.0,71.42429263639478,24.58290370565023,,,4,1.0,30.0
4178,0,1,,0,2,None_cut,4.0,3,0,3,tomato_cut,3.9583333333333277,3,2,2,plate,2,3,,2,4,plate,2,5,tomato,4,0,tomato,5,0,tomato,6,0,plate,6,3,,6,4,,7,1,plate,7,3,,7,4,,7,24.0,56.0,,,3,1.0,30.0,72.0,24.0,,,4,1.0,30.0
4179,0,1,,0,2,None_cut,4.0,3,0,3,tomato_cut,3.9999999999999942,3,2,2,plate,2,3,,2,4,plate,2,5,tomato,4,0,tomato,5,0,tomato,6,0,plate,6,3,,6,4,,7,1,plate,7,3,,7,4,,7,24.0,56.0,,,3,1.0,30.0,72.0,24.0,,tomato,4,1.0,30.0
4180,0,1,,0,2,None_cut,4.0,3,0,3,tomato_cut,4.0,3,2,2,plate,2,3,,2,4,plate,2,5,tomato,4,0,tomato,5,0,tomato,6,0,plate,6,3,,6,4,,7,1,plate,7,3,,7,4,,7,24.0,56.0,,,3,1.0,30.0,72.0,24.0,,tomato,4,1.0,30.0
4181,0,1,,0,2,None_cut,4.0,3,0,3,tomato_cut,4.0,3,2,2,plate,2,3,,2,4,plate,2,5,tomato,4,0,tomato,5,0,tomato,6,0,plate,6,3,,6,4,,7,1,plate,7,3,,7,4,,7,24.0,56.0,,,3,1.0,30.0,72.0,24.0,,tomato,4,1.0,30.0
4182,0,1,,0,2,None_cut,4.0,3,0,3,tomato_cut,4.0,3,2,2,plate,2,3,,2,4,plate,2,5,tomato,4,0,tomato,5,0,tomato,6,0,plate,6,3,,6,4,,7,1,plate,7,3,,7,4,,7,24.0,56.0,,,3,1.0,30.0,72.0,24.0,,tomato,4,1.0,30.0
4183,0,1,,0,2,None_cut,4.0,3,0,3,tomato_cut,4.0,3,2,2,plate,2,3,,2,4,plate,2,5,tomato,4,0,tomato,5,0,tomato,6,0,plate,6,3,,6,4,,7,1,plate,7,3,,7,4,,7,24.0,56.0,,,3,1.0,30.0,72.0,24.0,,tomato,4,1.0,30.0
4184,0,1,,0,2,None_cut,4.0,3,0,3,tomato_cut,4.0,3,2,2,plate,2,3,,2,4,plate,2,5,tomato,4,0,tomato,5,0,tomato,6,0,plate,6,3,,6,4,,7,1,plate,7,3,,7,4,,7,24.0,56.0,,,3,1.0,30.0,72.0,24.0,,tomato,4,1.0,30.0
4185,0,1,,0,2,None_cut,4.0,3,0,3,tomato_cut,4.0,3,2,2,plate,2,3,,2,4,plate,2,5,tomato,4,0,tomato,5,0,tomato,6,0,plate,6,3,,6,4,,7,1,plate,7,3,,7,4,,7,24.0,56.0,,,3,1.0,30.0,72.0,24.0,,tomato,4,1.0,30.0
4186,0,1,,0,2,None_cut,4.0,3,0,3,tomato_cut,4.0,3,2,2,plate,2,3,,2,4,plate,2,5,tomato,4,0,tomato,5,0,tomato,6,0,plate,6,3,,6,4,,7,1,plate,7,3,,7,4,,7,24.0,56.0,,,3,1.0,30.0,72.0,24.0,,tomato,4,1.0,30.0
4187,0,1,,0,2,None_cut,4.0,3,0,3,tomato_cut,4.0,3,2,2,plate,2,3,,2,4,plate,2,5,tomato,4,0,tomato,5,0,tomato,6,0,plate,6,3,,6,4,,7,1,plate,7,3,,7,4,,7,24.0,56.0,,,3,1.0,30.0,72.0,24.0,,tomato,4,1.0,30.0
4188,0,1,,0,2,None_cut,4.0,3,0,3,tomato_cut,4.0,3,2,2,plate,2,3,,2,4,plate,2,5,tomato,4,0,tomato,5,0,tomato,6,0,plate,6,3,,6,4,,7,1,plate,7,3,,7,4,,7,24.0,56.0,,,3,1.0,30.0,72.0,24.0,,tomato,4,1.0,30.0
4189,0,1,,0,2,None_cut,4.0,3,0,3,tomato_cut,4.0,3,2,2,plate,2,3,,2,4,plate,2,5,tomato,4,0,tomato,5,0,tomato,6,0,plate,6,3,,6,4,,7,1,plate,7,3,,7,4,,7,24.0,57.250000000000284,,,3,1.0,30.0,72.0,24.0,,tomato,4,1.0,30.0
4190,0,1,,0,2,None_cut,4.0,3,0,3,tomato_cut,4.0,3,2,2,plate,2,3,,2,4,plate,2,5,tomato,4,0,tomato,5,0,tomato,6,0,plate,6,3,,6,4,,7,1,plate,7,3,,7,4,,7,24.0,58.50000000000057,,,3,1.0,30.0,72.0,25.24999999999993,,tomato,4,1.0,30.0
4191,0,1,,0,2,None_cut,4.0,3,0,3,tomato_cut,4.0,3,2,2,plate,2,3,,2,4,plate,2,5,tomato,4,0,tomato,5,0,tomato,6,0,plate,6,3,,6,4,,7,1,plate,7,3,,7,4,,7,24.0,59.75000000000085,,,3,1.0,30.0,72.0,26.499999999999858,,tomato,4,1.0,30.0
4192,0,1,,0,2,None_cut,4.0,3,0,3,tomato_cut,4.0,3,2,2,plate,2,3,,2,4,plate,2,5,tomato,4,0,tomato,5,0,tomato,6,0,plate,6,3,,6,4,,7,1,plate,7,3,,7,4,,7,24.0,61.00000000000114,,,3,1.0,30.0,72.0,27.749999999999787,,tomato,4,1.0,30.0
4193,0,1,,0,2,None_cut,4.0,3,0,3,tomato_cut,4.0,3,2,2,plate,2,3,,2,4,plate,2,5,tomato,4,0,tomato,5,0,tomato,6,0,plate,6,3,,6,4,,7,1,plate,7,3,,7,4,,7,24.0,62.25000000000142,,,3,1.0,30.0,72.0,28.999999999999716,,tomato,4,1.0,30.0
4194,0,1,,0,2,None_cut,4.0,3,0,3,tomato_cut,4.0,3,2,2,plate,2,3,,2,4,plate,2,5,tomato,4,0,tomato,5,0,tomato,6,0,plate,6,3,,6,4,,7,1,plate,7,3,,7,4,,7,24.0,63.500000000001705,,,3,1.0,30.0,72.0,30.249999999999645,,tomato,4,1.0,30.0
4195,0,1,,0,2,None_cut,4.0,3,0,3,tomato_cut,4.0,3,2,2,plate,2,3,,2,4,plate,2,5,tomato,4,0,tomato,5,0,tomato,6,0,plate,6,3,,6,4,,7,1,plate,7,3,,7,4,,7,24.0,64.75000000000199,,,3,1.0,30.0,72.0,31.499999999999574,,tomato,4,1.0,30.0
4196,0,1,,0,2,None_cut,4.0,3,0,3,tomato_cut,4.0,3,2,2,plate,2,3,,2,4,plate,2,5,tomato,4,0,tomato,5,0,tomato,6,0,plate,6,3,,6,4,,7,1,plate,7,3,,7,4,,7,24.0,66.00000000000227,,,3,1.0,30.0,72.0,32.749999999999716,,tomato,4,1.0,30.0
4197,0,1,,0,2,None_cut,4.0,3,0,3,tomato_cut,4.0,3,2,2,plate,2,3,,2,4,plate,2,5,tomato,4,0,tomato,5,0,tomato,6,0,plate,6,3,,6,4,,7,1,plate,7,3,,7,4,,7,24.0,67.25000000000256,,,3,1.0,30.0,72.0,34.0,,tomato,4,1.0,30.0
4198,0,1,,0,2,None_cut,4.0,3,0,3,tomato_cut,4.0,3,2,2,plate,2,3,,2,4,plate,2,5,tomato,4,0,tomato,5,0,tomato,6,0,plate,6,3,,6,4,,7,1,plate,7,3,,7,4,,7,24.0,68.50000000000284,,,3,1.0,30.0,72.0,35.250000000000284,,tomato,4,1.0,30.0
4199,0,1,,0,2,None_cut,4.0,3,0,3,tomato_cut,4.0,3,2,2,plate,2,3,,2,4,plate,2,5,tomato,4,0,tomato,5,0,tomato,6,0,plate,6,3,,6,4,,7,1,plate,7,3,,7,4,,7,24.0,69.75000000000313,,,3,1.0,30.0,72.0,36.50000000000057,,tomato,4,1.0,30.0
4200,0,1,,0,2,None_cut,4.0,3,0,3,tomato_cut,4.0,3,2,2,plate,2,3,,2,4,plate,2,5,tomato,4,0,tomato,5,0,tomato,6,0,plate,6,3,,6,4,,7,1,plate,7,3,,7,4,,7,24.0,71.00000000000341,,,3,1.0,30.0,72.0,37.75000000000085,,tomato,4,1.0,30.0
4201,0,1,,0,2,None_cut,4.0,3,0,3,tomato_cut,4.0,3,2,2,plate,2,3,,2,4,plate,2,5,tomato,4,0,tomato,5,0,tomato,6,0,plate,6,3,,6,4,,7,1,plate,7,3,,7,4,,7,24.0,72.2500000000037,,,3,1.0,30.0,72.0,39.00000000000114,,tomato,4,1.0,30.0
4202,0,1,,0,2,None_cut,4.0,3,0,3,tomato_cut,4.0,3,2,2,plate,2,3,,2,4,plate,2,5,tomato,4,0,tomato,5,0,tomato,6,0,plate,6,3,,6,4,,7,1,plate,7,3,,7,4,,7,24.0,73.50000000000398,,,3,1.0,30.0,71.68378443342253,40.120168261161126,,tomato,4,1.0,30.0
4203,0,1,,0,2,None_cut,4.0,3,0,3,tomato_cut,4.0,3,2,2,plate,2,3,,2,4,plate,2,5,tomato,4,0,tomato,5,0,tomato,6,0,plate,6,3,,6,4,,7,1,plate,7,3,,7,4,,7,24.0,74.75000000000426,,,3,1.0,30.0,70.80540785959582,41.00952454216059,,tomato,4,1.0,30.0
4204,0,1,,0,2,None_cut,4.0,3,0,3,tomato_cut,4.0,3,2,2,plate,2,3,,2,4,plate,2,5,tomato,4,0,tomato,5,0,tomato,6,0,plate,6,3,,6,4,,7,1,plate,7,3,,7,4,,7,24.0,76.00000000000455,,,3,1.0,30.0,69.92703128576912,41.898880823160056,,tomato,4,1.0,30.0
4205,0,1,,0,2,None_cut,4.0,3,0,3,tomato_cut,4.0,3,2,2,plate,2,3,,2,4,plate,2,5,tomato,4,0,tomato,5,0,tomato,6,0,plate,6,3,,6,4,,7,1,plate,7,3,,7,4,,7,24.0,77.25000000000483,,,3,1.0,30.0,69.0486547119424,42.78823710415952,,tomato,4,1.0,30.0
4206,0,1,,0,2,None_cut,4.0,3,0,3,tomato_cut,4.0,3,2,2,plate,2,3,,2,4,plate,2,5,tomato,4,0,tomato,5,0,tomato,6,0,plate,6,3,,6,4,,7,1,plate,7,3,,7,4,,7,24.0,78.50000000000512,,,3,1.0,30.0,68.17027813811569,43.677593385158985,,tomato,4,1.0,30.0
4207,0,1,,0,2,None_cut,4.0,3,0,3,tomato_cut,4.0,3,2,2,plate,2,3,,2,4,plate,2,5,tomato,4,0,tomato,5,0,tomato,6,0,plate,6,3,,6,4,,7,1,plate,7,3,,7,4,,7,24.0,79.7500000000054,,,3,1.0,30.0,67.29190156428898,44.56694966615845,,tomato,4,1.0,30.0
4208,0,1,,0,2,None_cut,4.0,3,0,3,tomato_cut,4.0,3,2,2,plate,2,3,,2,4,plate,2,5,tomato,4,0,tomato,5,0,tomato,6,0,plate,6,3,,6,4,,7,1,plate,7,3,,7,4,,7,24.0,81.00000000000568,,,3,1.0,30.0,66.41352499046226,45.456305947157915,,tomato,4,1.0,30.0
4209,0,1,,0,2,None_cut,4.0,3,0,3,tomato_cut,4.0,3,2,2,plate,2,3,,2,4,plate,2,5,tomato,4,0,tomato,5,0,tomato,6,0,plate,6,3,,6,4,,7,1,plate,7,3,,7,4,,7,24.0,82.25000000000597,,,3,1.0,30.0,65.53514841663555,46.34566222815738,,tomato,4,1.0,30.0
4210,0,1,,0,2,None_cut,4.0,3,0,3,tomato_cut,4.0,3,2,2,plate,2,3,,2,4,plate,2,5,tomato,4,0,tomato,5,0,tomato,6,0,plate,6,3,,6,4,,7,1,plate,7,3,,7,4,,7,24.0,83.50000000000625,,,3,1.0,30.0,64.65677184280884,47.235018509156845,,tomato,4,1.0,30.0
4211,0,1,,0,2,None_cut,4.0,3,0,3,tomato_cut,4.0,3,2,2,plate,2,3,,2,4,plate,2,5,tomato,4,0,tomato,5,0,tomato,6,0,plate,6,3,,6,4,,7,1,plate,7,3,,7,4,,7,24.0,84.75000000000654,,,3,1.0,30.0,63.77839526898218,48.12437479015631,,tomato,4,1.0,30.0
4212,0,1,,0,2,None_cut,4.0,3,0,3,tomato_cut,4.0,3,2,2,plate,2,3,,2,4,plate,2,5,tomato,4,0,tomato,5,0,tomato,6,0,plate,6,3,,6,4,,7,1,plate,7,3,,7,4,,7,24.0,86.00000000000682,,,3,1.0,30.0,62.90001869515568,49.013731071155775,,tomato,4,1.0,30.0
4213,0,1,,0,2,None_cut,4.0,3,0,3,tomato_cut,4.0,3,2,2,plate,2,3,,2,4,plate,2,5,tomato,4,0,tomato,5,0,tomato,6,0,plate,6,3,,6,4,,7,1,plate,7,3,,7,4,,7,24.0,87.2500000000071,,,3,1.0,30.0,62.02164212132918,49.90308735215524,,tomato,4,1.0,30.0
4214,0,1,,0,2,None_cut,4.0,3,0,3,tomato_cut,4.0,3,2,2,plate,2,3,,2,4,plate,2,5,tomato,4,0,tomato,5,0,tomato,6,0,plate,6,3,,6,4,,7,1,plate,7,3,,7,4,,7,24.0,88.0,,,3,1.0,30.0,61.14326554750268,50.792443633154704,,tomato,4,1.0,30.0
4215,0,1,,0,2,None_cut,4.0,3,0,3,tomato_cut,4.0,3,2,2,plate,2,3,,2,4,plate,2,5,,4,0,tomato,5,0,tomato,6,0,plate,6,3,,6,4,,7,1,plate,7,3,,7,4,,7,24.0,88.0,,tomato,3,1.0,30.0,60.26488897367618,51.68179991415417,,tomato,4,1.0,30.0
4216,0,1,,0,2,None_cut,4.0,3,0,3,tomato_cut,4.0,3,2,2,plate,2,3,,2,4,plate,2,5,,4,0,tomato,5,0,tomato,6,0,plate,6,3,,6,4,,7,1,plate,7,3,,7,4,,7,24.0,88.0,,tomato,3,1.0,30.0,59.38651239984968,52.57115619515362,,tomato,4,1.0,30.0
4217,0,1,,0,2,None_cut,4.0,3,0,3,tomato_cut,4.0,3,2,2,plate,2,3,,2,4,plate,2,5,,4,0,tomato,5,0,tomato,6,0,plate,6,3,,6,4,,7,1,plate,7,3,,7,4,,7,24.0,88.0,,tomato,3,1.0,30.0,58.50813582602318,53.46051247615258,,tomato,4,1.0,30.0
4218,0,1,,0,2,None_cut,4.0,3,0,3,tomato_cut,4.0,3,2,2,plate,2,3,,2,4,plate,2,5,,4,0,tomato,5,0,tomato,6,0,plate,6,3,,6,4,,7,1,plate,7,3,,7,4,,7,24.0,88.0,,tomato,3,1.0,30.0,57.62975925219668,54.34986875715155,,tomato,4,1.0,30.0
4219,0,1,,0,2,None_cut,4.0,3,0,3,tomato_cut,4.0,3,2,2,plate,2,3,,2,4,plate,2,5,,4,0,tomato,5,0,tomato,6,0,plate,6,3,,6,4,,7,1,plate,7,3,,7,4,,7,24.0,88.0,,tomato,3,1.0,30.0,56.75138267837018,55.23922503815051,,tomato,4,1.0,30.0
4220,0,1,,0,2,None_cut,4.0,3,0,3,tomato_cut,4.0,3,2,2,plate,2,3,,2,4,plate,2,5,,4,0,tomato,5,0,tomato,6,0,plate,6,3,,6,4,,7,1,plate,7,3,,7,4,,7,24.0,88.0,,tomato,3,1.0,30.0,56.0,56.0,,tomato,4,1.0,30.0
4221,0,1,,0,2,None_cut,4.0,3,0,3,tomato_cut,4.0,3,2,2,plate,2,3,tomato,2,4,plate,2,5,,4,0,tomato,5,0,tomato,6,0,plate,6,3,,6,4,,7,1,plate,7,3,,7,4,,7,24.0,88.0,,tomato,3,1.0,30.0,56.0,56.0,,,4,1.0,30.0
4222,0,1,,0,2,None_cut,4.0,3,0,3,tomato_cut,4.0,3,2,2,plate,2,3,tomato,2,4,plate,2,5,,4,0,tomato,5,0,tomato,6,0,plate,6,3,,6,4,,7,1,plate,7,3,,7,4,,7,24.0,88.0,,tomato,3,1.0,30.0,56.0,56.0,,,4,1.0,30.0
4223,0,1,,0,2,None_cut,4.0,3,0,3,tomato_cut,4.0,3,2,2,plate,2,3,tomato,2,4,plate,2,5,,4,0,tomato,5,0,tomato,6,0,plate,6,3,,6,4,,7,1,plate,7,3,,7,4,,7,24.0,88.0,,tomato,3,1.0,30.0,56.0,56.0,,,4,1.0,30.0
4224,0,1,,0,2,None_cut,4.0,3,0,3,tomato_cut,4.0,3,2,2,plate,2,3,tomato,2,4,plate,2,5,,4,0,tomato,5,0,tomato,6,0,plate,6,3,,6,4,,7,1,plate,7,3,,7,4,,7,24.0,88.0,,tomato,3,1.0,30.0,56.0,56.0,,,4,1.0,30.0
4225,0,1,,0,2,None_cut,4.0,3,0,3,tomato_cut,4.0,3,2,2,plate,2,3,tomato,2,4,plate,2,5,,4,0,tomato,5,0,tomato,6,0,plate,6,3,,6,4,,7,1,plate,7,3,,7,4,,7,24.0,88.0,,tomato,3,1.0,30.0,56.0,56.0,,,4,1.0,30.0
4226,0,1,,0,2,None_cut,4.0,3,0,3,tomato_cut,4.0,3,2,2,plate,2,3,tomato,2,4,plate,2,5,,4,0,tomato,5,0,tomato,6,0,plate,6,3,,6,4,,7,1,plate,7,3,,7,4,,7,24.0,88.0,,tomato,3,1.0,30.0,56.0,56.0,,,4,1.0,30.0
4227,0,1,,0,2,None_cut,4.0,3,0,3,tomato_cut,4.0,3,2,2,plate,2,3,tomato,2,4,plate,2,5,,4,0,tomato,5,0,tomato,6,0,plate,6,3,,6,4,,7,1,plate,7,3,,7,4,,7,24.0,88.0,,tomato,3,1.0,30.0,56.0,56.0,,,4,1.0,30.0
4228,0,1,,0,2,None_cut,4.0,3,0,3,tomato_cut,4.0,3,2,2,plate,2,3,tomato,2,4,plate,2,5,,4,0,tomato,5,0,tomato,6,0,plate,6,3,,6,4,,7,1,plate,7,3,,7,4,,7,24.0,88.0,,tomato,3,1.0,30.0,56.0,56.0,,,4,1.0,30.0
4229,0,1,,0,2,None_cut,4.0,3,0,3,tomato_cut,4.0,3,2,2,plate,2,3,tomato,2,4,plate,2,5,,4,0,tomato,5,0,tomato,6,0,plate,6,3,,6,4,,7,1,plate,7,3,,7,4,,7,24.0,88.0,,tomato,3,1.0,30.0,56.0,56.0,,,4,1.0,30.0
4230,0,1,,0,2,None_cut,4.0,3,0,3,tomato_cut,4.0,3,2,2,plate,2,3,tomato,2,4,plate,2,5,,4,0,tomato,5,0,tomato,6,0,plate,6,3,,6,4,,7,1,plate,7,3,,7,4,,7,24.0,88.0,,tomato,3,1.0,30.0,56.0,56.0,,,4,1.0,30.0
4231,0,1,,0,2,None_cut,4.0,3,0,3,tomato_cut,4.0,3,2,2,plate,2,3,tomato,2,4,plate,2,5,,4,0,tomato,5,0,tomato,6,0,plate,6,3,,6,4,,7,1,plate,7,3,,7,4,,7,24.0,88.0,,tomato,3,1.0,30.0,56.0,56.0,,,4,1.0,30.0
4232,0,1,,0,2,None_cut,4.0,3,0,3,tomato_cut,4.0,3,2,2,plate,2,3,tomato,2,4,plate,2,5,,4,0,tomato,5,0,tomato,6,0,plate,6,3,,6,4,,7,1,plate,7,3,,7,4,,7,24.0,88.0,,tomato,3,1.0,30.0,56.0,56.0,,,4,1.0,30.0
4233,0,1,,0,2,None_cut,4.0,3,0,3,tomato_cut,4.0,3,2,2,plate,2,3,tomato,2,4,plate,2,5,,4,0,tomato,5,0,tomato,6,0,plate,6,3,,6,4,,7,1,plate,7,3,,7,4,,7,24.0,86.74999999999972,,tomato,3,1.0,30.0,56.0,56.0,,,4,1.0,30.0
4234,0,1,,0,2,None_cut,4.0,3,0,3,tomato_cut,4.0,3,2,2,plate,2,3,tomato,2,4,plate,2,5,,4,0,tomato,5,0,tomato,6,0,plate,6,3,,6,4,,7,1,plate,7,3,,7,4,,7,24.0,85.49999999999943,,tomato,3,1.0,30.0,56.0,56.0,,,4,1.0,30.0
4235,0,1,,0,2,None_cut,4.0,3,0,3,tomato_cut,4.0,3,2,2,plate,2,3,tomato,2,4,plate,2,5,,4,0,tomato,5,0,tomato,6,0,plate,6,3,,6,4,,7,1,plate,7,3,,7,4,,7,24.0,84.24999999999915,,tomato,3,1.0,30.0,56.0,56.0,,,4,1.0,30.0
4236,0,1,,0,2,None_cut,4.0,3,0,3,tomato_cut,4.0,3,2,2,plate,2,3,tomato,2,4,plate,2,5,,4,0,tomato,5,0,tomato,6,0,plate,6,3,,6,4,,7,1,plate,7,3,,7,4,,7,24.0,82.99999999999886,,tomato,3,1.0,30.0,56.0,56.0,,,4,1.0,30.0
4237,0,1,,0,2,None_cut,4.0,3,0,3,tomato_cut,4.0,3,2,2,plate,2,3,tomato,2,4,plate,2,5,,4,0,tomato,5,0,tomato,6,0,plate,6,3,,6,4,,7,1,plate,7,3,,7,4,,7,24.0,81.74999999999858,,tomato,3,1.0,30.0,56.0,56.0,,,4,1.0,30.0
4238,0,1,,0,2,None_cut,4.0,3,0,3,tomato_cut,4.0,3,2,2,plate,2,3,tomato,2,4,plate,2,5,,4,0,tomato,5,0,tomato,6,0,plate,6,3,,6,4,,7,1,plate,7,3,,7,4,,7,24.0,80.4999999999983,,tomato,3,1.0,30.0,56.0,56.0,,,4,1.0,30.0
4239,0,1,,0,2,None_cut,4.0,3,0,3,tomato_cut,4.0,3,2,2,plate,2,3,tomato,2,4,plate,2,5,,4,0,tomato,5,0,tomato,6,0,plate,6,3,,6,4,,7,1,plate,7,3,,7,4,,7,24.0,79.24999999999801,,tomato,3,1.0,30.0,56.0,56.0,,,4,1.0,30.0
4240,0,1,,0,2,None_cut,4.0,3,0,3,tomato_cut,4.0,3,2,2,plate,2,3,tomato,2,4,plate,2,5,,4,0,tomato,5,0,tomato,6,0,plate,6,3,,6,4,,7,1,plate,7,3,,7,4,,7,24.0,77.99999999999773,,tomato,3,1.0,30.0,56.0,56.0,,,4,1.0,30.0
4241,0,1,,0,2,None_cut,4.0,3,0,3,tomato_cut,4.0,3,2,2,plate,2,3,tomato,2,4,plate,2,5,,4,0,tomato,5,0,tomato,6,0,plate,6,3,,6,4,,7,1,plate,7,3,,7,4,,7,24.0,76.74999999999744,,tomato,3,1.0,30.0,56.0,56.0,,,4,1.0,30.0
4242,0,1,,0,2,None_cut,4.0,3,0,3,tomato_cut,4.0,3,2,2,plate,2,3,tomato,2,4,plate,2,5,,4,0,tomato,5,0,tomato,6,0,plate,6,3,,6,4,,7,1,plate,7,3,,7,4,,7,24.0,75.49999999999716,,tomato,3,1.0,30.0,56.0,56.0,,,4,1.0,30.0
4243,0,1,,0,2,None_cut,4.0,3,0,3,tomato_cut,4.0,3,2,2,plate,2,3,tomato,2,4,plate,2,5,,4,0,tomato,5,0,tomato,6,0,plate,6,3,,6,4,,7,1,plate,7,3,,7,4,,7,24.0,74.24999999999687,,tomato,3,1.0,30.0,56.0,56.0,,,4,1.0,30.0
4244,0,1,,0,2,None_cut,4.0,3,0,3,tomato_cut,4.0,3,2,2,plate,2,3,tomato,2,4,plate,2,5,,4,0,tomato,5,0,tomato,6,0,plate,6,3,,6,4,,7,1,plate,7,3,,7,4,,7,24.0,72.99999999999659,,tomato,3,1.0,30.0,56.0,56.0,,,4,1.0,30.0
4245,0,1,,0,2,None_cut,4.0,3,0,3,tomato_cut,4.0,3,2,2,plate,2,3,tomato,2,4,plate,2,5,,4,0,tomato,5,0,tomato,6,0,plate,6,3,,6,4,,7,1,plate,7,3,,7,4,,7,24.0,71.7499999999963,,tomato,3,1.0,30.0,56.0,56.0,,,4,1.0,30.0
4246,0,1,,0,2,None_cut,4.0,3,0,3,tomato_cut,4.0,3,2,2,plate,2,3,tomato,2,4,plate,2,5,,4,0,tomato,5,0,tomato,6,0,plate,6,3,,6,4,,7,1,plate,7,3,,7,4,,7,24.0,70.49999999999602,,tomato,3,1.0,30.0,56.0,56.0,,,4,1.0,30.0
4247,0,1,,0,2,None_cut,4.0,3,0,3,tomato_cut,4.0,3,2,2,plate,2,3,tomato,2,4,plate,2,5,,4,0,tomato,5,0,tomato,6,0,plate,6,3,,6,4,,7,1,plate,7,3,,7,4,,7,24.0,69.24999999999574,,tomato,3,1.0,30.0,56.0,56.0,,,4,1.0,30.0
4248,0,1,,0,2,None_cut,4.0,3,0,3,tomato_cut,4.0,3,2,2,plate,2,3,tomato,2,4,plate,2,5,,4,0,tomato,5,0,tomato,6,0,plate,6,3,,6,4,,7,1,plate,7,3,,7,4,,7,24.0,67.99999999999545,,tomato,3,1.0,30.0,56.0,56.0,,,4,1.0,30.0
4249,0,1,,0,2,None_cut,4.0,3,0,3,tomato_cut,4.0,3,2,2,plate,2,3,tomato,2,4,plate,2,5,,4,0,tomato,5,0,tomato,6,0,plate,6,3,,6,4,,7,1,plate,7,3,,7,4,,7,24.0,66.74999999999517,,tomato,3,1.0,30.0,56.0,56.0,,,4,1.0,30.0
4250,0,1,,0,2,None_cut,4.0,3,0,3,tomato_cut,4.0,3,2,2,plate,2,3,tomato,2,4,plate,2,5,,4,0,tomato,5,0,tomato,6,0,plate,6,3,,6,4,,7,1,plate,7,3,,7,4,,7,24.0,65.49999999999488,,tomato,3,1.0,30.0,56.0,56.0,,,4,1.0,30.0
4251,0,1,,0,2,None_cut,4.0,3,0,3,tomato_cut,4.0,3,2,2,plate,2,3,tomato,2,4,plate,2,5,,4,0,tomato,5,0,tomato,6,0,plate,6,3,,6,4,,7,1,plate,7,3,,7,4,,7,24.0,64.2499999999946,,tomato,3,1.0,30.0,56.88388347648305,55.11611652351695,,,4,1.0,30.0
4252,0,1,,0,2,None_cut,4.0,3,0,3,tomato_cut,4.0,3,2,2,plate,2,3,tomato,2,4,plate,2,5,,4,0,tomato,5,0,tomato,6,0,plate,6,3,,6,4,,7,1,plate,7,3,,7,4,,7,24.0,62.999999999994316,,tomato,3,1.0,30.0,57.7677669529661,54.2322330470339,,,4,1.0,30.0
4253,0,1,,0,2,None_cut,4.0,3,0,3,tomato_cut,4.0,3,2,2,plate,2,3,tomato,2,4,plate,2,5,,4,0,tomato,5,0,tomato,6,0,plate,6,3,,6,4,,7,1,plate,7,3,,7,4,,7,24.0,61.74999999999403,,tomato,3,1.0,30.0,58.65165042944915,53.34834957055085,,,4,1.0,30.0
4254,0,1,,0,2,None_cut,4.0,3,0,3,tomato_cut,4.0,3,2,2,plate,2,3,tomato,2,4,plate,2,5,,4,0,tomato,5,0,tomato,6,0,plate,6,3,,6,4,,7,1,plate,7,3,,7,4,,7,24.0,60.49999999999375,,tomato,3,1.0,30.0,59.5355339059322,52.4644660940678,,,4,1.0,30.0
4255,0,1,,0,2,None_cut,4.0,3,0,3,tomato_cut,4.0,3,2,2,plate,2,3,tomato,2,4,plate,2,5,,4,0,tomato,5,0,tomato,6,0,plate,6,3,,6,4,,7,1,plate,7,3,,7,4,,7,24.0,59.24999999999346,,tomato,3,1.0,30.0,60.41941738241525,51.58058261758475,,,4,1.0,30.0
4256,0,1,,0,2,None_cut,4.0,3,0,3,tomato_cut,4.0,3,2,2,plate,2,3,tomato,2,4,plate,2,5,,4,0,tomato,5,0,tomato,6,0,plate,6,3,,6,4,,7,1,plate,7,3,,7,4,,7,24.0,57.99999999999318,,tomato,3,1.0,30.0,61.3033008588983,50.6966991411017,,,4,1.0,30.0
4257,0,1,,0,2,None_cut,4.0,3,0,3,tomato_cut,4.0,3,2,2,plate,2,3,tomato,2,4,plate,2,5,,4,0,tomato,5,0,tomato,6,0,plate,6,3,,6,4,,7,1,plate,7,3,,7,4,,7,24.0,56.749999999992895,,tomato,3,1.0,30.0,62.187184335381346,49.812815664618654,,,4,1.0,30.0
4258,0,1,,0,2,None_cut,4.0,3,0,3,tomato_cut,4.0,3,2,2,plate,2,3,tomato,2,4,plate,2,5,,4,0,tomato,5,0,tomato,6,0,plate,6,3,,6,4,,7,1,plate,7,3,,7,4,,7,24.0,55.49999999999261,,tomato,3,1.0,30.0,63.071067811864395,48.928932188135605,,,4,1.0,30.0
4259,0,1,,0,2,None_cut,4.0,3,0,3,tomato_cut,4.0,3,2,2,plate,2,3,tomato,2,4,plate,2,5,,4,0,tomato,5,0,tomato,6,0,plate,6,3,,6,4,,7,1,plate,7,3,,7,4,,7,24.0,54.249999999992326,,tomato,3,1.0,30.0,63.954951288347445,48.045048711652555,,,4,1.0,30.0
4260,0,1,,0,2,None_cut,4.0,3,0,3,tomato_cut,4.0,3,2,2,plate,2,3,tomato,2,4,plate,2,5,,4,0,tomato,5,0,tomato,6,0,plate,6,3,,6,4,,7,1,plate,7,3,,7,4,,7,24.0,52.99999999999204,,tomato,3,1.0,30.0,64.8388347648305,47.161165235169506,,,4,1.0,30.0
4261,0,1,,0,2,None_cut,4.0,3,0,3,tomato_cut,4.0,3,2,2,plate,2,3,tomato,2,4,plate,2,5,,4,0,tomato,5,0,tomato,6,0,plate,6,3,,6,4,,7,1,plate,7,3,,7,4,,7,24.0,51.74999999999176,,tomato,3,1.0,30.0,65.72271824131354,46.277281758686456,,,4,1.0,30.0
4262,0,1,,0,2,None_cut,4.0,3,0,3,tomato_cut,4.0,3,2,2,plate,2,3,tomato,2,4,plate,2,5,,4,0,tomato,5,0,tomato,6,0,plate,6,3,,6,4,,7,1,plate,7,3,,7,4,,7,24.0,50.49999999999147,,tomato,3,1.0,30.0,66.6066017177966,45.39339828220341,,,4,1.0,30.0
4263,0,1,,0,2,None_cut,4.0,3,0,3,tomato_cut,4.0,3,2,2,plate,2,3,tomato,2,4,plate,2,5,,4,0,tomato,5,0,tomato,6,0,plate,6,3,,6,4,,7,1,plate,7,3,,7,4,,7,24.0,49.24999999999119,,tomato,3,1.0,30.0,67.49048519427964,44.50951480572036,,,4,1.0,30.0
4264,0,1,,0,2,None_cut,4.0,3,0,3,tomato_cut,4.0,3,2,2,plate,2,3,tomato,2,4,plate,2,5,,4,0,tomato,5,0,tomato,6,0,plate,6,3,,6,4,,7,1,plate,7,3,,7,4,,7,24.0,47.999999999990905,,tomato,3,1.0,30.0,68.37436867076269,43.62563132923731,,,4,1.0,30.0
4265,0,1,,0,2,None_cut,4.0,3,0,3,tomato_cut,4.0,3,2,2,plate,2,3,tomato,2,4,plate,2,5,,4,0,tomato,5,0,tomato,6,0,plate,6,3,,6,4,,7,1,plate,7,3,,7,4,,7,24.0,46.74999999999062,,tomato,3,1.0,30.0,69.25825214724574,42.74174785275426,,,4,1.0,30.0
4266,0,1,,0,2,None_cut,4.0,3,0,3,tomato_cut,4.0,3,2,2,plate,2,3,tomato,2,4,plate,2,5,,4,0,tomato,5,0,tomato,6,0,plate,6,3,,6,4,,7,1,plate,7,3,,7,4,,7,24.0,45.49999999999034,,tomato,3,1.0,30.0,70.14213562372879,41.85786437627121,,,4,1.0,30.0
4267,0,1,,0,2,None_cut,4.0,3,0,3,tomato_cut,4.0,3,2,2,plate,2,3,tomato,2,4,plate,2,5,,4,0,tomato,5,0,tomato,6,0,plate,6,3,,6,4,,7,1,plate,7,3,,7,4,,7,24.0,44.24999999999005,,tomato,3,1.0,30.0,71.02601910021184,40.97398089978816,,,4,1.0,30.0
4268,0,1,,0,2,None_cut,4.0,3,0,3,tomato_cut,4.0,3,2,2,plate,2,3,tomato,2,4,plate,2,5,,4,0,tomato,5,0,tomato,6,0,plate,6,3,,6,4,,7,1,plate,7,3,,7,4,,7,24.0,42.99999999998977,,tomato,3,1.0,30.0,71.95382555869026,40.19434681531624,,,4,1.0,30.0
4269,0,1,,0,2,None_cut,4.0,3,0,3,tomato_cut,4.0,3,2,2,plate,2,3,tomato,2,4,plate,2,5,,4,0,tomato,5,0,tomato,6,0,plate,6,3,,6,4,,7,1,plate,7,3,,7,4,,7,24.0,41.749999999989484,,tomato,3,1.0,30.0,73.20373388513468,40.179208272259245,,,4,1.0,30.0
4270,0,1,,0,2,None_cut,4.0,3,0,3,tomato_cut,4.0,3,2,2,plate,2,3,tomato,2,4,plate,2,5,,4,0,tomato,5,0,tomato,6,0,plate,6,3,,6,4,,7,1,plate,7,3,,7,4,,7,24.0,40.4999999999892,,tomato,3,1.0,30.0,74.45364221157911,40.164069729202254,,,4,1.0,30.0
4271,0,1,,0,2,None_cut,4.0,3,0,3,tomato_cut,4.0,3,2,2,plate,2,3,tomato,2,4,plate,2,5,,4,0,tomato,5,0,tomato,6,0,plate,6,3,,6,4,,7,1,plate,7,3,,7,4,,7,24.0,40.0,,tomato,3,1.0,30.0,75.70355053802353,40.14893118614526,,,4,1.0,30.0
4272,0,1,,0,2,tomato,0.0,0,0,3,tomato_cut,4.0,3,2,2,plate,2,3,tomato,2,4,plate,2,5,,4,0,tomato,5,0,tomato,6,0,plate,6,3,,6,4,,7,1,plate,7,3,,7,4,,7,24.0,40.0,,,3,1.0,30.0,76.95345886446796,40.13379264308827,,,4,1.0,30.0
4273,0,1,,0,2,tomato,0.041666666666666664,0,0,3,tomato_cut,4.0,3,2,2,plate,2,3,tomato,2,4,plate,2,5,,4,0,tomato,5,0,tomato,6,0,plate,6,3,,6,4,,7,1,plate,7,3,,7,4,,7,24.0,40.0,,,3,1.0,30.0,78.20336719091239,40.11865410003128,,,4,1.0,30.0
4274,0,1,,0,2,tomato,0.08333333333333333,0,0,3,tomato_cut,4.0,3,2,2,plate,2,3,tomato,2,4,plate,2,5,,4,0,tomato,5,0,tomato,6,0,plate,6,3,,6,4,,7,1,plate,7,3,,7,4,,7,24.0,40.0,,,3,1.0,30.0,79.45327551735681,40.10351555697429,,,4,1.0,30.0
4275,0,1,,0,2,tomato,0.125,0,0,3,tomato_cut,4.0,3,2,2,plate,2,3,tomato,2,4,plate,2,5,,4,0,tomato,5,0,tomato,6,0,plate,6,3,,6,4,,7,1,plate,7,3,,7,4,,7,24.0,40.0,,,3,1.0,30.0,80.70318384380124,40.088377013917295,,,4,1.0,30.0
4276,0,1,,0,2,tomato,0.16666666666666666,0,0,3,tomato_cut,4.0,3,2,2,plate,2,3,tomato,2,4,plate,2,5,,4,0,tomato,5,0,tomato,6,0,plate,6,3,,6,4,,7,1,plate,7,3,,7,4,,7,24.0,40.0,,,3,1.0,30.0,81.95309217024567,40.0732384708603,,,4,1.0,30.0
4277,0,1,,0,2,tomato,0.20833333333333331,0,0,3,tomato_cut,4.0,3,2,2,plate,2,3,tomato,2,4,plate,2,5,,4,0,tomato,5,0,tomato,6,0,plate,6,3,,6,4,,7,1,plate,7,3,,7,4,,7,24.0,40.0,,,3,1.0,30.0,83.2030004966901,40.05809992780313,,,4,1.0,30.0
4278,0,1,,0,2,tomato,0.24999999999999997,0,0,3,tomato_cut,4.0,3,2,2,plate,2,3,tomato,2,4,plate,2,5,,4,0,tomato,5,0,tomato,6,0,plate,6,3,,6,4,,7,1,plate,7,3,,7,4,,7,24.0,40.0,,,3,1.0,30.0,84.45290882313452,40.04296138474578,,,4,1.0,30.0
4279,0,1,,0,2,tomato,0.29166666666666663,0,0,3,tomato_cut,4.0,3,2,2,plate,2,3,tomato,2,4,plate,2,5,,4,0,tomato,5,0,tomato,6,0,plate,6,3,,6,4,,7,1,plate,7,3,,7,4,,7,24.0,40.0,,,3,1.0,30.0,85.70281714957895,40.027822841688426,,,4,1.0,30.0
4280,0,1,,0,2,tomato,0.3333333333333333,0,0,3,tomato_cut,4.0,3,2,2,plate,2,3,tomato,2,4,plate,2,5,,4,0,tomato,5,0,tomato,6,0,plate,6,3,,6,4,,7,1,plate,7,3,,7,4,,7,24.0,40.0,,,3,1.0,30.0,86.95272547602337,40.01268429863107,,,4,1.0,30.0
4281,0,1,,0,2,tomato,0.375,0,0,3,tomato_cut,4.0,3,2,2,plate,2,3,tomato,2,4,plate,2,5,,4,0,tomato,5,0,tomato,6,0,plate,6,3,,6,4,,7,1,plate,7,3,,7,4,,7,24.0,40.0,,,3,1.0,30.0,88.08721304983902,39.72126494341936,,,4,1.0,30.0
4282,0,1,,0,2,tomato,0.4166666666666667,0,0,3,tomato_cut,4.0,3,2,2,plate,2,3,tomato,2,4,plate,2,5,,4,0,tomato,5,0,tomato,6,0,plate,6,3,,6,4,,7,1,plate,7,3,,7,4,,7,24.0,40.0,,,3,1.0,30.0,88.97643152431851,38.84274886237961,,,4,1.0,30.0
4283,0,1,,0,2,tomato,0.45833333333333337,0,0,3,tomato_cut,4.0,3,2,2,plate,2,3,tomato,2,4,plate,2,5,,4,0,tomato,5,0,tomato,6,0,plate,6,3,,6,4,,7,1,plate,7,3,,7,4,,7,24.0,40.0,,,3,1.0,30.0,89.865649998798,37.96423278133986,,,4,1.0,30.0
4284,0,1,,0,2,tomato,0.5,0,0,3,tomato_cut,4.0,3,2,2,plate,2,3,tomato,2,4,plate,2,5,,4,0,tomato,5,0,tomato,6,0,plate,6,3,,6,4,,7,1,plate,7,3,,7,4,,7,24.0,40.0,,,3,1.0,30.0,90.7548684732775,37.08571670030011,,,4,1.0,30.0
4285,0,1,,0,2,tomato,0.5416666666666666,0,0,3,tomato_cut,4.0,3,2,2,plate,2,3,tomato,2,4,plate,2,5,,4,0,tomato,5,0,tomato,6,0,plate,6,3,,6,4,,7,1,plate,7,3,,7,4,,7,24.0,40.0,,,3,1.0,30.0,91.64408694775699,36.20720061926036,,,4,1.0,30.0
4286,0,1,,0,2,tomato,0.5833333333333333,0,0,3,tomato_cut,4.0,3,2,2,plate,2,3,tomato,2,4,plate,2,5,,4,0,tomato,5,0,tomato,6,0,plate,6,3,,6,4,,7,1,plate,7,3,,7,4,,7,24.0,40.0,,,3,1.0,30.0,92.53330542223648,35.328684538220614,,,4,1.0,30.0
4287,0,1,,0,2,tomato,0.6249999999999999,0,0,3,tomato_cut,4.0,3,2,2,plate,2,3,tomato,2,4,plate,2,5,,4,0,tomato,5,0,tomato,6,0,plate,6,3,,6,4,,7,1,plate,7,3,,7,4,,7,24.0,40.0,,,3,1.0,30.0,93.42252389671597,34.450168457180865,,,4,1.0,30.0
4288,0,1,,0,2,tomato,0.6666666666666665,0,0,3,tomato_cut,4.0,3,2,2,plate,2,3,tomato,2,4,plate,2,5,,4,0,tomato,5,0,tomato,6,0,plate,6,3,,6,4,,7,1,plate,7,3,,7,4,,7,24.0,40.0,,,3,1.0,30.0,94.31174237119546,33.57165237614112,,,4,1.0,30.0
4289,0,1,,0,2,tomato,0.7083333333333331,0,0,3,tomato_cut,4.0,3,2,2,plate,2,3,tomato,2,4,plate,2,5,,4,0,tomato,5,0,tomato,6,0,plate,6,3,,6,4,,7,1,plate,7,3,,7,4,,7,24.0,40.0,,,3,1.0,30.0,95.20096084567496,32.69313629510137,,,4,1.0,30.0
4290,0,1,,0,2,tomato,0.7499999999999998,0,0,3,tomato_cut,4.0,3,2,2,plate,2,3,tomato,2,4,plate,2,5,,4,0,tomato,5,0,tomato,6,0,plate,6,3,,6,4,,7,1,plate,7,3,,7,4,,7,24.0,40.0,,,3,1.0,30.0,96.09017932015445,31.814620214061698,,,4,1.0,30.0
4291,0,1,,0,2,tomato,0.7916666666666664,0,0,3,tomato_cut,4.0,3,2,2,plate,2,3,tomato,2,4,plate,2,5,,4,0,tomato,5,0,tomato,6,0,plate,6,3,,6,4,,7,1,plate,7,3,,7,4,,7,24.0,40.0,,,3,1.0,30.0,96.97939779463394,30.936104133022305,,,4,1.0,30.0
4292,0,1,,0,2,tomato,0.833333333333333,0,0,3,tomato_cut,4.0,3,2,2,plate,2,3,tomato,2,4,plate,2,5,,4,0,tomato,5,0,tomato,6,0,plate,6,3,,6,4,,7,1,plate,7,3,,7,4,,7,24.0,40.0,,,3,1.0,30.0,97.86861626911343,30.05758805198291,,,4,1.0,30.0
4293,0,1,,0,2,tomato,0.8749999999999997,0,0,3,tomato_cut,4.0,3,2,2,plate,2,3,tomato,2,4,plate,2,5,,4,0,tomato,5,0,tomato,6,0,plate,6,3,,6,4,,7,1,plate,7,3,,7,4,,7,24.0,40.0,,,3,1.0,30.0,98.75783474359292,29.179071970943518,,,4,1.0,30.0
4294,0,1,,0,2,tomato,0.9166666666666663,0,0,3,tomato_cut,4.0,3,2,2,plate,2,3,tomato,2,4,plate,2,5,,4,0,tomato,5,0,tomato,6,0,plate,6,3,,6,4,,7,1,plate,7,3,,7,4,,7,24.0,40.0,,,3,1.0,30.0,97.87653938589227,30.06553600997386,,,4,1.0,30.0
4295,0,1,,0,2,tomato,0.9583333333333329,0,0,3,tomato_cut,4.0,3,2,2,plate,2,3,tomato,2,4,plate,2,5,,4,0,tomato,5,0,tomato,6,0,plate,6,3,,6,4,,7,1,plate,7,3,,7,4,,7,24.0,40.0,,,3,1.0,30.0,96.99524402819162,30.952000049004205,,,4,1.0,30.0
4296,0,1,,0,2,tomato,0.9999999999999996,0,0,3,tomato_cut,4.0,3,2,2,plate,2,3,tomato,2,4,plate,2,5,,4,0,tomato,5,0,tomato,6,0,plate,6,3,,6,4,,7,1,plate,7,3,,7,4,,7,24.0,40.0,,,3,1.0,30.0,96.11394867049053,31.83846408803455,,,4,1.0,30.0
4297,0,1,,0,2,tomato,1.0416666666666663,1,0,3,tomato_cut,4.0,3,2,2,plate,2,3,tomato,2,4,plate,2,5,,4,0,tomato,5,0,tomato,6,0,plate,6,3,,6,4,,7,1,plate,7,3,,7,4,,7,24.0,40.0,,,3,1.0,30.0,95.23265331278891,32.72492812706518,,,4,1.0,30.0
4298,0,1,,0,2,tomato,1.083333333333333,1,0,3,tomato_cut,4.0,3,2,2,plate,2,3,tomato,2,4,plate,2,5,,4,0,tomato,5,0,tomato,6,0,plate,6,3,,6,4,,7,1,plate,7,3,,7,4,,7,24.0,40.0,,,3,1.0,30.0,94.35135795508721,33.61139216609588,,,4,1.0,30.0
4299,0,1,,0,2,tomato,1.1249999999999998,1,0,3,tomato_cut,4.0,3,2,2,plate,2,3,tomato,2,4,plate,2,5,,4,0,tomato,5,0,tomato,6,0,plate,6,3,,6,4,,7,1,plate,7,3,,7,4,,7,24.0,40.0,,,3,1.0,30.0,93.47006259738552,34.49785620512658,,,4,1.0,30.0
4300,0,1,,0,2,tomato,1.1666666666666665,1,0,3,tomato_cut,4.0,3,2,2,plate,2,3,tomato,2,4,plate,2,5,,4,0,tomato,5,0,tomato,6,0,plate,6,3,,6,4,,7,1,plate,7,3,,7,4,,7,24.0,40.0,,,3,1.0,30.0,92.58876723968382,35.38432024415728,,,4,1.0,30.0
4301,0,1,,0,2,tomato,1.2083333333333333,1,0,3,tomato_cut,4.0,3,2,2,plate,2,3,tomato,2,4,plate,2,5,,4,0,tomato,5,0,tomato,6,0,plate,6,3,,6,4,,7,1,plate,7,3,,7,4,,7,24.0,40.0,,,3,1.0,30.0,91.70747188198213,36.27078428318798,,,4,1.0,30.0
4302,0,1,,0,2,tomato,1.25,1,0,3,tomato_cut,4.0,3,2,2,plate,2,3,tomato,2,4,plate,2,5,,4,0,tomato,5,0,tomato,6,0,plate,6,3,,6,4,,7,1,plate,7,3,,7,4,,7,24.0,40.0,,,3,1.0,30.0,90.82617652428044,37.15724832221868,,,4,1.0,30.0
4303,0,1,,0,2,tomato,1.2916666666666667,1,0,3,tomato_cut,4.0,3,2,2,plate,2,3,tomato,2,4,plate,2,5,,4,0,tomato,5,0,tomato,6,0,plate,6,3,,6,4,,7,1,plate,7,3,,7,4,,7,24.0,40.0,,,3,1.0,30.0,89.94488116657875,38.043712361249376,,,4,1.0,30.0
4304,0,1,,0,2,tomato,1.3333333333333335,1,0,3,tomato_cut,4.0,3,2,2,plate,2,3,tomato,2,4,plate,2,5,,4,0,tomato,5,0,tomato,6,0,plate,6,3,,6,4,,7,1,plate,7,3,,7,4,,7,24.0,40.0,,,3,1.0,30.0,89.06358580887705,38.930176400280075,,,4,1.0,30.0
4305,0,1,,0,2,tomato,1.3750000000000002,1,0,3,tomato_cut,4.0,3,2,2,plate,2,3,tomato,2,4,plate,2,5,,4,0,tomato,5,0,tomato,6,0,plate,6,3,,6,4,,7,1,plate,7,3,,7,4,,7,24.0,40.0,,,3,1.0,30.0,88.1909558878839,39.8202749284411,,,4,1.0,30.0
4306,0,1,,0,2,tomato,1.416666666666667,1,0,3,tomato_cut,4.0,3,2,2,plate,2,3,tomato,2,4,plate,2,5,,4,0,tomato,5,0,tomato,6,0,plate,6,3,,6,4,,7,1,plate,7,3,,7,4,,7,24.0,40.0,,,3,1.0,30.0,88.17620420103584,41.07018788050453,,,4,1.0,30.0
4307,0,1,,0,2,tomato,1.4583333333333337,1,0,3,tomato_cut,4.0,3,2,2,plate,2,3,tomato,2,4,plate,2,5,,4,0,tomato,5,0,tomato,6,0,plate,6,3,,6,4,,7,1,plate,7,3,,7,4,,7,24.0,40.0,,,3,1.0,30.0,88.16145251418779,42.32010083256795,,,4,1.0,30.0
4308,0,1,,0,2,tomato,1.5000000000000004,1,0,3,tomato_cut,4.0,3,2,2,plate,2,3,tomato,2,4,plate,2,5,,4,0,tomato,5,0,tomato,6,0,plate,6,3,,6,4,,7,1,plate,7,3,,7,4,,7,24.0,40.0,,,3,1.0,30.0,88.14670082733973,43.57001378463138,,,4,1.0,30.0
4309,0,1,,0,2,tomato,1.5416666666666672,1,0,3,tomato_cut,4.0,3,2,2,plate,2,3,tomato,2,4,plate,2,5,,4,0,tomato,5,0,tomato,6,0,plate,6,3,,6,4,,7,1,plate,7,3,,7,4,,7,24.0,40.0,,,3,1.0,30.0,88.13194914049167,44.8199267366948,,,4,1.0,30.0
4310,0,1,,0,2,tomato,1.583333333333334,1,0,3,tomato_cut,4.0,3,2,2,plate,2,3,tomato,2,4,plate,2,5,,4,0,tomato,5,0,tomato,6,0,plate,6,3,,6,4,,7,1,plate,7,3,,7,4,,7,24.0,40.0,,,3,1.0,30.0,88.11719745364361,46.06983968875823,,,4,1.0,30.0
4311,0,1,,0,2,tomato,1.6250000000000007,1,0,3,tomato_cut,4.0,3,2,2,plate,2,3,tomato,2,4,plate,2,5,,4,0,tomato,5,0,tomato,6,0,plate,6,3,,6,4,,7,1,plate,7,3,,7,4,,7,24.0,40.0,,,3,1.0,30.0,88.10244576679555,47.319752640821655,,,4,1.0,30.0
4312,0,1,,0,2,tomato,1.6666666666666674,1,0,3,tomato_cut,4.0,3,2,2,plate,2,3,tomato,2,4,plate,2,5,,4,0,tomato,5,0,tomato,6,0,plate,6,3,,6,4,,7,1,plate,7,3,,7,4,,7,24.0,40.0,,,3,1.0,30.0,88.0876940799475,48.56966559288508,,,4,1.0,30.0
4313,0,1,,0,2,tomato,1.7083333333333341,1,0,3,tomato_cut,4.0,3,2,2,plate,2,3,tomato,2,4,plate,2,5,,4,0,tomato,5,0,tomato,6,0,plate,6,3,,6,4,,7,1,plate,7,3,,7,4,,7,24.0,40.0,,,3,1.0,30.0,88.0729423930995,49.819578544948506,,,4,1.0,30.0
4314,0,1,,0,2,tomato,1.7500000000000009,1,0,3,tomato_cut,4.0,3,2,2,plate,2,3,tomato,2,4,plate,2,5,,4,0,tomato,5,0,tomato,6,0,plate,6,3,,6,4,,7,1,plate,7,3,,7,4,,7,24.0,40.0,,,3,1.0,30.0,88.05819070625215,51.06949149701193,,,4,1.0,30.0
4315,0,1,,0,2,tomato,1.7916666666666676,1,0,3,tomato_cut,4.0,3,2,2,plate,2,3,tomato,2,4,plate,2,5,,4,0,tomato,5,0,tomato,6,0,plate,6,3,,6,4,,7,1,plate,7,3,,7,4,,7,24.0,40.0,,,3,1.0,30.0,88.0434390194048,52.31940444907536,,,4,1.0,30.0
4316,0,1,,0,2,tomato,1.8333333333333344,1,0,3,tomato_cut,4.0,3,2,2,plate,2,3,tomato,2,4,plate,2,5,,4,0,tomato,5,0,tomato,6,0,plate,6,3,,6,4,,7,1,plate,7,3,,7,4,,7,24.0,40.0,,,3,1.0,30.0,88.02868733255745,53.56931740113878,,,4,1.0,30.0
4317,0,1,,0,2,tomato,1.875000000000001,1,0,3,tomato_cut,4.0,3,2,2,plate,2,3,tomato,2,4,plate,2,5,,4,0,tomato,5,0,tomato,6,0,plate,6,3,,6,4,,7,1,plate,7,3,,7,4,,7,24.0,40.0,,,3,1.0,30.0,88.01393564571009,54.81923035320221,,,4,1.0,30.0
4318,0,1,,0,2,tomato,1.9166666666666679,1,0,3,tomato_cut,4.0,3,2,2,plate,2,3,tomato,2,4,plate,2,5,,4,0,tomato,5,0,tomato,6,0,plate,6,3,,6,4,,7,1,plate,7,3,,7,4,,7,24.0,40.0,,,3,1.0,30.0,87.81777101927855,55.99337531531266,,,4,1.0,30.0
4319,0,1,,0,2,tomato,1.9583333333333346,1,0,3,tomato_cut,4.0,3,2,2,plate,2,3,tomato,2,4,plate,2,5,,4,0,tomato,5,0,tomato,6,0,plate,6,3,,6,4,,7,1,plate,7,3,,7,4,,7,24.0,40.0,,,3,1.0,30.0,86.93914819155407,56.88248831521908,,,4,1.0,30.0
4320,0,1,,0,2,tomato,2.0000000000000013,2,0,3,tomato_cut,4.0,3,2,2,plate,2,3,tomato,2,4,plate,2,5,,4,0,tomato,5,0,tomato,6,0,plate,6,3,,6,4,,7,1,plate,7,3,,7,4,,7,24.0,40.0,,,3,1.0,30.0,86.06052536382958,57.771601315125494,,,4,1.0,30.0
